# lbfgs, lr=0.8, alpha = 1000000, beta = 0.1
# best_iter: 61, best_loss = 0.04105348140001297, imsave period = 10
4.7454938888549805
0.3714931309223175
0.20697715878486633
0.12228528410196304
0.09535571932792664
0.07821579277515411
0.06819495558738708
0.06347379833459854
0.05922959744930267
0.05654563009738922
0.05436857044696808
0.052444688975811005
0.05101213976740837
0.05000472068786621
0.048959165811538696
0.04809532314538956
0.04732326418161392
0.04663030803203583
0.04603610560297966
0.045524027198553085
0.045092370361089706
0.04484271630644798
0.044339194893836975
0.044099967926740646
0.04425293579697609
0.04361097514629364
0.043475888669490814
0.04305334389209747
0.04331405088305473
0.0430203452706337
0.04264175146818161
0.04338633269071579
0.04249279946088791
0.04233067110180855
0.04210702329874039
0.04319734126329422
0.04210304468870163
0.0423600971698761
0.08021864295005798
0.043896500021219254
0.04228837788105011
0.0426398441195488
0.041940368711948395
1.0164697170257568
0.08163342624902725
0.05566329509019852
0.04961743950843811
0.04685108736157417
0.045097168534994125
0.0438334122300148
0.04307884722948074
0.04240201413631439
0.041963621973991394
0.04163946956396103
0.04137040302157402
0.041346192359924316
0.041082993149757385
0.04237503930926323
0.04112812131643295
0.042918551713228226
0.041099391877651215
0.04105348140001297
0.1090376153588295
0.0459899939596653
0.04271654039621353
0.0417221263051033
0.04150014370679855
0.047193191945552826
0.04187227785587311
0.08768946677446365
0.04911976680159569
0.044096145778894424
0.04324715584516525
0.04277729615569115
0.06309451162815094
0.04484400153160095
0.04390144720673561
0.05911945551633835
0.045207828283309937
0.04398566111922264
0.11182591319084167
0.05414736643433571
0.047799304127693176
0.0456124022603035
0.04430043697357178
0.043542373925447464
0.043285347521305084
0.04304571822285652
0.1380130499601364
0.05425112321972847
0.04752105101943016
0.0452377088367939
0.04386717826128006
0.043095577508211136
0.0599684864282608
0.04422720894217491
0.043306928128004074
0.04513147100806236
0.04310673847794533
0.05576680600643158
