# lbfgs, lr=0.8, alpha = 1000000, beta = 0.1
# best_iter: 99, best_loss = 0.09787652641534805, imsave period = 10
6.913926124572754
0.7724449634552002
0.41904211044311523
0.29635658860206604
0.2328532636165619
0.192231684923172
0.17195948958396912
0.1586202085018158
0.14752492308616638
0.14002007246017456
0.13395322859287262
0.1292133331298828
0.12498684227466583
0.12180008739233017
0.11911021173000336
0.11690099537372589
0.11509910970926285
0.11352445185184479
0.11216701567173004
0.11099418252706528
0.10993511229753494
0.10896343737840652
0.10818587243556976
0.10745248198509216
0.10677599906921387
0.10613174736499786
0.10556188225746155
0.10504970699548721
0.10457676649093628
0.10414279997348785
0.10375210642814636
0.10340764373540878
0.10308005660772324
0.10279330611228943
0.1025310754776001
0.10226772725582123
0.10203076153993607
0.10181139409542084
0.1016174703836441
0.10142777115106583
0.10124177485704422
0.10108272731304169
0.10093393921852112
0.1007843092083931
0.100649893283844
0.10052543133497238
0.10040417313575745
0.10028304159641266
0.10018429160118103
0.10007797926664352
0.09998206794261932
0.0998910665512085
0.09980427473783493
0.0997215285897255
0.09964455664157867
0.09956987202167511
0.09949775040149689
0.09942992776632309
0.09936277568340302
0.09930044412612915
0.09923738986253738
0.09917935729026794
0.09912306070327759
0.09906744956970215
0.09901481121778488
0.09896370768547058
0.09891404211521149
0.09886737912893295
0.09882117807865143
0.0987759530544281
0.09873246401548386
0.09869012981653214
0.09864923357963562
0.09860934317111969
0.09856964647769928
0.09853151440620422
0.09849528968334198
0.09845951944589615
0.09842580556869507
0.09839183837175369
0.09835929423570633
0.09832741320133209
0.09829685837030411
0.09826690703630447
0.0982380136847496
0.09820909798145294
0.09818045049905777
0.09815333038568497
0.09812699258327484
0.09810150414705276
0.09807675331830978
0.09805211424827576
0.09802865982055664
0.09800605475902557
0.09798356890678406
0.09796123206615448
0.0979394018650055
0.09791816025972366
0.09789717942476273
0.09787652641534805
