# lbfgs, lr=0.8, alpha = 1000000, beta = 0.1
# best_iter: 99, best_loss = 0.07945364713668823, imsave period = 10
15.83660888671875
1.4404958486557007
0.7360374331474304
0.35458099842071533
0.18030668795108795
0.12666161358356476
0.10682910680770874
0.0972248911857605
0.09235788136720657
0.08853649348020554
0.08635739237070084
0.08481987565755844
0.08372803032398224
0.08293493837118149
0.08240538835525513
0.08201800286769867
0.08173050731420517
0.08150067180395126
0.08131606131792068
0.0811619907617569
0.08103256672620773
0.08092273771762848
0.0808289647102356
0.08074769377708435
0.08067513257265091
0.08061130344867706
0.08055459707975388
0.08050335943698883
0.08045739680528641
0.08041582256555557
0.08037738502025604
0.08034181594848633
0.0803086906671524
0.08027784526348114
0.08024882525205612
0.0802217349410057
0.08019594848155975
0.08017168194055557
0.08014858514070511
0.08012671023607254
0.08010618388652802
0.08008672297000885
0.08006779104471207
0.08004944771528244
0.08003197610378265
0.08001504093408585
0.07999865710735321
0.07998260855674744
0.07996686547994614
0.07995160669088364
0.07993662357330322
0.07992218434810638
0.07990800589323044
0.07989412546157837
0.07988069206476212
0.07986731827259064
0.07985447347164154
0.0798419862985611
0.07982959598302841
0.07981768250465393
0.07980597764253616
0.07979444414377213
0.07978319376707077
0.07977201789617538
0.07976116240024567
0.07975045591592789
0.07973992079496384
0.07972964644432068
0.07971949130296707
0.07970938831567764
0.07969940453767776
0.079689621925354
0.079679936170578
0.07967030256986618
0.07966073602437973
0.07965144515037537
0.07964199036359787
0.0796327069401741
0.07962364703416824
0.07961459457874298
0.07960568368434906
0.07959696650505066
0.07958844304084778
0.07957998663187027
0.07957176864147186
0.07956356555223465
0.07955529540777206
0.07954725623130798
0.07953917235136032
0.07953106611967087
0.07952293753623962
0.0795150175690651
0.07950714975595474
0.07949930429458618
0.07949168980121613
0.07948385179042816
0.0794762596487999
0.0794687569141388
0.07946116477251053
0.07945364713668823
