# lbfgs, lr=0.8, alpha = 1000000, beta = 0.1
# best_iter: 99, best_loss = 0.1406303197145462, imsave period = 10
9.942192077636719
0.9063583016395569
0.43588900566101074
0.2893346846103668
0.23685339093208313
0.20916593074798584
0.19263160228729248
0.18248555064201355
0.17450128495693207
0.16834542155265808
0.16360348463058472
0.1596308946609497
0.1564975082874298
0.1539282649755478
0.15191709995269775
0.15027666091918945
0.14904643595218658
0.1480923742055893
0.14735010266304016
0.1467747539281845
0.14631424844264984
0.14593860507011414
0.14562344551086426
0.1453561931848526
0.1451166719198227
0.14490951597690582
0.14472174644470215
0.14455333352088928
0.14439517259597778
0.14425036311149597
0.14411434531211853
0.14398494362831116
0.1438634693622589
0.14374946057796478
0.14363962411880493
0.14353671669960022
0.14343620836734772
0.14333924651145935
0.14324736595153809
0.14315834641456604
0.14307273924350739
0.1429900825023651
0.14291106164455414
0.14283451437950134
0.14275972545146942
0.1426880955696106
0.14261871576309204
0.14255206286907196
0.14248627424240112
0.14242304861545563
0.14236097037792206
0.14230099320411682
0.14224226772785187
0.14218378067016602
0.14212872087955475
0.1420752853155136
0.1420225352048874
0.14197145402431488
0.14192166924476624
0.1418733447790146
0.14182613790035248
0.14178015291690826
0.14173468947410583
0.14169135689735413
0.14164885878562927
0.14160765707492828
0.14156723022460938
0.14152809977531433
0.14149045944213867
0.14145293831825256
0.14141662418842316
0.1413813829421997
0.14134706556797028
0.14131401479244232
0.14128103852272034
0.14124885201454163
0.14121705293655396
0.14118583500385284
0.14115510880947113
0.14112529158592224
0.14109599590301514
0.14106746017932892
0.14103907346725464
0.14101092517375946
0.14098381996154785
0.14095692336559296
0.14093053340911865
0.1409054398536682
0.14088064432144165
0.14085668325424194
0.14083269238471985
0.1408090591430664
0.14078597724437714
0.14076289534568787
0.1407402902841568
0.14071758091449738
0.14069530367851257
0.14067330956459045
0.14065159857273102
0.1406303197145462
