# lbfgs, lr=0.8, alpha = 1000000, beta = 0.1
# best_iter: 96, best_loss = 0.07467712461948395, imsave period = 10
17.273202896118164
1.7980608940124512
0.7072657346725464
0.45585334300994873
0.3352046608924866
0.26658961176872253
0.2116466462612152
0.1713772565126419
0.15225577354431152
0.13925118744373322
0.1302015334367752
0.12370868027210236
0.11843843758106232
0.11367142200469971
0.11020517349243164
0.10675189644098282
0.10395399481058121
0.10167893767356873
0.09949544072151184
0.09746666252613068
0.09562763571739197
0.09406673908233643
0.09282518923282623
0.09140347689390182
0.09046004712581635
0.08931616693735123
0.08830928802490234
0.08755142241716385
0.0867786630988121
0.08595621585845947
0.08538337796926498
0.08478774130344391
0.08435720950365067
0.08384019136428833
0.08327143639326096
0.083109550178051
0.08266691118478775
0.08295269310474396
0.08345654606819153
0.08151565492153168
0.08188258111476898
0.08149120956659317
0.08174794912338257
0.08234748244285583
0.08155287802219391
0.08003522455692291
0.07963169366121292
0.08231406658887863
0.07962849736213684
0.07913965731859207
0.08804497867822647
0.08039182424545288
0.07942629605531693
0.08621492236852646
0.07976365089416504
0.08260737359523773
0.08060198277235031
0.32609859108924866
0.1089366227388382
0.09083124995231628
0.08535224199295044
0.08232071250677109
0.0810585469007492
0.08980211615562439
0.08150752633810043
0.08360253274440765
0.3090936243534088
0.11603966355323792
0.09787209331989288
0.09110035002231598
0.08672404289245605
0.0841718316078186
0.08277967572212219
0.08136730641126633
0.08059797435998917
0.08009257167577744
0.08057589083909988
0.08075918257236481
0.08418162912130356
0.0808335691690445
0.08384571224451065
0.0805157870054245
0.08143544942140579
0.08094309270381927
0.07809749245643616
0.07884272933006287
0.08561063557863235
0.07818610221147537
0.5545312762260437
0.09403558075428009
0.07985593378543854
0.07749742269515991
0.07603658735752106
0.07527650147676468
0.07503954321146011
0.07657460868358612
0.07467712461948395
0.2930696904659271
0.09851092100143433
0.08362934738397598
