# adam, lr=0.01, alpha = 1000000, beta = 0.1
# best_iter: 2909, best_loss = 0.19366592168807983, imsave period = 300
13.651813507080078
6.314638614654541
4.38222074508667
3.160825490951538
2.4338924884796143
1.9586807489395142
1.6656360626220703
1.486778974533081
1.3940808773040771
1.3390427827835083
1.292597770690918
1.2419838905334473
1.1861143112182617
1.1302683353424072
1.0791569948196411
1.034079909324646
0.993354320526123
0.954131007194519
0.9144583940505981
0.8746976852416992
0.8367706537246704
0.8020111322402954
0.770490288734436
0.7415130138397217
0.7142676115036011
0.6884816288948059
0.6641871333122253
0.6416635513305664
0.6211420297622681
0.6025046706199646
0.585403561592102
0.5694605708122253
0.554503321647644
0.5405474305152893
0.5276973247528076
0.5159378051757812
0.5051084160804749
0.49499955773353577
0.4854676127433777
0.4764876365661621
0.4680837094783783
0.46025988459587097
0.4529568552970886
0.4460744261741638
0.43954068422317505
0.43335554003715515
0.42753860354423523
0.4220685362815857
0.41690295934677124
0.41200003027915955
0.40733152627944946
0.4028923511505127
0.3986794054508209
0.39467325806617737
0.3908544182777405
0.38719967007637024
0.38369399309158325
0.38034409284591675
0.37714484333992004
0.3740816116333008
0.3711395263671875
0.3683069348335266
0.36558037996292114
0.36296162009239197
0.36044371128082275
0.3580173850059509
0.3556745946407318
0.3534083366394043
0.35121726989746094
0.3491012454032898
0.3470536172389984
0.34507158398628235
0.34315216541290283
0.3412931561470032
0.33949047327041626
0.33774101734161377
0.3360404074192047
0.33438700437545776
0.3327799141407013
0.331218421459198
0.32970213890075684
0.32822632789611816
0.32678931951522827
0.3253883719444275
0.32402318716049194
0.32269060611724854
0.32139095664024353
0.3201238214969635
0.31888651847839355
0.3176782429218292
0.3164975345134735
0.3153420686721802
0.3142108917236328
0.3131057024002075
0.3120241165161133
0.31096526980400085
0.30992764234542847
0.3089095950126648
0.3079104423522949
0.30693143606185913
0.3059716820716858
0.3050300180912018
0.304106205701828
0.3032006621360779
0.30231085419654846
0.3014380931854248
0.3005817234516144
0.2997409701347351
0.298916220664978
0.2981061339378357
0.2973090708255768
0.2965250313282013
0.2957536578178406
0.29499512910842896
0.2942483723163605
0.293515145778656
0.29279452562332153
0.29208457469940186
0.2913859188556671
0.2906980514526367
0.29002100229263306
0.2893539369106293
0.2886967360973358
0.2880500257015228
0.2874130308628082
0.2867855727672577
0.2861670255661011
0.2855571508407593
0.2849555015563965
0.28436279296875
0.28377866744995117
0.2832028865814209
0.28263524174690247
0.28207486867904663
0.281522274017334
0.2809774875640869
0.28044021129608154
0.2799101173877716
0.2793871760368347
0.27887091040611267
0.27836260199546814
0.27786093950271606
0.27736517786979675
0.2768751382827759
0.27639153599739075
0.2759133279323578
0.2754412591457367
0.2749751806259155
0.2745150625705719
0.2740601897239685
0.2736108601093292
0.2731669545173645
0.27272868156433105
0.27229470014572144
0.2718662917613983
0.2714427709579468
0.27102425694465637
0.2706107497215271
0.27020198106765747
0.2697986662387848
0.269399493932724
0.26900485157966614
0.26861464977264404
0.2682285010814667
0.2678474187850952
0.2674699127674103
0.26709672808647156
0.2667278051376343
0.26636260747909546
0.2660016715526581
0.2656441032886505
0.2652899920940399
0.2649398744106293
0.2645934522151947
0.2642504572868347
0.26391103863716125
0.2635745406150818
0.263241708278656
0.2629118263721466
0.26258519291877747
0.26226112246513367
0.26194047927856445
0.26162320375442505
0.26130902767181396
0.26099807024002075
0.2606903612613678
0.2603856027126312
0.26008355617523193
0.2597844898700714
0.25948816537857056
0.2591949999332428
0.2589048147201538
0.2586175501346588
0.25833314657211304
0.2580512464046478
0.257772833108902
0.25749659538269043
0.2572226822376251
0.25695091485977173
0.25668179988861084
0.25641533732414246
0.25615108013153076
0.25588899850845337
0.25562945008277893
0.255372017621994
0.2551168203353882
0.2548641562461853
0.25461429357528687
0.25436651706695557
0.2541203498840332
0.2538764178752899
0.2536349594593048
0.25339609384536743
0.2531598210334778
0.25292569398880005
0.2526935040950775
0.25246381759643555
0.2522367537021637
0.25201329588890076
0.2517951726913452
0.2515835464000702
0.2513805031776428
0.25118187069892883
0.25098371505737305
0.2507791221141815
0.2505616843700409
0.2503267824649811
0.25008586049079895
0.2498517483472824
0.24963413178920746
0.24943238496780396
0.24924346804618835
0.24906682968139648
0.2489010989665985
0.24874147772789001
0.24857132136821747
0.24838191270828247
0.24815474450588226
0.24790912866592407
0.24766868352890015
0.24745914340019226
0.2472812682390213
0.24712561070919037
0.24698574841022491
0.24685055017471313
0.24671050906181335
0.24653789401054382
0.2463265061378479
0.24607640504837036
0.24583429098129272
0.24563604593276978
0.2454833984375
0.24535717070102692
0.24523723125457764
0.245111346244812
0.24495437741279602
0.2447626292705536
0.24453338980674744
0.24430322647094727
0.2440994530916214
0.24393491446971893
0.24379974603652954
0.2436826527118683
0.24358323216438293
0.2434852421283722
0.24337653815746307
0.24321827292442322
0.24300701916217804
0.2427496314048767
0.2425149828195572
0.24234338104724884
0.24222944676876068
0.24214835464954376
0.24207791686058044
0.2420041263103485
0.24188661575317383
0.24171383678913116
0.24146553874015808
0.24120542407035828
0.24099740386009216
0.240872323513031
0.24079959094524384
0.24074462056159973
0.2406957894563675
0.24060872197151184
0.2404550015926361
0.24020788073539734
0.2399417906999588
0.23972585797309875
0.239604189991951
0.23955100774765015
0.23950952291488647
0.23945219814777374
0.23934286832809448
0.23916608095169067
0.238915354013443
0.23867569863796234
0.23850399255752563
0.23840340971946716
0.23834972083568573
0.23831337690353394
0.23827368021011353
0.23819266259670258
0.23805838823318481
0.23782670497894287
0.2375623881816864
0.23735319077968597
0.23723852634429932
0.2371828556060791
0.23715455830097198
0.23713895678520203
0.23708581924438477
0.23698648810386658
0.23679132759571075
0.2365320771932602
0.23627617955207825
0.23612889647483826
0.23608003556728363
0.2360725849866867
0.2360834777355194
0.23606954514980316
0.23599594831466675
0.23578855395317078
0.2355087399482727
0.23523837327957153
0.2350921332836151
0.23505772650241852
0.23506982624530792
0.23509591817855835
0.23507438600063324
0.2349771410226822
0.2347475290298462
0.23446229100227356
0.23421737551689148
0.234115868806839
0.23412378132343292
0.23415258526802063
0.23418250679969788
0.23416584730148315
0.23405787348747253
0.23379866778850555
0.23348969221115112
0.2332656979560852
0.23319657146930695
0.2332223653793335
0.2332533895969391
0.23325952887535095
0.23316286504268646
0.2329683005809784
0.23270472884178162
0.23248238861560822
0.23234595358371735
0.2323070615530014
0.23233762383460999
0.2323770523071289
0.23242390155792236
0.2324281632900238
0.23234601318836212
0.23206742107868195
0.23172032833099365
0.2314830869436264
0.23144862055778503
0.2315213978290558
0.23157772421836853
0.23158207535743713
0.2314559519290924
0.23119603097438812
0.23090091347694397
0.23074859380722046
0.2307153195142746
0.23073095083236694
0.23078590631484985
0.23080690205097198
0.23075897991657257
0.23059263825416565
0.2303794026374817
0.23012860119342804
0.22993522882461548
0.2298782467842102
0.22990936040878296
0.22995498776435852
0.22998811304569244
0.23002204298973083
0.22996167838573456
0.2297857254743576
0.22947341203689575
0.22921417653560638
0.22910922765731812
0.22909773886203766
0.2291327863931656
0.22921478748321533
0.229302778840065
0.22926226258277893
0.22913146018981934
0.22889110445976257
0.22861230373382568
0.228374183177948
0.2283264398574829
0.22841593623161316
0.2284904420375824
0.22853903472423553
0.2285381257534027
0.22848765552043915
0.22825056314468384
0.22791200876235962
0.22770076990127563
0.22766563296318054
0.2276434302330017
0.22766320407390594
0.22778499126434326
0.22785651683807373
0.2278473675251007
0.2277386337518692
0.2276216298341751
0.22733260691165924
0.2269771695137024
0.2268737554550171
0.22694945335388184
0.22695939242839813
0.2269810438156128
0.22708436846733093
0.2270618975162506
0.2269359678030014
0.2267480045557022
0.22656354308128357
0.22634628415107727
0.22616276144981384
0.2261057198047638
0.22614836692810059
0.2261955440044403
0.2262420356273651
0.22641953825950623
0.22662794589996338
0.22678181529045105
0.22664834558963776
0.22638669610023499
0.22589291632175446
0.22547030448913574
0.22550013661384583
0.22581292688846588
0.2258850634098053
0.2256648987531662
0.22547295689582825
0.2252170294523239
0.22496357560157776
0.2249923050403595
0.22514159977436066
0.22516749799251556
0.22516566514968872
0.22521869838237762
0.22511671483516693
0.22491538524627686
0.22464893758296967
0.2244344800710678
0.2243638038635254
0.22433531284332275
0.22429725527763367
0.22439268231391907
0.2245696485042572
0.22467394173145294
0.22496414184570312
0.22530776262283325
0.22544105350971222
0.2248120903968811
0.22412005066871643
0.22384895384311676
0.22392237186431885
0.224176824092865
0.22427219152450562
0.22406789660453796
0.22364111244678497
0.2233777493238449
0.22340527176856995
0.22353516519069672
0.22354891896247864
0.2235124409198761
0.22354276478290558
0.22338008880615234
0.22307078540325165
0.22291713953018188
0.22290316224098206
0.22275671362876892
0.2226458489894867
0.2227250039577484
0.22278869152069092
0.222883403301239
0.22327199578285217
0.22416183352470398
0.22525213658809662
0.2265496850013733
0.22600941359996796
0.2243027687072754
0.22276121377944946
0.22331970930099487
0.2243131399154663
0.22376000881195068
0.2225561887025833
0.22243782877922058
0.22330859303474426
0.2230851650238037
0.22213861346244812
0.2222435176372528
0.22245049476623535
0.22224517166614532
0.22227494418621063
0.22199073433876038
0.22160397469997406
0.22179053723812103
0.22175143659114838
0.2216278463602066
0.22154177725315094
0.22134456038475037
0.2212781310081482
0.22118964791297913
0.2210301160812378
0.22103795409202576
0.22103425860404968
0.22092092037200928
0.22102053463459015
0.22125110030174255
0.22166451811790466
0.22245311737060547
0.22374874353408813
0.22423994541168213
0.22379012405872345
0.22154419124126434
0.22068464756011963
0.22191330790519714
0.2222682535648346
0.22120200097560883
0.22059011459350586
0.22106438875198364
0.22117681801319122
0.22086259722709656
0.22060704231262207
0.22033564746379852
0.22041964530944824
0.22059018909931183
0.22028672695159912
0.21997742354869843
0.21992461383342743
0.21996691823005676
0.2200203388929367
0.219889298081398
0.21976232528686523
0.21974420547485352
0.21955548226833344
0.21936967968940735
0.21939557790756226
0.21935603022575378
0.21922284364700317
0.2192002534866333
0.21924558281898499
0.2193112075328827
0.2195567488670349
0.22023123502731323
0.22141247987747192
0.22345639765262604
0.2242487370967865
0.22341981530189514
0.21984036266803741
0.2196463644504547
0.22164908051490784
0.22092247009277344
0.21966829895973206
0.21970844268798828
0.22003202140331268
0.21993669867515564
0.2192692756652832
0.21914827823638916
0.21947142481803894
0.2191815972328186
0.21896322071552277
0.2188500463962555
0.2186213731765747
0.218850240111351
0.21876344084739685
0.21829327940940857
0.21829643845558167
0.21834242343902588
0.21818643808364868
0.21821746230125427
0.21819889545440674
0.21807271242141724
0.21806566417217255
0.21794091165065765
0.2178085446357727
0.217830628156662
0.21774114668369293
0.2176114171743393
0.21761658787727356
0.21760056912899017
0.21759550273418427
0.21769499778747559
0.21789216995239258
0.21821829676628113
0.21886709332466125
0.21930165588855743
0.21932238340377808
0.21834123134613037
0.2175075113773346
0.2173938900232315
0.21777386963367462
0.21805571019649506
0.21777492761611938
0.2172965556383133
0.21708005666732788
0.2172105759382248
0.21740953624248505
0.21738438308238983
0.21706393361091614
0.21671152114868164
0.21677333116531372
0.21691831946372986
0.2168440967798233
0.21684040129184723
0.21691232919692993
0.21685919165611267
0.2166633903980255
0.21650908887386322
0.2164047658443451
0.21636801958084106
0.21633797883987427
0.2162170261144638
0.2161269187927246
0.21616289019584656
0.21617890894412994
0.21614131331443787
0.21627715229988098
0.21685834228992462
0.2183999866247177
0.22118985652923584
0.22632205486297607
0.22718653082847595
0.22429655492305756
0.21750576794147491
0.2201535999774933
0.2241753339767456
0.2193170189857483
0.2175256758928299
0.2204345166683197
0.21915468573570251
0.21734502911567688
0.21829558908939362
0.21854694187641144
0.21731510758399963
0.21708934009075165
0.2177991271018982
0.21715447306632996
0.21649062633514404
0.21710531413555145
0.21683277189731598
0.21614325046539307
0.21658234298229218
0.21648091077804565
0.2158605009317398
0.21607503294944763
0.2160857766866684
0.21572625637054443
0.2157038450241089
0.2156037986278534
0.2155340015888214
0.21548862755298615
0.21525661647319794
0.21525326371192932
0.21530279517173767
0.21507130563259125
0.21500132977962494
0.2150779813528061
0.21499130129814148
0.21495288610458374
0.21507112681865692
0.21520930528640747
0.2155817747116089
0.21613022685050964
0.21666774153709412
0.21645992994308472
0.21588292717933655
0.21489925682544708
0.21462181210517883
0.21528108417987823
0.21544422209262848
0.21486219763755798
0.2144346684217453
0.21454356610774994
0.2147395759820938
0.2147841900587082
0.21454159915447235
0.21415820717811584
0.21418488025665283
0.21433544158935547
0.21426816284656525
0.21426673233509064
0.21424075961112976
0.21401888132095337
0.21386748552322388
0.21385478973388672
0.21379220485687256
0.21379105746746063
0.21390655636787415
0.21397003531455994
0.214057058095932
0.21426546573638916
0.21458376944065094
0.21466341614723206
0.2145136594772339
0.2140345424413681
0.21358269453048706
0.21348804235458374
0.21376736462116241
0.21391190588474274
0.21374168992042542
0.21371085941791534
0.21378886699676514
0.21362414956092834
0.2133139669895172
0.2132120132446289
0.21324868500232697
0.21327736973762512
0.21333789825439453
0.21336132287979126
0.21343889832496643
0.21378716826438904
0.2145068645477295
0.2150014191865921
0.21518506109714508
0.21484264731407166
0.21471475064754486
0.21384567022323608
0.21323466300964355
0.21362105011940002
0.2139735072851181
0.21382459998130798
0.2133946269750595
0.21303890645503998
0.21297894418239594
0.21324393153190613
0.21323664486408234
0.21295082569122314
0.21308119595050812
0.2131890058517456
0.2128479927778244
0.21260416507720947
0.2127276062965393
0.21268966794013977
0.21252743899822235
0.21250763535499573
0.2124931812286377
0.21243837475776672
0.21260708570480347
0.21289895474910736
0.21339617669582367
0.21465232968330383
0.21739691495895386
0.2191857099533081
0.21998894214630127
0.21576140820980072
0.21330119669437408
0.21491411328315735
0.21588537096977234
0.2144937515258789
0.21327286958694458
0.2142745852470398
0.2143644392490387
0.2130207121372223
0.21342289447784424
0.21388283371925354
0.21270908415317535
0.21269243955612183
0.21333590149879456
0.2126527577638626
0.21230915188789368
0.2126867026090622
0.21241149306297302
0.21217818558216095
0.2122822403907776
0.212124302983284
0.21201777458190918
0.21208512783050537
0.21190276741981506
0.2118433564901352
0.21207237243652344
0.2120232880115509
0.21227654814720154
0.21310144662857056
0.21427418291568756
0.21517759561538696
0.21600143611431122
0.2141900360584259
0.21195939183235168
0.21211570501327515
0.213490292429924
0.21335729956626892
0.2121746689081192
0.21191366016864777
0.2121964693069458
0.21250709891319275
0.21224677562713623
0.211401104927063
0.21158891916275024
0.21206101775169373
0.21171776950359344
0.21151264011859894
0.21138718724250793
0.21118050813674927
0.21127408742904663
0.2114122360944748
0.21132153272628784
0.21115054190158844
0.21111957728862762
0.21094876527786255
0.21078476309776306
0.21083706617355347
0.21079647541046143
0.2107417732477188
0.21086230874061584
0.21101810038089752
0.21128591895103455
0.21193835139274597
0.2127486914396286
0.2137373983860016
0.2134702503681183
0.2124047577381134
0.2109519988298416
0.21098209917545319
0.21206286549568176
0.2121233344078064
0.21112491190433502
0.21050991117954254
0.2110881805419922
0.21149574220180511
0.2111063301563263
0.2106582224369049
0.210493803024292
0.21066492795944214
0.2109004259109497
0.21079052984714508
0.21042846143245697
0.21017329394817352
0.21031272411346436
0.21044817566871643
0.21039225161075592
0.21045678853988647
0.2104443460702896
0.2102133333683014
0.21008044481277466
0.21008306741714478
0.20999735593795776
0.20991258323192596
0.20990809798240662
0.2099727988243103
0.21004654467105865
0.21024015545845032
0.21087920665740967
0.2119000107049942
0.21352921426296234
0.2145507037639618
0.21492880582809448
0.21198950707912445
0.21007847785949707
0.21139070391654968
0.212544247508049
0.2116498053073883
0.2102060616016388
0.2108285129070282
0.21156078577041626
0.21070241928100586
0.21030546724796295
0.21042029559612274
0.21034206449985504
0.21044613420963287
0.21011561155319214
0.20978833734989166
0.21001285314559937
0.2100929617881775
0.20982563495635986
0.2095584124326706
0.20969471335411072
0.20971663296222687
0.2095380574464798
0.20963387191295624
0.20959828794002533
0.20955608785152435
0.2100927233695984
0.21114709973335266
0.2134450227022171
0.2161094844341278
0.21931910514831543
0.21566057205200195
0.21065984666347504
0.21109962463378906
0.21415802836418152
0.21299675107002258
0.21073000133037567
0.21161247789859772
0.2118329405784607
0.21131551265716553
0.21103355288505554
0.21051812171936035
0.21080699563026428
0.2107633650302887
0.20997917652130127
0.21002186834812164
0.21051335334777832
0.20982420444488525
0.20955698192119598
0.20993578433990479
0.209422767162323
0.20950190722942352
0.2095939964056015
0.20908023416996002
0.20925554633140564
0.20926068723201752
0.20906420052051544
0.20920325815677643
0.20931871235370636
0.20981504023075104
0.21097907423973083
0.21383261680603027
0.21655935049057007
0.21914125978946686
0.21417663991451263
0.20981761813163757
0.2115166336297989
0.21382828056812286
0.21156886219978333
0.20932017266750336
0.21154168248176575
0.21198903024196625
0.20979975163936615
0.20976045727729797
0.21087196469306946
0.21022790670394897
0.2092496156692505
0.20960789918899536
0.20981168746948242
0.20946244895458221
0.20912498235702515
0.20894157886505127
0.20927953720092773
0.20920462906360626
0.20867584645748138
0.20860961079597473
0.20873619616031647
0.20878130197525024
0.20862573385238647
0.20843249559402466
0.20840394496917725
0.20826469361782074
0.20823770761489868
0.20833805203437805
0.20825140178203583
0.20815247297286987
0.2081119269132614
0.20807236433029175
0.20810240507125854
0.20818912982940674
0.20847399532794952
0.20886683464050293
0.2092674970626831
0.20935261249542236
0.20947512984275818
0.20953883230686188
0.21008053421974182
0.20981831848621368
0.20884504914283752
0.20809373259544373
0.20855307579040527
0.2091997265815735
0.20859697461128235
0.20793446898460388
0.2083161473274231
0.20854544639587402
0.2078712284564972
0.20763321220874786
0.20804017782211304
0.20797106623649597
0.2075190395116806
0.20755113661289215
0.2077847719192505
0.20759327709674835
0.20736736059188843
0.20751075446605682
0.2077147513628006
0.20796401798725128
0.20884272456169128
0.21150478720664978
0.21556970477104187
0.22213156521320343
0.2189185619354248
0.21327616274356842
0.21101504564285278
0.21406406164169312
0.21378666162490845
0.21070432662963867
0.21227207779884338
0.2117341160774231
0.20967605710029602
0.2120765894651413
0.21080447733402252
0.2085280567407608
0.21048492193222046
0.2096574455499649
0.20860964059829712
0.20977002382278442
0.20888301730155945
0.20847807824611664
0.20908144116401672
0.20825797319412231
0.20817631483078003
0.2085302174091339
0.2078281193971634
0.20791961252689362
0.20816045999526978
0.207585871219635
0.20780393481254578
0.2080303281545639
0.20794138312339783
0.20858976244926453
0.20980335772037506
0.21049708127975464
0.21156078577041626
0.210606649518013
0.20839905738830566
0.2072772979736328
0.20873969793319702
0.20926621556282043
0.20797784626483917
0.20751696825027466
0.2076970934867859
0.20794114470481873
0.20804989337921143
0.20733849704265594
0.20693336427211761
0.20738929510116577
0.20749883353710175
0.20708784461021423
0.20695334672927856
0.20690344274044037
0.20670300722122192
0.2068426012992859
0.2069944143295288
0.20680713653564453
0.20667843520641327
0.20666295289993286
0.20654115080833435
0.20635028183460236
0.20636138319969177
0.20639733970165253
0.20628498494625092
0.20628194510936737
0.2064080536365509
0.2065824717283249
0.20694462954998016
0.20786871016025543
0.20922744274139404
0.2111341506242752
0.2107359766960144
0.20906266570091248
0.20684769749641418
0.20730936527252197
0.20886455476284027
0.20823878049850464
0.20680227875709534
0.20672672986984253
0.2077016532421112
0.20761416852474213
0.20643337070941925
0.20643845200538635
0.2072070837020874
0.20695878565311432
0.20628583431243896
0.20621690154075623
0.2065517008304596
0.20653735101222992
0.20626547932624817
0.20614486932754517
0.20604291558265686
0.20605312287807465
0.20620301365852356
0.206096351146698
0.20584632456302643
0.20576530694961548
0.2058635652065277
0.20590783655643463
0.20581656694412231
0.20575560629367828
0.2057471126317978
0.20565295219421387
0.20553645491600037
0.20554615557193756
0.2056848704814911
0.20588912069797516
0.20642195641994476
0.2078009843826294
0.21124151349067688
0.21496723592281342
0.21884122490882874
0.21192342042922974
0.2071537971496582
0.21011342108249664
0.21117687225341797
0.20919674634933472
0.20877961814403534
0.20958878099918365
0.20871293544769287
0.2077019214630127
0.2080964297056198
0.2078275829553604
0.20751094818115234
0.20747894048690796
0.20689228177070618
0.20724233984947205
0.20700739324092865
0.2063426375389099
0.20695988833904266
0.20671437680721283
0.20631974935531616
0.20693349838256836
0.20753732323646545
0.2081749439239502
0.2099381685256958
0.21059347689151764
0.2101372629404068
0.20735827088356018
0.20633096992969513
0.20723381638526917
0.2079348862171173
0.20723560452461243
0.20601880550384521
0.20667210221290588
0.20685777068138123
0.20603612065315247
0.20618270337581635
0.20643368363380432
0.20602747797966003
0.2055578976869583
0.20578452944755554
0.20578397810459137
0.20554091036319733
0.2055126428604126
0.20546627044677734
0.20543888211250305
0.20543889701366425
0.2055734246969223
0.2055950164794922
0.20610566437244415
0.20695988833904266
0.20786461234092712
0.20831173658370972
0.2085515409708023
0.20689193904399872
0.20555958151817322
0.2056148648262024
0.2066502571105957
0.2066754698753357
0.20556069910526276
0.20539671182632446
0.20547020435333252
0.20569497346878052
0.20587824285030365
0.2052926868200302
0.2049359530210495
0.2050265669822693
0.20525920391082764
0.20521940290927887
0.20496469736099243
0.2049826681613922
0.20483902096748352
0.20469215512275696
0.2047145515680313
0.20469315350055695
0.20463235676288605
0.20463362336158752
0.2048065960407257
0.20494602620601654
0.20511476695537567
0.20539383590221405
0.2057950794696808
0.2059062123298645
0.20595276355743408
0.2055056095123291
0.20503708720207214
0.20461654663085938
0.20473790168762207
0.20536094903945923
0.20544563233852386
0.20503024756908417
0.20451116561889648
0.20443522930145264
0.20458516478538513
0.2046024650335312
0.20461957156658173
0.20464050769805908
0.20457778871059418
0.20446787774562836
0.2045430839061737
0.2045413851737976
0.20424707233905792
0.20401819050312042
0.20413562655448914
0.2042214423418045
0.2041144222021103
0.20403994619846344
0.20406226813793182
0.20411565899848938
0.20427203178405762
0.2050342559814453
0.20719723403453827
0.21280866861343384
0.22010959684848785
0.23258832097053528
0.22258642315864563
0.2130628526210785
0.21262307465076447
0.2217406928539276
0.2232731282711029
0.2090003341436386
0.21271634101867676
0.21951162815093994
0.21046236157417297
0.21142883598804474
0.21452143788337708
0.20930492877960205
0.21116644144058228
0.211139515042305
0.2081417590379715
0.2109144926071167
0.20862393081188202
0.2078813910484314
0.20933428406715393
0.20705866813659668
0.20837515592575073
0.2080431580543518
0.2076360434293747
0.21008698642253876
0.21034815907478333
0.2136945277452469
0.21303977072238922
0.20956814289093018
0.20718617737293243
0.2074335217475891
0.20905587077140808
0.20833823084831238
0.20584745705127716
0.20661123096942902
0.2073448896408081
0.2064306139945984
0.20595820248126984
0.20562459528446198
0.20594340562820435
0.20614512264728546
0.20525391399860382
0.205005943775177
0.20529258251190186
0.2050670087337494
0.20516309142112732
0.2049887776374817
0.20452482998371124
0.20460081100463867
0.20455440878868103
0.20438745617866516
0.2045028805732727
0.20443309843540192
0.20428015291690826
0.20437827706336975
0.20438911020755768
0.20427437126636505
0.20433390140533447
0.2042369842529297
0.20400464534759521
0.20390936732292175
0.20389306545257568
0.20379990339279175
0.20389506220817566
0.20399196445941925
0.20389923453330994
0.20377309620380402
0.20374366641044617
0.20377597212791443
0.20405688881874084
0.20458903908729553
0.20532523095607758
0.2056054174900055
0.2056823968887329
0.20525223016738892
0.2052236944437027
0.20497968792915344
0.2045418620109558
0.2041979879140854
0.20432569086551666
0.2046860307455063
0.20412692427635193
0.20335644483566284
0.20369815826416016
0.20417380332946777
0.2037786841392517
0.203401118516922
0.20370322465896606
0.2036449909210205
0.2032259702682495
0.2031591236591339
0.20329664647579193
0.2032005786895752
0.20308153331279755
0.2030753493309021
0.20303305983543396
0.20308874547481537
0.2032211422920227
0.20339059829711914
0.20391440391540527
0.20543022453784943
0.20738239586353302
0.20980942249298096
0.20886936783790588
0.20674239099025726
0.20457133650779724
0.205448716878891
0.2067703753709793
0.20527194440364838
0.2039889395236969
0.20480699837207794
0.2050573229789734
0.20394101738929749
0.20379771292209625
0.20455724000930786
0.20389163494110107
0.203182652592659
0.20391443371772766
0.2038147896528244
0.20312145352363586
0.20331375300884247
0.20333853363990784
0.20306620001792908
0.20315541326999664
0.20303036272525787
0.20281311869621277
0.20297811925411224
0.20296750962734222
0.20273534953594208
0.20281583070755005
0.2030724138021469
0.2032228708267212
0.20375779271125793
0.20472122728824615
0.20593637228012085
0.2061527818441391
0.20606869459152222
0.20416849851608276
0.2028617560863495
0.20385192334651947
0.20476581156253815
0.2039070427417755
0.2028011679649353
0.20315934717655182
0.20356397330760956
0.20345406234264374
0.20323911309242249
0.20274052023887634
0.20269989967346191
0.20309965312480927
0.20299263298511505
0.20258380472660065
0.20249547064304352
0.20259539783000946
0.20249593257904053
0.20246195793151855
0.20256492495536804
0.20242083072662354
0.20227327942848206
0.20237982273101807
0.20241883397102356
0.20230457186698914
0.20233601331710815
0.20233649015426636
0.2021889090538025
0.20214174687862396
0.20231786370277405
0.2025911808013916
0.20311304926872253
0.20381559431552887
0.20495514571666718
0.20534586906433105
0.2054879516363144
0.20485790073871613
0.20497341454029083
0.20444659888744354
0.20393411815166473
0.20487523078918457
0.20474763214588165
0.20327895879745483
0.20259828865528107
0.20350196957588196
0.20365989208221436
0.2032189667224884
0.203255757689476
0.20264722406864166
0.2023920863866806
0.20289500057697296
0.20260486006736755
0.20230278372764587
0.20269076526165009
0.20266170799732208
0.20227964222431183
0.20232686400413513
0.202382892370224
0.20226415991783142
0.20227093994617462
0.2024405300617218
0.20235829055309296
0.20231963694095612
0.2026137262582779
0.20289680361747742
0.20276053249835968
0.20286935567855835
0.20266497135162354
0.20211514830589294
0.20196108520030975
0.20215319097042084
0.2020263373851776
0.20187756419181824
0.20195282995700836
0.20203135907649994
0.20214693248271942
0.20242121815681458
0.20276208221912384
0.20267421007156372
0.20260871946811676
0.20264554023742676
0.20279179513454437
0.20243853330612183
0.20197923481464386
0.2017805576324463
0.20182108879089355
0.20197793841362
0.20230582356452942
0.20254674553871155
0.20239198207855225
0.20263740420341492
0.20310625433921814
0.2032349705696106
0.20239180326461792
0.20169544219970703
0.20174956321716309
0.2020534723997116
0.20192983746528625
0.20172758400440216
0.20188581943511963
0.20202507078647614
0.20243531465530396
0.20336496829986572
0.2049560546875
0.20652537047863007
0.21022240817546844
0.21103213727474213
0.2086949646472931
0.202895849943161
0.20457850396633148
0.2076554000377655
0.20648837089538574
0.20673337578773499
0.20533336699008942
0.2035057097673416
0.2039373517036438
0.2047884613275528
0.20399394631385803
0.20328010618686676
0.20392833650112152
0.2027563452720642
0.20265164971351624
0.20318135619163513
0.20219287276268005
0.20261716842651367
0.20268186926841736
0.202171191573143
0.20280638337135315
0.20328781008720398
0.20436470210552216
0.2072490155696869
0.2094394564628601
0.212001770734787
0.20694699883460999
0.2030835896730423
0.20414094626903534
0.20622792840003967
0.20621180534362793
0.20327726006507874
0.2033187747001648
0.2051239162683487
0.2042536437511444
0.202829509973526
0.20251932740211487
0.2033420205116272
0.20337754487991333
0.20265766978263855
0.20243403315544128
0.2021903395652771
0.20252299308776855
0.20244109630584717
0.20201581716537476
0.20177096128463745
0.20167794823646545
0.20192910730838776
0.20175668597221375
0.2016127109527588
0.20152215659618378
0.20137542486190796
0.20140531659126282
0.20135244727134705
0.20156329870224
0.20186297595500946
0.20268014073371887
0.20463867485523224
0.20949780941009521
0.214560404419899
0.22051206231117249
0.21160449087619781
0.20706424117088318
0.21184299886226654
0.21306787431240082
0.2089376449584961
0.20469941198825836
0.20828233659267426
0.20920589566230774
0.20570620894432068
0.2058432400226593
0.20696237683296204
0.2052416354417801
0.20450705289840698
0.2059372365474701
0.20457439124584198
0.2034558653831482
0.2041507214307785
0.20382794737815857
0.20322714745998383
0.20282906293869019
0.20343801379203796
0.20272645354270935
0.2024535983800888
0.20268413424491882
0.20245486497879028
0.20242750644683838
0.20216454565525055
0.20302574336528778
0.20364122092723846
0.20565006136894226
0.2082756757736206
0.21190664172172546
0.20897474884986877
0.20351026952266693
0.20277835428714752
0.2060399204492569
0.20501631498336792
0.20261642336845398
0.2040436863899231
0.20427915453910828
0.20208704471588135
0.2032751590013504
0.20363087952136993
0.20194268226623535
0.20232859253883362
0.2028569132089615
0.201984703540802
0.20165370404720306
0.20240238308906555
0.20170362293720245
0.20136544108390808
0.201847642660141
0.20150230824947357
0.20126226544380188
0.20135802030563354
0.20157736539840698
0.20141181349754333
0.20168793201446533
0.20265275239944458
0.20320120453834534
0.2041776329278946
0.20400021970272064
0.20338553190231323
0.20162715017795563
0.20099888741970062
0.20222310721874237
0.20247294008731842
0.20148888230323792
0.2008640021085739
0.20131948590278625
0.2015836238861084
0.2011888027191162
0.2010812908411026
0.20104044675827026
0.20081695914268494
0.20069971680641174
0.2008887082338333
0.20096445083618164
0.20058661699295044
0.20042389631271362
0.2005283236503601
0.200526624917984
0.20036648213863373
0.2002817690372467
0.20039349794387817
0.2004481554031372
0.20044273138046265
0.20054343342781067
0.20094183087348938
0.20161966979503632
0.20261573791503906
0.20297852158546448
0.20313754677772522
0.20211943984031677
0.20111213624477386
0.2007731795310974
0.201328307390213
0.20183973014354706
0.201215922832489
0.20038384199142456
0.20051519572734833
0.20106694102287292
0.20092332363128662
0.2004389613866806
0.20044001936912537
0.200551375746727
0.20033235847949982
0.20017719268798828
0.2003765106201172
0.2004508227109909
0.20018792152404785
0.20000618696212769
0.20011156797409058
0.20016224682331085
0.19995948672294617
0.19988004863262177
0.20000667870044708
0.200058713555336
0.20005223155021667
0.20027171075344086
0.2008942812681198
0.20218688249588013
0.20368066430091858
0.20584526658058167
0.20552539825439453
0.20352378487586975
0.20057393610477448
0.20163577795028687
0.2041461169719696
0.2027287781238556
0.2005830705165863
0.20111626386642456
0.2022448033094406
0.20150423049926758
0.20064692199230194
0.20117148756980896
0.2010785937309265
0.20049908757209778
0.20072311162948608
0.20084691047668457
0.20028412342071533
0.2000737190246582
0.20049895346164703
0.20035898685455322
0.19991730153560638
0.20009076595306396
0.2001698911190033
0.19984480738639832
0.19980883598327637
0.1999867856502533
0.19992999732494354
0.1998698115348816
0.20015719532966614
0.20082134008407593
0.20168592035770416
0.20362162590026855
0.20589232444763184
0.2090129554271698
0.20672370493412018
0.20485760271549225
0.204717755317688
0.20532581210136414
0.20615750551223755
0.2056526243686676
0.2048078328371048
0.20168331265449524
0.2026412934064865
0.20514509081840515
0.20257601141929626
0.2013586163520813
0.20233112573623657
0.20156118273735046
0.20139291882514954
0.2021949589252472
0.20141009986400604
0.20090505480766296
0.20162928104400635
0.2008008062839508
0.2005872130393982
0.20093782246112823
0.20030254125595093
0.20026350021362305
0.20043215155601501
0.20012009143829346
0.20009908080101013
0.20023804903030396
0.20022067427635193
0.20037096738815308
0.20133158564567566
0.20280422270298004
0.20602022111415863
0.2087010145187378
0.21033385396003723
0.20336616039276123
0.20049363374710083
0.2041565179824829
0.204367995262146
0.20246462523937225
0.2016349583864212
0.20217043161392212
0.20240518450737
0.2018832266330719
0.20116852223873138
0.20088648796081543
0.20166991651058197
0.20129096508026123
0.20017021894454956
0.20065973699092865
0.20090503990650177
0.20045575499534607
0.20025116205215454
0.20020762085914612
0.2001129686832428
0.19982895255088806
0.20009905099868774
0.1999850571155548
0.19961890578269958
0.19972330331802368
0.19963766634464264
0.19956454634666443
0.19947797060012817
0.19948270916938782
0.19953858852386475
0.19935989379882812
0.19936306774616241
0.19942161440849304
0.19942617416381836
0.1996852457523346
0.20075102150440216
0.20400279760360718
0.21363291144371033
0.223736971616745
0.23666048049926758
0.21059344708919525
0.20426607131958008
0.21872135996818542
0.21052083373069763
0.2037344127893448
0.21044588088989258
0.21042200922966003
0.20629382133483887
0.21377643942832947
0.22460046410560608
0.23930621147155762
0.2247503697872162
0.21736133098602295
0.2141353040933609
0.22032833099365234
0.22041469812393188
0.20714829862117767
0.21593303978443146
0.21800798177719116
0.2097717523574829
0.2167517989873886
0.21021811664104462
0.20810680091381073
0.21061746776103973
0.2058822065591812
0.20826111733913422
0.20675113797187805
0.20536811649799347
0.20624184608459473
0.20506855845451355
0.20451830327510834
0.2049637734889984
0.20407980680465698
0.2049306333065033
0.20879188179969788
0.2172541320323944
0.24648292362689972
0.24871134757995605
0.23721641302108765
0.20830890536308289
0.23219045996665955
0.23385697603225708
0.2125776708126068
0.22719505429267883
0.2225525677204132
0.21501673758029938
0.21948662400245667
0.21609371900558472
0.21408669650554657
0.21379497647285461
0.21220378577709198
0.21267738938331604
0.21000605821609497
0.20966404676437378
0.21012648940086365
0.20677384734153748
0.2086208164691925
0.206785649061203
0.20661421120166779
0.20580123364925385
0.2061290591955185
0.20461013913154602
0.20555821061134338
0.20412969589233398
0.2047048807144165
0.20443813502788544
0.20529133081436157
0.2061619609594345
0.20821470022201538
0.20947232842445374
0.2074115127325058
0.20434606075286865
0.2027018815279007
0.20431053638458252
0.20529624819755554
0.20315861701965332
0.20203667879104614
0.2032465934753418
0.20312753319740295
0.20219013094902039
0.2016969919204712
0.20193424820899963
0.20219236612319946
0.2016226351261139
0.20117591321468353
0.20111605525016785
0.20144352316856384
0.20110619068145752
0.20080605149269104
0.20060992240905762
0.20066580176353455
0.200525164604187
0.20053532719612122
0.20045988261699677
0.20021726191043854
0.20005957782268524
0.19998282194137573
0.199977308511734
0.1999281346797943
0.1999753713607788
0.19997549057006836
0.1999332755804062
0.19988524913787842
0.199912890791893
0.19988927245140076
0.1998007446527481
0.1996292620897293
0.1995241940021515
0.19941505789756775
0.19932226836681366
0.1992790699005127
0.1992468535900116
0.19919872283935547
0.199106365442276
0.1990675926208496
0.19908693432807922
0.19918090105056763
0.19937026500701904
0.19984471797943115
0.2007254958152771
0.20245829224586487
0.20375074446201324
0.2044474482536316
0.20162202417850494
0.1996040940284729
0.2007284164428711
0.20185913145542145
0.2007961869239807
0.19926713407039642
0.20014631748199463
0.20093420147895813
0.19969142973423004
0.19921445846557617
0.20001038908958435
0.1998463273048401
0.19909822940826416
0.19914180040359497
0.19955229759216309
0.19931775331497192
0.19884172081947327
0.19896136224269867
0.1992095708847046
0.19896072149276733
0.19866664707660675
0.19873526692390442
0.19886356592178345
0.19876310229301453
0.19855530560016632
0.19850829243659973
0.19859211146831512
0.1985984742641449
0.1984880566596985
0.1983652114868164
0.1983398199081421
0.19838052988052368
0.1983894258737564
0.19833801686763763
0.19824911653995514
0.19819849729537964
0.19822430610656738
0.19832941889762878
0.19849339127540588
0.19878429174423218
0.1993635594844818
0.2007521539926529
0.20256122946739197
0.2048836648464203
0.20291650295257568
0.19962793588638306
0.19913974404335022
0.20152588188648224
0.2015436440706253
0.1990664005279541
0.19946710765361786
0.2007012814283371
0.19934681057929993
0.19884981215000153
0.199763685464859
0.1992373764514923
0.19857336580753326
0.19903302192687988
0.19897349178791046
0.19844606518745422
0.19859440624713898
0.19873079657554626
0.19832520186901093
0.1982414424419403
0.19850078225135803
0.19830241799354553
0.19803309440612793
0.1981949806213379
0.1982242912054062
0.1979660987854004
0.1979711353778839
0.19808688759803772
0.1979382336139679
0.19782181084156036
0.19789694249629974
0.1978921890258789
0.19778847694396973
0.19777339696884155
0.19788843393325806
0.19807147979736328
0.19850079715251923
0.1995054930448532
0.2017676681280136
0.20361559092998505
0.20460842549800873
0.20087184011936188
0.1988898515701294
0.20064735412597656
0.20101457834243774
0.19954663515090942
0.19890964031219482
0.19969817996025085
0.1995900720357895
0.19879665970802307
0.19896529614925385
0.19903835654258728
0.1986183226108551
0.19863200187683105
0.1985940784215927
0.1982729434967041
0.19843097031116486
0.19837945699691772
0.19793732464313507
0.198107048869133
0.19825907051563263
0.1978423297405243
0.19776833057403564
0.1980176717042923
0.19787390530109406
0.19769692420959473
0.1978103518486023
0.19793599843978882
0.1980133354663849
0.19844110310077667
0.19916611909866333
0.20013508200645447
0.2002790868282318
0.2000810205936432
0.19877244532108307
0.1978081911802292
0.19820068776607513
0.1990220844745636
0.19887471199035645
0.19782587885856628
0.19773222506046295
0.19836342334747314
0.19823986291885376
0.19777518510818481
0.1976841539144516
0.19779068231582642
0.19776153564453125
0.19768026471138
0.19762922823429108
0.1975601464509964
0.19743461906909943
0.19738048315048218
0.19752058386802673
0.19754405319690704
0.1973721981048584
0.19750802218914032
0.19794684648513794
0.19854207336902618
0.19937215745449066
0.20083777606487274
0.20105716586112976
0.2006823569536209
0.19936883449554443
0.19962140917778015
0.19991204142570496
0.1988527923822403
0.19842174649238586
0.19928637146949768
0.19926069676876068
0.19782690703868866
0.19787199795246124
0.19853368401527405
0.1978680044412613
0.19774000346660614
0.1982996016740799
0.19799721240997314
0.19768276810646057
0.19814595580101013
0.19808723032474518
0.19775015115737915
0.19781020283699036
0.19791533052921295
0.19768749177455902
0.19751566648483276
0.19748778641223907
0.1974538117647171
0.19721755385398865
0.19712293148040771
0.1972528100013733
0.19716478884220123
0.19699639081954956
0.19709080457687378
0.197098046541214
0.19694329798221588
0.19695346057415009
0.19701950252056122
0.19707690179347992
0.19745269417762756
0.19857969880104065
0.20203518867492676
0.2083769142627716
0.22148066759109497
0.21824528276920319
0.20900967717170715
0.20061904191970825
0.20871448516845703
0.2138637751340866
0.20351600646972656
0.2026652991771698
0.20842650532722473
0.20360067486763
0.20124083757400513
0.20461483299732208
0.20270727574825287
0.20043061673641205
0.2023732215166092
0.20164185762405396
0.19978344440460205
0.20100191235542297
0.2007599174976349
0.1995030641555786
0.19989553093910217
0.19998842477798462
0.19933930039405823
0.19923588633537292
0.19945767521858215
0.19939710199832916
0.1992596536874771
0.1998058259487152
0.2004062831401825
0.2008674144744873
0.20082804560661316
0.2009338140487671
0.19929538667201996
0.19853127002716064
0.19926303625106812
0.19933538138866425
0.19903025031089783
0.1982765644788742
0.1980801820755005
0.19848784804344177
0.19821414351463318
0.19810102880001068
0.19799503684043884
0.19759562611579895
0.1977481096982956
0.19784149527549744
0.19763348996639252
0.19753265380859375
0.19740672409534454
0.1975051909685135
0.1977468580007553
0.1978224813938141
0.19836542010307312
0.19904586672782898
0.20002217590808868
0.2003743201494217
0.20057141780853271
0.19921937584877014
0.19845730066299438
0.19862574338912964
0.19906194508075714
0.19902494549751282
0.19772204756736755
0.19748152792453766
0.19838856160640717
0.1982627660036087
0.19746597111225128
0.19723446667194366
0.1976509690284729
0.19769391417503357
0.19730910658836365
0.19714602828025818
0.19721947610378265
0.19715522229671478
0.1970192790031433
0.19709914922714233
0.19703754782676697
0.1967896819114685
0.1967642605304718
0.1968262940645218
0.19684185087680817
0.1967911422252655
0.19665369391441345
0.19663456082344055
0.1966800093650818
0.1965845823287964
0.1964964121580124
0.1965104341506958
0.19653970003128052
0.19663019478321075
0.19692999124526978
0.19769386947155
0.19987456500530243
0.2032122164964676
0.20808133482933044
0.20496690273284912
0.19966083765029907
0.19845405220985413
0.20189663767814636
0.20168225467205048
0.19828757643699646
0.19974634051322937
0.20062848925590515
0.19820883870124817
0.19907432794570923
0.19960260391235352
0.19784659147262573
0.19842565059661865
0.19889424741268158
0.1976434737443924
0.1978304088115692
0.19827112555503845
0.1974746733903885
0.19764426350593567
0.19795426726341248
0.19753479957580566
0.1979019045829773
0.1982056200504303
0.1985427439212799
0.19867664575576782
0.19878675043582916
0.1981351673603058
0.19721725583076477
0.1971297264099121
0.19758154451847076
0.19744732975959778
0.1973220705986023
0.19714610278606415
0.19668635725975037
0.19679532945156097
0.19706621766090393
0.19689559936523438
0.19670537114143372
0.19658519327640533
0.19658897817134857
0.1967468112707138
0.19684728980064392
0.19729402661323547
0.19801019132137299
0.1993306279182434
0.20053081214427948
0.2018359750509262
0.1999439299106598
0.19741885364055634
0.19739662110805511
0.19939547777175903
0.19946405291557312
0.1974950134754181
0.1975240260362625
0.1980983018875122
0.19762521982192993
0.19727200269699097
0.197231262922287
0.19732193648815155
0.19699624180793762
0.19701819121837616
0.1971307098865509
0.1966007649898529
0.19653598964214325
0.19683974981307983
0.19668230414390564
0.19643127918243408
0.19643542170524597
0.19653767347335815
0.19650089740753174
0.19656595587730408
0.19689112901687622
0.19752511382102966
0.19818437099456787
0.1993311047554016
0.19972705841064453
0.1998172104358673
0.19837448000907898
0.19777610898017883
0.19858480989933014
0.19885845482349396
0.19791117310523987
0.19715003669261932
0.19778580963611603
0.19765181839466095
0.19693616032600403
0.19684386253356934
0.19722536206245422
0.1972070336341858
0.1965455412864685
0.19672977924346924
0.19685283303260803
0.19628088176250458
0.19633087515830994
0.19655193388462067
0.19633404910564423
0.1961105763912201
0.1961512267589569
0.19625413417816162
0.1960585117340088
0.19597196578979492
0.19606274366378784
0.19601444900035858
0.19593438506126404
0.19591055810451508
0.19598925113677979
0.19628660380840302
0.19716043770313263
0.2001114934682846
0.20645296573638916
0.2213973104953766
0.2215905785560608
0.21533232927322388
0.19982066750526428
0.20875002443790436
0.22027429938316345
0.20646780729293823
0.20325686037540436
0.21173590421676636
0.20776017010211945
0.20449191331863403
0.20597656071186066
0.20687240362167358
0.20603249967098236
0.20484599471092224
0.20763327181339264
0.20201675593852997
0.2010597437620163
0.20391960442066193
0.20088571310043335
0.20150958001613617
0.2015051394701004
0.20121493935585022
0.20159116387367249
0.2036638706922531
0.20841027796268463
0.21721476316452026
0.21721383929252625
0.21369348466396332
0.20061825215816498
0.20805327594280243
0.21235358715057373
0.20176422595977783
0.20530058443546295
0.20726145803928375
0.20316104590892792
0.20254766941070557
0.20401984453201294
0.20236994326114655
0.20070117712020874
0.2024492621421814
0.20084068179130554
0.2006717473268509
0.20117539167404175
0.20141513645648956
0.2024729996919632
0.20319870114326477
0.20532628893852234
0.20569130778312683
0.20280620455741882
0.20051059126853943
0.19961309432983398
0.2015395611524582
0.2008584886789322
0.20003879070281982
0.19846311211585999
0.1995917111635208
0.19963645935058594
0.19883406162261963
0.19795119762420654
0.19826120138168335
0.19867293536663055
0.1982337236404419
0.19772948324680328
0.19762380421161652
0.19749312102794647
0.19740688800811768
0.1975066065788269
0.19743241369724274
0.1972031146287918
0.19685731828212738
0.1968654990196228
0.19680313766002655
0.19668984413146973
0.19662737846374512
0.19668129086494446
0.19672328233718872
0.19676059484481812
0.19683319330215454
0.19709482789039612
0.19730573892593384
0.19741106033325195
0.19719304144382477
0.19680353999137878
0.19641399383544922
0.19619257748126984
0.19624511897563934
0.19651494920253754
0.19667041301727295
0.1965593546628952
0.1962256133556366
0.19596746563911438
0.1959550529718399
0.1960451900959015
0.19609928131103516
0.19613181054592133
0.19617173075675964
0.19613993167877197
0.19598622620105743
0.1958203911781311
0.19578027725219727
0.19591601192951202
0.19604378938674927
0.19609405100345612
0.19609859585762024
0.19607162475585938
0.19594818353652954
0.1957380622625351
0.19562001526355743
0.19577786326408386
0.19614045321941376
0.19668865203857422
0.19745133817195892
0.1994176208972931
0.20198285579681396
0.20585966110229492
0.20279407501220703
0.1983576864004135
0.19860389828681946
0.20233844220638275
0.20212285220623016
0.19807928800582886
0.19928224384784698
0.2000298798084259
0.1973823755979538
0.19852283596992493
0.1991637647151947
0.19685985147953033
0.19775432348251343
0.19818614423274994
0.19643555581569672
0.19732418656349182
0.19750246405601501
0.19628393650054932
0.19702455401420593
0.1968531459569931
0.19611746072769165
0.19666950404644012
0.19643151760101318
0.19601508975028992
0.1964084804058075
0.19616244733333588
0.19599378108978271
0.19634905457496643
0.1964615285396576
0.19669288396835327
0.19754284620285034
0.19791385531425476
0.19804120063781738
0.19731096923351288
0.1965724527835846
0.19595162570476532
0.19638656079769135
0.19698591530323029
0.19634516537189484
0.19579395651817322
0.19597166776657104
0.19601251184940338
0.19591845571994781
0.195924311876297
0.19574299454689026
0.19547425210475922
0.19564595818519592
0.1958259493112564
0.19560112059116364
0.19540849328041077
0.1954357922077179
0.19542893767356873
0.19543462991714478
0.195552259683609
0.1958061307668686
0.19607147574424744
0.19663883745670319
0.1973235011100769
0.19835758209228516
0.19805371761322021
0.19667741656303406
0.19557762145996094
0.19617699086666107
0.19692665338516235
0.1967749297618866
0.19649502635002136
0.19602084159851074
0.19595229625701904
0.1961049884557724
0.19602584838867188
0.19576066732406616
0.1953509896993637
0.19549623131752014
0.1958640068769455
0.19553148746490479
0.19515211880207062
0.19532227516174316
0.19536404311656952
0.1952115297317505
0.19527176022529602
0.19538718461990356
0.1953805387020111
0.1955977976322174
0.19620470702648163
0.19755931198596954
0.19885069131851196
0.20014327764511108
0.1986045092344284
0.1974216103553772
0.19729062914848328
0.19773638248443604
0.1975964903831482
0.19649158418178558
0.19599124789237976
0.19670197367668152
0.19676098227500916
0.19586104154586792
0.1958911120891571
0.19626516103744507
0.1961338222026825
0.1959337443113327
0.19602881371974945
0.19651105999946594
0.19716650247573853
0.19694165885448456
0.19754301011562347
0.19800223410129547
0.19761046767234802
0.19606687128543854
0.1954750418663025
0.1959042251110077
0.19644391536712646
0.19621360301971436
0.19575457274913788
0.1961866319179535
0.19603809714317322
0.19537748396396637
0.1951945573091507
0.19534146785736084
0.1955614984035492
0.19546575844287872
0.1951824426651001
0.19539214670658112
0.1958240121603012
0.19594332575798035
0.19629158079624176
0.19650155305862427
0.19688370823860168
0.1967075914144516
0.19605685770511627
0.1952066272497177
0.19526900351047516
0.19566351175308228
0.19569090008735657
0.19559547305107117
0.19548118114471436
0.19555975496768951
0.19540566205978394
0.19518935680389404
0.1951594203710556
0.19513189792633057
0.19499190151691437
0.19487148523330688
0.19491103291511536
0.1950053721666336
0.19487285614013672
0.19469639658927917
0.19478309154510498
0.19498665630817413
0.19537533819675446
0.19635091722011566
0.19915588200092316
0.2040158212184906
0.21413974463939667
0.21214893460273743
0.20541636645793915
0.1976933777332306
0.20328253507614136
0.20836254954338074
0.20238634943962097
0.20100924372673035
0.20355790853500366
0.20176321268081665
0.19965721666812897
0.2018033266067505
0.20128242671489716
0.19808925688266754
0.2001619040966034
0.20044298470020294
0.20042309165000916
0.20440737903118134
0.2079325169324875
0.21408218145370483
0.2062850296497345
0.20207655429840088
0.19981209933757782
0.20274391770362854
0.2045144885778427
0.1990104615688324
0.19934773445129395
0.20067337155342102
0.20082733035087585
0.1992788165807724
0.19812345504760742
0.19877706468105316
0.19854408502578735
0.19881699979305267
0.19817021489143372
0.19817957282066345
0.19764550030231476
0.19879332184791565
0.20068393647670746
0.20466959476470947
0.2057565152645111
0.20553623139858246
0.19937540590763092
0.19809746742248535
0.20113621652126312
0.20049312710762024
0.1981457769870758
0.19798779487609863
0.1987990438938141
0.1986299455165863
0.19730322062969208
0.19719411432743073
0.1980142593383789
0.1972789168357849
0.1965315192937851
0.19642607867717743
0.19699230790138245
0.19663673639297485
0.19594556093215942
0.1960679292678833
0.1961805522441864
0.19625362753868103
0.19561810791492462
0.19555357098579407
0.1957208514213562
0.19574695825576782
0.19571629166603088
0.1956949084997177
0.19641192257404327
0.1978932023048401
0.19976986944675446
0.20256976783275604
0.2012605518102646
0.19888383150100708
0.197220116853714
0.19897045195102692
0.19881068170070648
0.19631673395633698
0.1970665603876114
0.19809365272521973
0.19618117809295654
0.19575901329517365
0.1970912367105484
0.1961415857076645
0.19537578523159027
0.19621284306049347
0.1959439367055893
0.19520577788352966
0.19551321864128113
0.1956784427165985
0.19512557983398438
0.1950952410697937
0.19534489512443542
0.19510282576084137
0.1948491930961609
0.19501441717147827
0.19507645070552826
0.19487443566322327
0.1949336677789688
0.19547954201698303
0.19625872373580933
0.19798368215560913
0.20027567446231842
0.20371046662330627
0.2008475363254547
0.1962873488664627
0.19585953652858734
0.19869323074817657
0.19846749305725098
0.1959708034992218
0.19687864184379578
0.19756345450878143
0.1957324594259262
0.19619199633598328
0.1971493363380432
0.19558952748775482
0.19538715481758118
0.19636601209640503
0.19543218612670898
0.1950635015964508
0.19574368000030518
0.19534066319465637
0.1949140429496765
0.19528305530548096
0.19530566036701202
0.1949109435081482
0.19513607025146484
0.19543786346912384
0.19547459483146667
0.19557955861091614
0.19608652591705322
0.19594921171665192
0.1953805387020111
0.1948581039905548
0.19479793310165405
0.19478151202201843
0.19471535086631775
0.19493338465690613
0.1951216757297516
0.19494938850402832
0.19459180533885956
0.194517582654953
0.1945367306470871
0.19443872570991516
0.19433380663394928
0.19442404806613922
0.1946144551038742
0.19465848803520203
0.19474154710769653
0.19491833448410034
0.19526369869709015
0.19538967311382294
0.19527854025363922
0.19470688700675964
0.19439908862113953
0.19449743628501892
0.19452455639839172
0.19452522695064545
0.19472558796405792
0.19500431418418884
0.1949610859155655
0.1946941465139389
0.19429126381874084
0.1942170113325119
0.19436821341514587
0.19430671632289886
0.1941675990819931
0.19427216053009033
0.19454526901245117
0.19474592804908752
0.19500207901000977
0.1951788067817688
0.19567465782165527
0.1958657056093216
0.1954188346862793
0.1943856179714203
0.1941608488559723
0.1946229785680771
0.1948365569114685
0.1947459876537323
0.19465723633766174
0.19498732686042786
0.19509321451187134
0.19469976425170898
0.19443894922733307
0.19490540027618408
0.19522511959075928
0.1949457824230194
0.19453933835029602
0.19450660049915314
0.19453132152557373
0.19425038993358612
0.1942204236984253
0.19469277560710907
0.1953764259815216
0.1963893175125122
0.19943909347057343
0.2038050889968872
0.21189278364181519
0.20816172659397125
0.19989529252052307
0.19740864634513855
0.20319873094558716
0.20313070714473724
0.20062381029129028
0.20616905391216278
0.20600323379039764
0.20214518904685974
0.20136091113090515
0.20278678834438324
0.2000596523284912
0.1992361694574356
0.20015253126621246
0.1988016963005066
0.20079652965068817
0.20348870754241943
0.2109079658985138
0.21841299533843994
0.2283429503440857
0.2088501751422882
0.20111247897148132
0.20687316358089447
0.20927926898002625
0.20734885334968567
0.20309308171272278
0.20235930383205414
0.20275849103927612
0.20624282956123352
0.20424114167690277
0.2027934044599533
0.2014504075050354
0.19965176284313202
0.20073562860488892
0.19929112493991852
0.20110386610031128
0.20036569237709045
0.19978782534599304
0.1990465521812439
0.1999078243970871
0.20365586876869202
0.20863133668899536
0.22080770134925842
0.21538814902305603
0.20961806178092957
0.20391161739826202
0.21252183616161346
0.208215594291687
0.19997239112854004
0.20537471771240234
0.2055377960205078
0.19903428852558136
0.2035529911518097
0.20209552347660065
0.1992165595293045
0.20126202702522278
0.20074152946472168
0.19968290627002716
0.20263569056987762
0.20541249215602875
0.21413588523864746
0.2208712100982666
0.22524642944335938
0.20378755033016205
0.20328904688358307
0.21445509791374207
0.20464828610420227
0.20342479646205902
0.20670722424983978
0.20236413180828094
0.20481660962104797
0.202523872256279
0.20076455175876617
0.2018514722585678
0.20152471959590912
0.19949905574321747
0.19945034384727478
0.19975140690803528
0.19855642318725586
0.19841505587100983
0.19932904839515686
0.19782891869544983
0.19867762923240662
0.19863542914390564
0.198910653591156
0.19917820394039154
0.200005441904068
0.1994309425354004
0.19813013076782227
0.197012796998024
0.19659271836280823
0.19684845209121704
0.19713188707828522
0.19742508232593536
0.19634242355823517
0.19596779346466064
0.19593411684036255
0.1960526406764984
0.1960015594959259
0.19600115716457367
0.19592943787574768
0.19554826617240906
0.1953897476196289
0.1953163892030716
0.19528678059577942
0.195048525929451
0.1951073706150055
0.19515332579612732
0.19522973895072937
0.195392906665802
0.19558849930763245
0.19590219855308533
0.1958010494709015
0.1955476999282837
0.195109024643898
0.19494229555130005
0.19483084976673126
0.19486886262893677
0.19493301212787628
0.19489367306232452
0.19485820829868317
0.19473177194595337
0.1948215365409851
0.19479581713676453
0.1945490837097168
0.19425730407238007
0.19420473277568817
0.19434413313865662
0.1944437026977539
0.19448554515838623
0.19452102482318878
0.19478760659694672
0.19513779878616333
0.19580480456352234
0.19631965458393097
0.19663631916046143
0.19555632770061493
0.19437289237976074
0.19449225068092346
0.19522622227668762
0.19503729045391083
0.194250226020813
0.19445374608039856
0.1950341761112213
0.1947711855173111
0.19429728388786316
0.19459766149520874
0.19497619569301605
0.19498883187770844
0.19483572244644165
0.19509969651699066
0.19491645693778992
0.19437122344970703
0.19418053328990936
0.19435182213783264
0.19411718845367432
0.19387251138687134
0.19414672255516052
0.19433067739009857
0.1941910833120346
0.1942017376422882
0.19465187191963196
0.19498202204704285
0.1952240914106369
0.19521678984165192
0.19534063339233398
0.19475792348384857
0.19393770396709442
0.19391697645187378
0.19443927705287933
0.1944187432527542
0.19406245648860931
0.19420373439788818
0.19437572360038757
0.19421875476837158
0.19409745931625366
0.19422456622123718
0.19407087564468384
0.19370311498641968
0.19366592168807983
0.193903386592865
0.19388550519943237
0.19372102618217468
0.19377641379833221
0.19399240612983704
0.1941514015197754
0.1947402060031891
0.19604447484016418
0.1986117660999298
0.19974002242088318
0.2000296711921692
0.1969127058982849
0.19592449069023132
0.19671738147735596
0.19697774946689606
0.19679827988147736
0.1954544484615326
0.1950235366821289
0.19586680829524994
0.1957307755947113
0.19464877247810364
0.19447916746139526
0.19521373510360718
0.19488249719142914
0.19400189816951752
0.19437184929847717
0.19476129114627838
0.19410023093223572
0.1939316838979721
0.19435065984725952
0.19416570663452148
0.19417957961559296
0.19490967690944672
0.19597914814949036
0.19723394513130188
0.20002305507659912
0.20010966062545776
0.19786079227924347
0.19474241137504578
0.19629940390586853
0.19740889966487885
0.1952768862247467
0.1954408586025238
0.19640588760375977
0.1951535940170288
0.19467049837112427
0.19535760581493378
0.19452589750289917
0.19424130022525787
0.1948978155851364
0.1942763775587082
0.19391807913780212
0.1944015622138977
0.19416220486164093
0.1939193159341812
0.19442716240882874
0.19475769996643066
0.19550059735774994
0.19713541865348816
0.20010489225387573
0.20023278892040253
0.1990349441766739
0.19558897614479065
0.19510668516159058
0.19658347964286804
0.19688630104064941
0.195833221077919
0.19443142414093018
0.19562989473342896
0.19622671604156494
0.1945839524269104
0.19431227445602417
0.19506652653217316
0.19496957957744598
0.19420337677001953
0.19413796067237854
0.1945124864578247
0.19410431385040283
0.19400429725646973
0.1941208392381668
0.1938861906528473
0.19378505647182465
0.19387675821781158
0.19413140416145325
0.19420291483402252
0.19483382999897003
0.19631916284561157
0.19875507056713104
0.19954314827919006
0.19960415363311768
