# best_iter: 2769, best_loss = 0.7421512007713318, imsave period = 10
705.3363037109375
83.16918182373047
33.39249801635742
17.493000030517578
9.816530227661133
6.817589282989502
4.945805549621582
3.76389741897583
3.037090301513672
2.608703851699829
2.282857894897461
2.05434513092041
1.8825147151947021
1.7581716775894165
1.66090726852417
1.5781769752502441
1.5164036750793457
1.4604512453079224
1.4157779216766357
1.377928614616394
1.341243863105774
1.3107354640960693
1.2888399362564087
1.2631943225860596
1.242624044418335
1.2251173257827759
1.212248682975769
1.1937808990478516
1.1790388822555542
1.1677522659301758
1.1550123691558838
1.1428035497665405
1.1342498064041138
1.1239262819290161
1.1164922714233398
1.1082288026809692
1.09999680519104
1.0924357175827026
1.0856032371520996
1.0791833400726318
1.075556755065918
1.069277048110962
1.0632882118225098
1.0580024719238281
1.0533623695373535
1.049591302871704
1.0440096855163574
1.0398029088974
1.0353941917419434
1.0322412252426147
1.0280325412750244
1.0246793031692505
1.0236173868179321
1.018075942993164
1.0148565769195557
1.0121700763702393
1.0096604824066162
1.0080406665802002
1.005241870880127
1.002474069595337
0.9999611377716064
0.997140109539032
0.9973178505897522
0.9935364723205566
0.9904935359954834
0.9937204122543335
0.9876832962036133
0.9846794605255127
0.995644211769104
0.9848209023475647
0.9806259870529175
0.9777663946151733
0.9757318496704102
0.9751783609390259
0.9788190126419067
0.9728912115097046
0.969719409942627
0.9678798317909241
0.9837562441825867
0.967296302318573
0.9642168283462524
0.9645669460296631
0.961555540561676
0.9595656394958496
0.9669609069824219
0.9597172737121582
0.9568518996238708
0.9547390937805176
0.9533432722091675
0.9679899215698242
0.9546747207641602
0.9511731863021851
0.9491701126098633
0.9486989378929138
0.946687638759613
0.9480176568031311
0.9448325037956238
0.9447811841964722
0.9425883293151855
1.3043780326843262
1.2888550758361816
1.0300742387771606
0.9878354668617249
0.9649878144264221
0.9549416899681091
0.948021411895752
0.9428313374519348
0.9391736388206482
0.9358879923820496
0.9336998462677002
0.9314335584640503
0.9297319650650024
0.9278985857963562
0.9266324639320374
0.9253257513046265
0.9242307543754578
0.9235585331916809
0.9222339391708374
0.9218992590904236
0.9237163662910461
0.9204952716827393
0.9191311597824097
0.9183382391929626
0.9173651933670044
0.9278693199157715
0.9192031621932983
0.9163653254508972
0.9146385192871094
0.9142535924911499
0.9147393703460693
0.9190109968185425
0.9120163321495056
0.9723225831985474
0.9147535562515259
0.9115941524505615
0.909848153591156
0.9091796875
0.9085702300071716
0.9970836639404297
0.911872386932373
0.9086831212043762
0.9069117307662964
1.091354250907898
1.5141010284423828
0.9834510684013367
0.9420596361160278
0.9268304109573364
0.9186563491821289
0.9129489660263062
0.9093395471572876
0.9064638614654541
0.904224157333374
0.9025161862373352
0.900941014289856
0.9000179767608643
0.9075016379356384
0.8986499905586243
0.8985626101493835
0.8972806334495544
0.8966718912124634
0.9010236263275146
0.8964126706123352
0.8951036930084229
968.3966674804688
409.7518310546875
59.64637756347656
16.400606155395508
6.519286155700684
4.065426826477051
2.753183364868164
2.098362922668457
1.7535024881362915
1.5544224977493286
1.4110397100448608
1.3215358257293701
1.2566285133361816
1.204174280166626
1.164785385131836
1.136087417602539
1.1135646104812622
1.0894238948822021
1.0720099210739136
1.0546625852584839
1.0398955345153809
1.0281764268875122
1.0163538455963135
1.0074973106384277
0.9975439310073853
0.9906351566314697
0.9832148551940918
0.9756462574005127
0.9704986214637756
0.9647548794746399
0.9598813056945801
0.9550155401229858
0.9500830173492432
0.9459102153778076
0.9419193267822266
0.9385117888450623
0.9351718425750732
0.9318968057632446
0.9288122653961182
0.9262748956680298
0.9236928820610046
0.9210199117660522
0.9186666011810303
0.9159481525421143
0.9137624502182007
0.9115672707557678
0.909541666507721
0.9074397087097168
0.9060116410255432
0.9041301012039185
0.9027079939842224
0.9012007117271423
0.8996778726577759
0.8983637690544128
0.897007405757904
0.8955608010292053
0.8947712779045105
0.8936225771903992
0.8922067880630493
0.8914709687232971
0.8902053833007812
0.8896177411079407
0.8882071375846863
0.8876883387565613
0.8867146968841553
0.8856802582740784
0.8876076936721802
0.8836663365364075
0.8827158212661743
0.8851572275161743
0.881395161151886
0.8801776170730591
0.8799980878829956
0.8786089420318604
0.8777661919593811
0.8814179301261902
0.8770021200180054
0.8753671646118164
0.8940427303314209
0.8788344860076904
0.8755102157592773
0.8737064003944397
0.8722970485687256
0.8715229034423828
0.907486081123352
1.08661687374115
0.8989860415458679
0.8847013115882874
0.8777146935462952
0.8737425804138184
0.8710026741027832
0.8691219687461853
0.8676247000694275
0.8664531707763672
0.8653141260147095
0.8646638989448547
0.8641589879989624
0.8635227084159851
0.8641403317451477
0.8625354766845703
0.8661580085754395
0.8626109957695007
0.8611714839935303
0.8626070022583008
0.8602097034454346
1.2360365390777588
0.8873615264892578
0.8693416714668274
0.8642852902412415
0.8609445095062256
0.8590785264968872
0.8577568531036377
0.8568751215934753
0.8560752272605896
49.552040100097656
28.294082641601562
3.67085599899292
1.7388882637023926
1.3034173250198364
1.146087884902954
1.0605074167251587
1.0113263130187988
0.9800066947937012
0.955132782459259
0.9388535022735596
0.9255203008651733
0.9146535992622375
0.9052714109420776
0.8975598216056824
0.890594482421875
0.8854712247848511
0.8808146119117737
0.8768395781517029
0.8734745979309082
0.8699877262115479
0.8667182922363281
0.8641905784606934
0.8618817925453186
0.8598126769065857
0.8576011061668396
0.855856716632843
0.8539694547653198
0.8524497747421265
0.8508291244506836
0.8494628071784973
0.8483781814575195
0.8470457196235657
0.8461329936981201
0.8452222347259521
0.8444783091545105
0.843597948551178
0.8429975509643555
0.8420916795730591
0.8415673971176147
0.8411198854446411
0.8404343724250793
0.8398720622062683
0.839339017868042
0.8389042019844055
0.8384043574333191
0.8378037810325623
0.8374654054641724
0.837168276309967
0.836596667766571
0.8362203240394592
0.8356805443763733
0.8351770043373108
0.8346415162086487
0.8343590497970581
0.8337512016296387
0.8338645696640015
0.8331003785133362
0.8326610326766968
0.8341689705848694
0.8323169350624084
0.8315539360046387
0.8311808109283447
0.8346655368804932
0.831859290599823
0.8306267857551575
0.8299092054367065
0.8295450210571289
0.8300255537033081
238.33221435546875
66.71720123291016
11.66346549987793
4.656653881072998
2.7469534873962402
1.9120726585388184
1.5518553256988525
1.358088731765747
1.2467776536941528
1.1609833240509033
1.1025540828704834
1.056512713432312
1.0293083190917969
1.0062414407730103
0.9870598316192627
0.9726886749267578
0.957833468914032
0.9461005926132202
0.9351469278335571
0.9256559610366821
0.9172671437263489
0.9094789624214172
0.9030063152313232
0.8978548049926758
0.8926581144332886
0.8877955079078674
0.8832988739013672
0.8793424367904663
0.8761849403381348
0.8728022575378418
0.8695722818374634
0.8672152757644653
0.864679753780365
0.8621131181716919
0.8599613904953003
0.8578543663024902
0.8559012413024902
0.8540995121002197
0.8525722622871399
0.8507692217826843
0.849154531955719
0.8477483987808228
0.8464017510414124
0.8451133966445923
0.8438156247138977
0.8425784707069397
0.8417378664016724
0.8406529426574707
0.8396334052085876
0.8385868072509766
0.8377285599708557
0.8369448781013489
0.836239218711853
0.8353006839752197
0.8343425393104553
0.8342452645301819
0.8329814076423645
0.8322290182113647
0.8314817547798157
0.8307777047157288
0.8302403688430786
0.8295990228652954
0.8291137218475342
0.8282727003097534
0.8277395963668823
0.8279026746749878
0.8265563249588013
0.8264455795288086
0.825261652469635
0.825023353099823
0.8241664171218872
0.8242148160934448
0.8232665657997131
0.8230024576187134
0.8223035335540771
0.8260529637336731
0.8229882717132568
0.8215956091880798
0.8207733035087585
0.8205372095108032
0.8221393823623657
0.8336799740791321
0.8241482973098755
0.8215701580047607
0.8199067115783691
0.8189398050308228
0.8181686997413635
0.8176571726799011
0.81739741563797
0.8173971772193909
0.8174861669540405
0.8164365291595459
0.8391684293746948
0.8196218609809875
0.8171836733818054
0.8160629272460938
0.8152613639831543
0.8156389594078064
0.8152546286582947
0.8144360184669495
0.8199436664581299
0.8153257369995117
0.8140992522239685
0.8134053349494934
0.8380711078643799
0.8158299326896667
0.813727080821991
0.812877357006073
0.826659083366394
118.00009155273438
29.890682220458984
6.051273822784424
2.83608078956604
1.8543320894241333
1.4754769802093506
1.2743875980377197
1.162939190864563
1.0965789556503296
1.039746642112732
1.0047807693481445
0.9767986536026001
0.951015830039978
0.9354986548423767
0.9200453758239746
0.9088171720504761
0.8990088701248169
0.8907906413078308
0.8823879957199097
0.8760889768600464
0.8695386052131653
0.8645530939102173
0.8594477772712708
0.8555870056152344
0.8516393899917603
0.8483045697212219
0.8453050255775452
0.84249347448349
0.8399335741996765
0.8371835947036743
0.8348450660705566
0.8330388069152832
0.8313232064247131
0.8295583724975586
0.8278119564056396
0.8260734677314758
0.8248569965362549
0.8235107064247131
0.8222957253456116
0.821121096611023
0.8201777935028076
0.8190076351165771
0.818293571472168
0.8174082040786743
0.8166584968566895
0.8160839080810547
0.8152212500572205
0.8144732713699341
0.8138943910598755
0.8131765723228455
0.8125093579292297
0.8119492530822754
0.8113856911659241
0.8114824295043945
0.8103103637695312
0.809726357460022
0.8090997934341431
0.8088387250900269
0.8079647421836853
0.8074500560760498
0.808063268661499
0.8067032694816589
0.8059216737747192
0.8056043982505798
0.8050870895385742
0.8051310777664185
0.8043049573898315
0.8041738271713257
0.8035585880279541
0.8035104870796204
0.8029851317405701
0.8036995530128479
0.8025885224342346
0.8019748330116272
0.8050274848937988
0.8027776479721069
0.8016358017921448
0.8009699583053589
0.8005135655403137
0.8002834320068359
0.8004759550094604
0.7998194098472595
0.8018560409545898
0.7997239232063293
0.7990418076515198
0.9033525586128235
0.8396873474121094
0.8146699070930481
0.8079751133918762
0.8043423891067505
0.8018880486488342
0.8001832365989685
0.799140453338623
0.7983043193817139
0.7975642085075378
0.7969865798950195
0.7964527606964111
0.7960307598114014
0.7957537174224854
0.7955353856086731
0.7953498363494873
0.7950890064239502
0.7952275276184082
0.794675886631012
0.7947615385055542
0.7958060503005981
0.7961064577102661
0.794636607170105
0.793933629989624
0.7938368320465088
1.6379122734069824
0.8587307929992676
0.8094810843467712
0.8017977476119995
0.7982068061828613
0.796174943447113
0.7949405312538147
0.7940459847450256
0.793366014957428
0.7928618788719177
0.7924001812934875
0.7926605343818665
0.791935920715332
0.7919058799743652
0.7959141731262207
0.7918570637702942
0.7913021445274353
12.735230445861816
21.28285789489746
3.990854263305664
1.6619032621383667
1.184305191040039
1.020877718925476
0.9534475207328796
0.9158578515052795
0.8885077238082886
0.8703435063362122
0.858016848564148
0.8488032221794128
0.8405373692512512
0.8338381052017212
0.8285568952560425
0.8235763907432556
0.8199499845504761
0.8162298798561096
0.8132688999176025
0.8108958601951599
0.8085156083106995
0.8063640594482422
0.8045948147773743
0.8029811978340149
0.8014901280403137
0.8003478050231934
0.7991018295288086
0.7979317903518677
0.7970588207244873
0.7961643934249878
0.7953917384147644
0.7946204543113708
0.7939573526382446
0.7932774424552917
0.7926151752471924
0.7921180725097656
0.7915059924125671
0.7909445762634277
0.7905335426330566
0.790148138999939
0.7898290157318115
0.7895309925079346
0.7892664074897766
0.78896164894104
0.7887099981307983
0.7885741591453552
0.7882315516471863
0.7880187034606934
0.7875992655754089
0.7874530553817749
0.7873764634132385
0.7869356870651245
0.7867078185081482
0.7868292331695557
0.7862691283226013
0.786514401435852
0.7859696745872498
0.7861424088478088
0.7855175137519836
0.7854135036468506
0.78513503074646
0.9868854880332947
0.7952487468719482
0.7896027565002441
0.7871077656745911
0.7858749032020569
0.7851236462593079
0.7846037745475769
0.7841809988021851
0.7838367223739624
0.7836444973945618
0.7881463170051575
0.7835381627082825
0.7833836674690247
0.7918930053710938
0.7842724323272705
0.7834570407867432
0.7830166220664978
0.7827615737915039
0.8476909399032593
0.7874272465705872
0.7850297689437866
0.7838611006736755
0.7830989360809326
0.7826112508773804
0.7822731137275696
17.753488540649414
144.3152618408203
12.821725845336914
3.853018283843994
2.125549793243408
1.6045281887054443
1.3176630735397339
1.1752636432647705
1.0755151510238647
1.0339336395263672
0.997564435005188
0.9669856429100037
0.9424914121627808
0.9241056442260742
0.9098645448684692
0.8964466452598572
0.8850269317626953
0.8759126663208008
0.8683531880378723
0.8627729415893555
0.8564884662628174
0.8516002893447876
0.8469185829162598
0.84258633852005
0.8385211229324341
0.8355503678321838
0.8319824934005737
0.8293631672859192
0.8263564109802246
0.8240471482276917
0.821816623210907
0.8196762800216675
0.8178299069404602
0.8160433173179626
0.8145171403884888
0.8131983280181885
0.8117339611053467
0.8102031350135803
0.8088195323944092
0.8075200319290161
0.8064365983009338
0.8053772449493408
0.8042807579040527
0.8031922578811646
0.8022233843803406
0.801375150680542
0.8006963729858398
0.8000764846801758
0.7992129921913147
0.7983696460723877
0.7978670597076416
0.7973329424858093
0.7967780828475952
0.7962692975997925
0.7960371971130371
0.7955365777015686
0.7951797246932983
0.7946509122848511
0.7941204905509949
0.7938493490219116
0.7931289076805115
0.7928406596183777
0.7922793626785278
0.7926406860351562
0.7916097640991211
0.7910137176513672
0.7948365807533264
0.7914553880691528
0.7904130816459656
0.7896941900253296
0.7891932725906372
0.7893255949020386
0.7898491621017456
0.7887681722640991
0.7882080674171448
0.788333535194397
0.788071870803833
0.7885612845420837
0.7874724864959717
0.7869265079498291
0.7867100238800049
0.790626585483551
0.7866392135620117
0.7861136794090271
0.7880136966705322
438.22271728515625
27.144027709960938
7.691686153411865
3.7896504402160645
2.3695266246795654
1.9756678342819214
1.496774673461914
1.3451892137527466
1.2256196737289429
1.149317979812622
1.0929292440414429
1.0531344413757324
1.0229525566101074
0.9988130331039429
0.975292444229126
0.9581910967826843
0.9437310695648193
0.9329016208648682
0.9203935861587524
0.9110004305839539
0.902040958404541
0.8944383859634399
0.88773512840271
0.8817694783210754
0.8752763271331787
0.8707082271575928
0.8663961887359619
0.8619257211685181
0.8582120537757874
0.8547325730323792
0.8513562083244324
0.8483421802520752
0.8454755544662476
0.8424999713897705
0.8402493596076965
0.8380332589149475
0.835828423500061
0.8339192271232605
0.8320903182029724
0.830156683921814
0.8284497857093811
0.8269311189651489
0.8251258134841919
0.8238659501075745
0.8226350545883179
0.8213088512420654
0.8201910853385925
0.8189228177070618
0.8176488280296326
0.8164302706718445
0.8153659105300903
0.8142449855804443
0.813379168510437
0.8123888969421387
0.8114387392997742
0.8106144666671753
0.8099197149276733
0.8094031810760498
0.8087162971496582
0.8080393671989441
0.8072758913040161
0.8067057132720947
0.80592942237854
0.805536150932312
0.8046160340309143
0.8039200901985168
0.803525447845459
0.8035707473754883
0.8025016784667969
0.8018027544021606
0.8019105195999146
0.8009392023086548
0.8004534840583801
0.8017051219940186
0.7997050881385803
0.7991316318511963
0.7998053431510925
0.7987873554229736
0.7979950308799744
0.8057292699813843
0.7991067171096802
0.7974704504013062
0.7965734004974365
0.7960278987884521
0.7960408926010132
0.795310378074646
0.7954124212265015
0.7946994304656982
0.7976611256599426
0.7942986488342285
0.7940953373908997
0.8016502261161804
0.7940585017204285
0.7931587100028992
0.792637050151825
16.083301544189453
61.21377944946289
6.191159248352051
2.5177860260009766
1.7462913990020752
1.3673877716064453
1.2012426853179932
1.0935046672821045
1.0309734344482422
0.9866273403167725
0.9578593373298645
0.9350183010101318
0.9160810708999634
0.9006929397583008
0.8880675435066223
0.8764685392379761
0.8682884573936462
0.8600666522979736
0.853316605091095
0.8474053740501404
0.8418992161750793
0.8372508883476257
0.8331049680709839
0.8292422890663147
0.8256484270095825
0.8223975300788879
0.8196617364883423
0.8172207474708557
0.8147211670875549
0.8124468922615051
0.8105023503303528
0.8085913062095642
0.8069636225700378
0.8052846193313599
0.8036896586418152
0.8024892807006836
0.8009809851646423
0.7998130917549133
0.7985783815383911
0.7974809408187866
0.7964403629302979
0.7953944802284241
0.794485330581665
0.7937155961990356
0.7929651737213135
0.7922149896621704
0.7914802432060242
0.79091876745224
0.7903313040733337
0.7898581027984619
0.7894383668899536
0.7888626456260681
0.7884215116500854
0.7877996563911438
0.7872018218040466
0.7868255972862244
0.7863475680351257
0.7858853936195374
0.7854717373847961
0.784989595413208
0.7847757339477539
0.7842814922332764
0.783947765827179
0.7837761640548706
0.7833046317100525
0.7829912900924683
0.7834919095039368
0.7823147773742676
0.7830874919891357
0.7820465564727783
0.7813560366630554
0.7813947200775146
0.7808147072792053
0.8001013398170471
0.7831215858459473
0.781295895576477
0.7803246378898621
0.7796648740768433
0.7792156934738159
0.7793368101119995
0.7787255048751831
0.7829548120498657
0.7791097164154053
0.7783713936805725
0.7778974175453186
0.7839292287826538
0.7787741422653198
0.777814507484436
0.7773326635360718
0.7772036790847778
0.7788779139518738
0.791930615901947
0.7795978784561157
0.7779419422149658
0.7770509719848633
0.7764793634414673
0.7760264873504639
0.7757328152656555
0.7771300673484802
0.7758349776268005
0.7754031419754028
0.7754840850830078
184.7877960205078
51.50947189331055
9.899815559387207
4.433535099029541
2.6291253566741943
1.8782963752746582
1.5315114259719849
1.3429464101791382
1.222381830215454
1.1474995613098145
1.09290611743927
1.0511741638183594
1.0159205198287964
0.990790843963623
0.9672808051109314
0.9463796019554138
0.9308768510818481
0.9178397059440613
0.9071696400642395
0.8981155753135681
0.8886224627494812
0.8806651830673218
0.8742492198944092
0.8679625988006592
0.8624208569526672
0.8576903343200684
0.8532736301422119
0.8493595719337463
0.8448452949523926
0.8412038683891296
0.8380873799324036
0.8347766399383545
0.8322081565856934
0.8297439813613892
0.827338457107544
0.825214147567749
0.8230149745941162
0.8213312029838562
0.8194490075111389
0.8178014159202576
0.815933346748352
0.8143795728683472
0.8128241896629333
0.8116748929023743
0.8103300929069519
0.8090757131576538
0.8079356551170349
0.8066762685775757
0.8054898381233215
0.8045635223388672
0.8035535216331482
0.8025826215744019
0.8017854690551758
0.8009223341941833
0.8001418113708496
0.7993886470794678
0.7984523773193359
0.7976596355438232
0.7968484163284302
0.7961887121200562
0.7956346869468689
0.79499751329422
0.794450044631958
0.7939780950546265
0.7934001684188843
0.7927346229553223
0.7921934127807617
0.7917828559875488
0.7911435961723328
0.7907524704933167
0.7909734845161438
0.7897520065307617
0.7891587018966675
0.7909935712814331
0.7886156439781189
0.7879339456558228
0.7875449061393738
0.7893473505973816
0.7874589562416077
0.7866343855857849
0.7869519591331482
0.7857010960578918
0.7871798872947693
0.7853304147720337
0.7846184372901917
0.7842187285423279
0.7867280840873718
0.7846202850341797
0.7836717963218689
0.7831819653511047
1.3314156532287598
0.7887089848518372
0.7849838733673096
0.7834821343421936
0.7825267910957336
0.7817853689193726
0.7814196944236755
0.9725515246391296
0.7920345067977905
0.784815788269043
0.7824945449829102
0.7813729047775269
0.7805257439613342
0.7799535393714905
0.7794593572616577
0.7793223261833191
0.7808666229248047
0.7791674137115479
0.7786664366722107
0.7793192863464355
0.7785711288452148
1.0485105514526367
173.1400909423828
18.560836791992188
4.180959701538086
2.2430171966552734
1.5740528106689453
1.2943792343139648
1.1314587593078613
1.0490238666534424
1.0002540349960327
0.9648023247718811
0.9354038238525391
0.9124866724014282
0.8955593705177307
0.883340060710907
0.8706897497177124
0.8617940545082092
0.8535881042480469
0.846217930316925
0.8395875692367554
0.8338757753372192
0.8289978504180908
0.825355052947998
0.8215309381484985
0.8180871605873108
0.8148516416549683
0.8116613030433655
0.8087718486785889
0.8063551187515259
0.80401611328125
0.802035927772522
0.799883246421814
0.7980634570121765
0.796715497970581
0.7949773669242859
0.7934666872024536
0.7921431660652161
0.7907776236534119
0.7896814346313477
0.7886463403701782
0.7875992059707642
0.7865851521492004
0.7856667637825012
0.784748375415802
0.7839401960372925
0.7831870913505554
0.7824414968490601
0.7817935347557068
0.7810147404670715
0.7804595828056335
0.7798982858657837
0.7793429493904114
0.7787771821022034
0.7783506512641907
0.7779702544212341
0.777406632900238
0.7770713567733765
0.7767236232757568
0.7762700319290161
0.7758893966674805
0.7755230665206909
0.7750927209854126
0.774745762348175
0.7744967341423035
0.7739696502685547
0.7736526131629944
0.773332417011261
0.7731093168258667
0.7726578116416931
0.77260822057724
0.7721364498138428
0.772227942943573
0.7716397047042847
0.7715481519699097
0.7714642286300659
0.7709009647369385
0.7708554863929749
0.7703830599784851
0.8150380253791809
0.7734048962593079
0.7713576555252075
0.7704533338546753
0.7697913646697998
0.7692541480064392
0.7688473463058472
0.7691643238067627
0.7684853076934814
0.7703360319137573
0.7686389684677124
0.7681064009666443
5.1729736328125
189.92413330078125
23.172849655151367
6.833036422729492
3.226663112640381
2.1847498416900635
1.6610345840454102
1.3546864986419678
1.2214981317520142
1.1392183303833008
1.072701096534729
1.0250998735427856
0.9925742149353027
0.9638636112213135
0.9413345456123352
0.924405574798584
0.9093303680419922
0.8990102410316467
0.8870664834976196
0.8779550790786743
0.8695403337478638
0.8630877733230591
0.8562484383583069
0.850547194480896
0.8461546301841736
0.8414902091026306
0.8374422788619995
0.8334835767745972
0.830310583114624
0.8273264169692993
0.823900043964386
0.8212652206420898
0.8189212679862976
0.8166409134864807
0.8142580986022949
0.8123064041137695
0.8101844191551208
0.8084900379180908
0.8065775632858276
0.8050616383552551
0.8037639856338501
0.8020767569541931
0.8007863163948059
0.7996506690979004
0.7984973192214966
0.7974182367324829
0.7962790131568909
0.7953252792358398
0.794262707233429
0.7932994365692139
0.792266309261322
0.7913586497306824
0.7905284762382507
0.7896912693977356
0.7888646721839905
0.7881287336349487
0.7873767018318176
0.786677360534668
0.7860442399978638
0.7854587435722351
0.7848815321922302
0.7844392657279968
0.7838102579116821
0.7835103273391724
0.7831791639328003
0.782295286655426
0.7818381786346436
0.7812590599060059
0.7807480692863464
0.7803654670715332
0.7800515294075012
0.7794466018676758
0.7790600061416626
0.7787641286849976
0.7784316539764404
0.7781257033348083
0.7774081826210022
0.7769815325737
0.8111342191696167
0.7829403877258301
0.7795570492744446
0.7777497172355652
0.7764691114425659
0.7755802869796753
0.7749558687210083
0.7743589282035828
0.7739614844322205
0.7737473845481873
0.7739272713661194
0.7732189893722534
0.7735671401023865
0.7727338671684265
0.7726035118103027
0.7735691666603088
0.7725905179977417
0.7718843817710876
1.061079740524292
170.66233825683594
17.149534225463867
3.962129831314087
2.018771171569824
1.392364263534546
1.1842060089111328
1.0650604963302612
0.9938157200813293
0.954313337802887
0.9225116968154907
0.8991433382034302
0.881006121635437
0.8694848418235779
0.8569304943084717
0.8469589948654175
0.8392897844314575
0.8324608206748962
0.826697826385498
0.8210672736167908
0.8166050910949707
0.8122345209121704
0.8087654113769531
0.8053815364837646
0.8029319643974304
0.8000708818435669
0.7976676821708679
0.7953279614448547
0.7933862805366516
0.7913892269134521
0.7895428538322449
0.7878759503364563
0.7863555550575256
0.7850081324577332
0.7838572859764099
0.7824761867523193
0.7814323902130127
0.7803218364715576
0.77942955493927
0.7784788608551025
0.7775622606277466
0.7767860889434814
0.7760094404220581
0.7753020524978638
0.7745797634124756
0.7739570736885071
0.7733596563339233
0.7729181051254272
0.7723632454872131
0.7718924283981323
0.7713373303413391
0.7708901166915894
0.7705077528953552
0.7701095342636108
0.7697508335113525
0.7693356275558472
0.769087553024292
0.7687282562255859
0.768450915813446
0.768070638179779
0.7678669095039368
0.7674040794372559
0.7673918008804321
0.7668487429618835
0.7665587663650513
0.7664282917976379
0.7659742832183838
0.7658095955848694
0.7654075026512146
0.7653552293777466
0.7649679183959961
0.7651143074035645
0.7645342350006104
0.7642509937286377
381.239501953125
98.4632797241211
13.223648071289062
4.93119478225708
2.5837881565093994
1.924496054649353
1.5624275207519531
1.3325625658035278
1.2182328701019287
1.140406847000122
1.084062099456787
1.0399589538574219
1.0029995441436768
0.9820885062217712
0.956451952457428
0.9402416944503784
0.9228834509849548
0.9106149077415466
0.8994367718696594
0.8914865255355835
0.8814651966094971
0.8749139904975891
0.8693366646766663
0.8628074526786804
0.8582056164741516
0.85304194688797
0.8490152955055237
0.8449931740760803
0.8414378762245178
0.8380069732666016
0.8348749876022339
0.8320131301879883
0.8293733596801758
0.8267763257026672
0.8244574666023254
0.8221524953842163
0.8200745582580566
0.8182921409606934
0.8164860010147095
0.8145214319229126
0.8129588961601257
0.8113225102424622
0.8097743988037109
0.8083510994911194
0.8070138096809387
0.8057259321212769
0.8045976758003235
0.8032065033912659
0.8021455407142639
0.8011350035667419
0.8001057505607605
0.799243688583374
0.7983087301254272
0.7974642515182495
0.7965925931930542
0.7959257960319519
0.794981062412262
0.7941252589225769
0.793753445148468
0.7929221391677856
0.7920630574226379
0.7916431427001953
0.7910616397857666
0.7903254628181458
0.789897620677948
0.7893670797348022
0.7886170148849487
0.7891939878463745
0.7879176735877991
0.7870665788650513
0.7866268754005432
0.7858800888061523
0.785847544670105
0.7849370241165161
0.784481406211853
0.7841726541519165
0.7835443019866943
0.7831188440322876
0.7837266325950623
0.7828484773635864
0.7818796634674072
0.7812343239784241
322.57965087890625
41.718055725097656
6.9577813148498535
3.499635934829712
2.1205549240112305
1.5764377117156982
1.3020498752593994
1.1659016609191895
1.0851719379425049
1.0285863876342773
0.9895927906036377
0.9633839726448059
0.9410594701766968
0.9218771457672119
0.9069187641143799
0.8935202956199646
0.8827247619628906
0.8731541633605957
0.8641331791877747
0.8565990924835205
0.8509237766265869
0.8450891375541687
0.8396868109703064
0.8351737260818481
0.830541729927063
0.8269133567810059
0.8233552575111389
0.8201272487640381
0.8172367811203003
0.8141448497772217
0.8117682933807373
0.8094156980514526
0.8071359992027283
0.8053379654884338
0.8037747144699097
0.8021544218063354
0.8003337383270264
0.7991140484809875
0.7977537512779236
0.7963147163391113
0.7951171398162842
0.7938519716262817
0.7926775813102722
0.7915900349617004
0.7905677556991577
0.789496123790741
0.7885304689407349
0.7878900766372681
0.7870432734489441
0.7862914204597473
0.7854256629943848
0.784639835357666
0.7840248346328735
0.7834553718566895
0.7827067971229553
0.7820779085159302
0.7815346121788025
0.7810754179954529
0.7806491851806641
0.7801881432533264
0.7797341346740723
0.7794707417488098
0.77890944480896
0.7786530256271362
0.7779583930969238
0.7775368094444275
0.7770805358886719
0.776678740978241
0.7766686677932739
0.7761102914810181
0.7756345868110657
0.7753567695617676
0.7748548984527588
0.7744961977005005
0.778165876865387
0.7741348743438721
0.7734194397926331
0.7739216685295105
0.772884726524353
0.7725315093994141
0.778388261795044
0.7737564444541931
0.7724895477294922
0.7717308402061462
0.7711986899375916
0.7709112167358398
0.7707180380821228
0.7724530696868896
0.7702752351760864
0.7780794501304626
0.7707359790802002
0.7698612809181213
0.7693905830383301
0.8749890327453613
0.7717762589454651
0.769923985004425
0.7690435647964478
0.7683964371681213
0.7775350213050842
0.7681447267532349
0.7679325342178345
131.41851806640625
114.84696960449219
10.910558700561523
3.6312036514282227
2.0874578952789307
1.5447262525558472
1.2783408164978027
1.1614596843719482
1.064002513885498
1.0097627639770508
0.9708328247070312
0.9463189840316772
0.9188500642776489
0.8997453451156616
0.8831920027732849
0.8723136186599731
0.8622282147407532
0.8524531722068787
0.844880223274231
0.8389761447906494
0.8329572081565857
0.8272516131401062
0.8232079148292542
0.8191345930099487
0.8156507611274719
0.8125596642494202
0.8092262744903564
0.8063842058181763
0.8040699362754822
0.8015922904014587
0.799479067325592
0.797313928604126
0.7956368923187256
0.7938727736473083
0.7924264073371887
0.7909404635429382
0.789604902267456
0.78814697265625
0.7869423031806946
0.7855224013328552
0.7843595743179321
0.7832964062690735
0.7823776006698608
0.7813907265663147
0.7804341316223145
0.7795318961143494
0.7786846160888672
0.7778717875480652
0.7771080732345581
0.7763239145278931
0.7757377028465271
0.7751514911651611
0.7744709253311157
0.7739067077636719
0.7733640670776367
0.772966206073761
0.7724283933639526
0.7719055414199829
0.7713301181793213
0.7709090709686279
0.7704390287399292
0.7701971530914307
0.7695992588996887
0.7690702080726624
0.7693021297454834
0.7684126496315002
0.7680392265319824
0.7675668597221375
0.7674466371536255
0.7669140100479126
0.7668368220329285
0.7662497758865356
0.7718642354011536
0.7665637731552124
0.7657268643379211
0.7651302814483643
0.7648105621337891
0.7645979523658752
0.7648613452911377
0.7642313838005066
0.7646661400794983
0.7637735605239868
0.7702763676643372
0.7640582323074341
0.7633547186851501
0.7628862857818604
0.7662562131881714
0.762900173664093
0.7623715400695801
0.7626736164093018
0.7619874477386475
0.7759893536567688
0.7640566825866699
0.762590229511261
0.761893093585968
0.7613582611083984
0.7610263824462891
0.7746161818504333
0.766382098197937
0.7625982165336609
0.7614749073982239
0.7608019709587097
0.7603110074996948
0.7620676159858704
0.7602657079696655
0.7597744464874268
29.952356338500977
237.61660766601562
17.838909149169922
5.189136981964111
2.7694125175476074
1.9383985996246338
1.5283050537109375
1.3216588497161865
1.1947956085205078
1.1088988780975342
1.0526599884033203
1.008903980255127
0.9758930802345276
0.9521157145500183
0.9321731925010681
0.9136437773704529
0.898639440536499
0.8863562345504761
0.8748236298561096
0.8662070631980896
0.8578277230262756
0.8503597974777222
0.8441396355628967
0.8385702967643738
0.8333150744438171
0.8291711807250977
0.8252365589141846
0.8216357231140137
0.818022608757019
0.8148678541183472
0.811862587928772
0.8096458911895752
0.807410717010498
0.8049378991127014
0.8027729988098145
0.8011040687561035
0.7993296384811401
0.7975051999092102
0.7957724928855896
0.794184684753418
0.7925376892089844
0.791075587272644
0.789899468421936
0.7885748147964478
0.7873058915138245
0.786156415939331
0.7850146889686584
0.784126877784729
0.7831398248672485
0.7823047041893005
0.7815492749214172
0.7806945443153381
0.7799285650253296
0.7795261144638062
0.7787386775016785
0.7780947089195251
0.7776730060577393
0.7769885063171387
0.776543378829956
0.7759355902671814
0.7755176424980164
0.7748217582702637
0.7744100093841553
0.7739065885543823
0.7733380198478699
0.7729440331459045
0.7729359865188599
0.7721773982048035
0.7720180749893188
0.7713679671287537
0.7708917260169983
0.7709029912948608
0.770190417766571
0.7702906727790833
0.7695179581642151
0.7698410153388977
0.7688853144645691
0.7684983015060425
0.7682703733444214
0.7680778503417969
1.3224689960479736
234.2377166748047
20.825700759887695
4.591108798980713
2.242182493209839
1.5168019533157349
1.2422086000442505
1.1145086288452148
1.0384671688079834
0.9846065044403076
0.945765495300293
0.9189584255218506
0.9004067182540894
0.8818472027778625
0.8689892292022705
0.8576387763023376
0.8486655950546265
0.8403746485710144
0.8331160545349121
0.8278159499168396
0.8216569423675537
0.8172773718833923
0.812910795211792
0.8087753653526306
0.805493950843811
0.8021280765533447
0.7993495464324951
0.7968118786811829
0.7948735952377319
0.7925106883049011
0.7904361486434937
0.7888837456703186
0.7869630455970764
0.7852515578269958
0.7836207747459412
0.7822811007499695
0.7808958292007446
0.779590904712677
0.7784091234207153
0.7773376107215881
0.7761848568916321
0.7752746343612671
0.7743330001831055
0.7734573483467102
0.7726230621337891
0.7717731595039368
0.771084189414978
0.7704048752784729
0.7698333859443665
0.7692131996154785
0.7686806917190552
0.7681563496589661
0.7675512433052063
0.7670184969902039
0.7665529847145081
0.7660428285598755
0.7655327320098877
0.7650511860847473
0.7645856142044067
0.7641981244087219
0.7638469934463501
0.763441801071167
0.7631341814994812
0.7628384232521057
0.7626157999038696
0.7622643709182739
0.7622129917144775
0.7616255879402161
0.7614434361457825
0.761055588722229
0.7608206868171692
0.7605398893356323
0.7603097558021545
0.7599666714668274
0.7601463794708252
0.7595672607421875
0.759581983089447
0.7590243816375732
0.7596222162246704
0.7588596343994141
0.7584863901138306
0.764855682849884
0.7589275240898132
0.7582517862319946
0.7578076124191284
0.7581868767738342
0.7580413222312927
0.7574747800827026
0.7572120428085327
0.7570062279701233
0.7593222260475159
0.7575663924217224
0.7569220066070557
0.7564644813537598
0.7804116606712341
0.7626678347587585
0.7584857940673828
0.7573732137680054
0.7566546201705933
0.7560407519340515
0.7556820511817932
0.755474865436554
0.7557303309440613
0.755207896232605
0.755605936050415
0.7551454901695251
0.7578476071357727
0.7557798027992249
0.7551109194755554
0.7547606825828552
0.7562775015830994
0.7548172473907471
0.7798193693161011
0.7907105684280396
0.7664585113525391
0.7611352205276489
0.7588357329368591
0.7571918964385986
0.7561386227607727
0.7554044127464294
0.7547776699066162
0.7543272972106934
0.7539752125740051
0.7617247104644775
0.7541618943214417
0.7535265684127808
0.7538120746612549
2.5406153202056885
130.3733367919922
26.964502334594727
5.177464962005615
2.394984483718872
1.7126702070236206
1.376395344734192
1.1425111293792725
1.0547316074371338
0.99415522813797
0.9611455202102661
0.9304298162460327
0.9073976874351501
0.8892607092857361
0.8743570446968079
0.8612754344940186
0.8502974510192871
0.8411323428153992
0.8334476947784424
0.8269736766815186
0.8214861154556274
0.8161047101020813
0.811714768409729
0.8080902099609375
0.8040075302124023
0.8004125952720642
0.7974876165390015
0.7952231168746948
0.7924860715866089
0.7903060913085938
0.7882459163665771
0.7863881587982178
0.7844519019126892
0.7828404307365417
0.7811200618743896
0.7796670198440552
0.7783869504928589
0.7770271897315979
0.7758422493934631
0.7746452689170837
0.7734712958335876
0.7724062204360962
0.7714911699295044
0.7707017064094543
0.7699412107467651
0.7691469192504883
0.7684455513954163
0.7678270936012268
0.7674607038497925
0.7669451236724854
0.7663655281066895
0.765877902507782
0.7653672099113464
0.7648410201072693
0.7645399570465088
0.7641167640686035
0.763542652130127
0.7630664706230164
0.7627834677696228
0.7622655630111694
0.7619632482528687
0.7615585327148438
0.7613196969032288
0.7607368230819702
0.760382354259491
0.7601475715637207
0.7597794532775879
0.7594956755638123
0.7590533494949341
0.7593079805374146
0.7586159706115723
0.7583199739456177
0.7616598606109619
0.7580537796020508
0.7574871778488159
0.7570911645889282
0.7568996548652649
0.7746963500976562
0.7609024047851562
0.7585127949714661
0.7571183443069458
0.7562742829322815
0.7557769417762756
0.7554060220718384
0.7550922632217407
0.7550341486930847
0.7584506869316101
0.755104660987854
0.7544594407081604
0.7575829029083252
0.7758743762969971
0.761740505695343
0.7579942941665649
0.7561729550361633
0.7550716400146484
0.754264235496521
0.7536836266517639
0.7532172203063965
0.7528805732727051
0.7526274919509888
0.7537612915039062
0.7526807188987732
0.7521618604660034
0.7523366212844849
0.7520538568496704
0.7517768740653992
0.7529398798942566
0.7519010901451111
0.7514991760253906
1.0075387954711914
0.7525098323822021
0.7516213059425354
0.7511957883834839
0.7509409189224243
0.7747933864593506
0.7538784146308899
0.7521867752075195
0.7513917684555054
0.7509101629257202
0.9815318584442139
0.7644811868667603
0.7548549771308899
0.7527443766593933
0.7515246272087097
0.7508977055549622
0.7504599690437317
0.7508476972579956
0.7501223683357239
0.7507340908050537
0.7500998973846436
1.3682986497879028
0.7692418694496155
0.7586633563041687
0.7549506425857544
0.7530278563499451
0.7516096830368042
0.7508107423782349
0.7502561211585999
0.7499338984489441
0.750036895275116
0.7511928081512451
0.7503148317337036
0.7495715618133545
0.7544201612472534
0.7494795322418213
3.484065055847168
71.51203155517578
7.589419364929199
2.7042365074157715
1.7288609743118286
1.3441822528839111
1.1596988439559937
1.0564370155334473
0.9966146945953369
0.9530846476554871
0.9221793413162231
0.9006297588348389
0.8812041282653809
0.8670248985290527
0.8541357517242432
0.8438452482223511
0.8339471220970154
0.8272997140884399
0.820673406124115
0.814790666103363
0.8097360134124756
0.8052308559417725
0.8011831045150757
0.7977169156074524
0.7946093678474426
0.7918699979782104
0.7888761758804321
0.7865015268325806
0.7843968868255615
0.7823717594146729
0.7806398272514343
0.7790533900260925
0.7773534059524536
0.7758499979972839
0.774561882019043
0.7733311653137207
0.7721782922744751
0.7709110975265503
0.7700809240341187
0.7690034508705139
0.7681311368942261
0.7671489119529724
0.7662616968154907
0.7654703855514526
0.7649320960044861
0.7643460035324097
0.7638818025588989
0.7632516622543335
0.7627375721931458
0.7621915340423584
0.7617340087890625
0.7614362239837646
0.7609474658966064
0.76041179895401
0.7598422765731812
0.7593640685081482
0.7590036392211914
0.7585547566413879
0.7581835985183716
0.757784366607666
0.7573260068893433
0.7569985389709473
0.7565218210220337
0.756189227104187
0.7558260560035706
0.7555580139160156
0.7551687955856323
0.7550182342529297
0.7544553279876709
0.7552094459533691
0.7542393207550049
0.7537299394607544
0.7534925937652588
0.7601069808006287
0.7547592520713806
0.753652811050415
0.7529578804969788
0.7525041103363037
0.7522755861282349
0.7563939094543457
0.7530555725097656
0.7521491646766663
0.7516504526138306
0.7512890696525574
325.588134765625
198.4679718017578
22.84571647644043
6.939465522766113
3.7580456733703613
2.4389915466308594
1.8595880270004272
1.5241670608520508
1.343430995941162
1.2279353141784668
1.145092487335205
1.0966657400131226
1.04723060131073
1.0141699314117432
0.9863488674163818
0.9662103056907654
0.9460656642913818
0.9313079118728638
0.9176575541496277
0.9048960208892822
0.894558846950531
0.8867442607879639
0.8783799409866333
0.8715388178825378
0.8648014068603516
0.8587186932563782
0.8540383577346802
0.8494696021080017
0.8451420068740845
0.8417487740516663
0.8379974365234375
0.8344388008117676
0.8310972452163696
0.828475832939148
0.8257160186767578
0.8233568668365479
0.820697546005249
0.8187434077262878
0.8165757060050964
0.8145909309387207
0.8125969171524048
0.8109471797943115
0.8092493414878845
0.8078353404998779
0.8061503171920776
0.8047274351119995
0.8032100200653076
0.8020704984664917
0.8006470799446106
0.7996412515640259
0.7984650731086731
0.7974644899368286
0.7963982820510864
0.7953425645828247
0.7943534255027771
0.7935324907302856
0.7926996946334839
0.7917481660842896
0.7910234928131104
0.7904975414276123
0.7897771000862122
0.7891324758529663
0.7888388633728027
0.788076639175415
0.7873340845108032
0.7867907881736755
0.7860882878303528
0.7857261300086975
0.7850198745727539
0.7844215631484985
0.7839102149009705
0.7833874225616455
0.782834529876709
0.7823800444602966
0.7818644046783447
0.7813453674316406
0.7809788584709167
0.7805322408676147
0.7800930738449097
0.7797388434410095
0.7800744771957397
0.7791474461555481
0.7784794569015503
0.7780705690383911
0.7788139581680298
0.7777110934257507
0.7770861387252808
0.7793049812316895
0.7767017483711243
0.7780873775482178
0.7762211561203003
0.7756334543228149
0.778657078742981
0.7760342359542847
0.7751449346542358
0.7746095061302185
0.7809402346611023
0.7742881774902344
0.7737859487533569
23.243974685668945
99.46295928955078
11.494036674499512
4.448559761047363
2.422382116317749
1.725022554397583
1.3709684610366821
1.2078938484191895
1.1157116889953613
1.0572649240493774
1.0089147090911865
0.9710464477539062
0.9466730356216431
0.9268441200256348
0.9096806049346924
0.89458167552948
0.8820579051971436
0.8714022636413574
0.8627707958221436
0.8548012375831604
0.8474820256233215
0.8408061861991882
0.8355306386947632
0.8314018249511719
0.8267198204994202
0.8232847452163696
0.8196716904640198
0.8167526125907898
0.813711941242218
0.8111142516136169
0.8084069490432739
0.8061156868934631
0.8037235736846924
0.8018046021461487
0.8000504970550537
0.7982900142669678
0.7965413331985474
0.7949968576431274
0.7933138608932495
0.791863739490509
0.790647029876709
0.7894207239151001
0.7882226705551147
0.7870479226112366
0.786081850528717
0.7851293087005615
0.7840540409088135
0.7830507755279541
0.7823928594589233
0.7816722989082336
0.7810224890708923
0.7803158164024353
0.7797971963882446
0.7790933847427368
0.7784606218338013
0.7778787016868591
0.7773983478546143
0.7768740653991699
0.7762468457221985
0.7757464051246643
0.7762701511383057
0.7749186158180237
0.774357795715332
0.7743010520935059
0.7734057903289795
0.7729398012161255
0.7725228071212769
0.7720987200737
0.7717829346656799
0.771248459815979
0.7711946964263916
0.7705597877502441
0.7702921032905579
0.7704463601112366
0.7696945667266846
0.7698878645896912
0.7691555619239807
0.7686190605163574
0.7684270143508911
0.7730587720870972
0.7687444686889648
0.7677737474441528
0.7672119140625
0.7669231295585632
0.7693760395050049
0.7743659019470215
0.7687482237815857
0.7673736214637756
0.7664394974708557
0.7657956480979919
0.7653176784515381
0.7650743722915649
0.7798154950141907
0.7650498747825623
0.7644609212875366
0.7648523449897766
0.7641866207122803
0.807890772819519
0.7720140814781189
0.7671815752983093
0.7654351592063904
0.7644084692001343
0.7636004090309143
0.7630760669708252
0.7626619935035706
0.7639312744140625
0.7623017430305481
0.7641521096229553
0.7621393203735352
0.7617814540863037
0.7623426914215088
0.7616098523139954
19.546566009521484
135.73004150390625
14.639071464538574
3.967707633972168
2.2094743251800537
1.5426015853881836
1.314826488494873
1.136273741722107
1.0643079280853271
1.003017544746399
0.9616186618804932
0.9312553405761719
0.9075727462768555
0.8882891535758972
0.8741509914398193
0.8614971041679382
0.8516409993171692
0.8420369625091553
0.8343358635902405
0.8274487853050232
0.8210848569869995
0.8175349235534668
0.8128783702850342
0.8088473081588745
0.8051927089691162
0.8023394346237183
0.799252986907959
0.7960524559020996
0.7936898469924927
0.7915241718292236
0.7894852161407471
0.787723183631897
0.7858873605728149
0.7844420075416565
0.7829297780990601
0.7814382910728455
0.7799832224845886
0.7790012955665588
0.7777502536773682
0.7766129970550537
0.7756214141845703
0.7746102809906006
0.7736909985542297
0.7727691531181335
0.7720415592193604
0.7713773250579834
0.7706774473190308
0.7698085308074951
0.7691383361816406
0.7685114145278931
0.7679870128631592
0.7676407694816589
0.7670262455940247
0.766593337059021
0.7662058472633362
0.7660199999809265
0.7654762268066406
0.7654181122779846
0.7647632956504822
0.7644078135490417
0.7640874981880188
0.763664960861206
0.7633308172225952
0.762843132019043
0.7629538774490356
0.7622642517089844
0.7618464231491089
0.7615036964416504
0.7615721821784973
0.7609472274780273
0.7608579993247986
0.7603480815887451
0.7603105902671814
0.7598146796226501
0.7599039077758789
0.759310245513916
0.7591302990913391
0.7691990733146667
0.7595235705375671
0.7586515545845032
0.7582054734230042
0.7581210732460022
0.7584259510040283
0.75762540102005
0.7650417685508728
0.7582674622535706
0.7574198246002197
0.7569097876548767
0.7571319937705994
0.7565284967422485
0.7575241327285767
0.7564195394515991
0.7561107873916626
0.7781770825386047
0.7595757842063904
0.7576076984405518
0.7565124034881592
0.755875825881958
0.7554161548614502
0.7549952864646912
0.7549155950546265
0.7569652795791626
0.7549567818641663
0.7546929717063904
290.393798828125
85.76072692871094
14.836287498474121
4.906229019165039
2.6999707221984863
1.8600808382034302
1.4613871574401855
1.3013153076171875
1.1758484840393066
1.094200611114502
1.0387210845947266
1.0041730403900146
0.9728055000305176
0.9503518342971802
0.9285944700241089
0.9121638536453247
0.8974459171295166
0.8861112594604492
0.875969409942627
0.8665343523025513
0.8599193096160889
0.8519881963729858
0.8457772731781006
0.8399969935417175
0.8345935940742493
0.8301057815551758
0.8259589672088623
0.8225006461143494
0.8187549114227295
0.8155612945556641
0.8127726912498474
0.8102379441261292
0.8079344630241394
0.8056478500366211
0.8033804297447205
0.801432728767395
0.7993740439414978
0.7976778149604797
0.7958523035049438
0.7941851615905762
0.7926158905029297
0.7912746071815491
0.7897735238075256
0.7886158227920532
0.7874851822853088
0.7862069010734558
0.7851227521896362
0.7842791080474854
0.7832468152046204
0.7822950482368469
0.7814081907272339
0.7805206179618835
0.7797602415084839
0.7791382670402527
0.7785030603408813
0.7779083847999573
0.7772203683853149
0.7765874266624451
0.7759773135185242
0.7755239605903625
0.7749274969100952
0.7742920517921448
0.7738983035087585
0.7731983661651611
0.772781491279602
0.7724412679672241
0.7717805504798889
0.771307647228241
0.7709241509437561
0.7702467441558838
0.770018994808197
0.76930171251297
0.7704821228981018
0.7689176201820374
0.7682210803031921
0.7677282094955444
0.7673917412757874
0.7674260139465332
0.7666894793510437
0.7755486965179443
0.7667605876922607
0.765976071357727
0.7656251192092896
0.8287142515182495
0.766080379486084
0.7650392055511475
0.7644486427307129
0.7658362984657288
0.7642043828964233
0.7636245489120483
0.7636053562164307
0.7679736018180847
0.7639855742454529
0.7631087899208069
0.7625368237495422
0.7640306353569031
0.762241005897522
0.7622867822647095
26.366607666015625
614.796142578125
11.482083320617676
3.414006233215332
1.9550154209136963
1.4356509447097778
1.1922084093093872
1.0663336515426636
0.9960039854049683
0.9576773643493652
0.9226198792457581
0.899260401725769
0.8789551258087158
0.8679376840591431
0.8545455932617188
0.844880223274231
0.8364078998565674
0.8289810419082642
0.8230634927749634
0.8171718716621399
0.8114305138587952
0.8069011569023132
0.802952766418457
0.7992789149284363
0.7962864637374878
0.7934597134590149
0.7909243106842041
0.7885715365409851
0.786246657371521
0.7844526767730713
0.7825175523757935
0.7807623147964478
0.7790976762771606
0.7774094343185425
0.7761426568031311
0.7748758792877197
0.7735483646392822
0.7725266814231873
0.7715142965316772
0.7704654932022095
0.7695356607437134
0.7685374617576599
0.7677195072174072
0.7669005990028381
0.7661528587341309
0.7654821872711182
0.764899730682373
0.764197051525116
0.763612687587738
0.7631532549858093
0.7626037001609802
0.7621079683303833
0.7616427540779114
0.7612026333808899
0.7607948184013367
0.760405957698822
0.7600080966949463
0.7597869634628296
0.7594113349914551
0.7589915990829468
0.7586395740509033
0.7583711743354797
0.7580872178077698
0.7577068209648132
0.75737464427948
0.7572782635688782
0.7568260431289673
0.7564806342124939
0.756263792514801
0.756026566028595
0.7558578252792358
0.7554352283477783
0.7659696340560913
0.7559955716133118
0.7551200985908508
0.7546095848083496
0.7542439699172974
0.7592624425888062
0.7544763088226318
0.7539142370223999
0.7535210847854614
0.7537107467651367
0.7532227635383606
0.7532450556755066
56.392547607421875
154.69395446777344
12.268987655639648
4.467870235443115
2.428347110748291
1.7462494373321533
1.391047477722168
1.1973230838775635
1.0927907228469849
1.0279452800750732
0.9874200820922852
0.9528006911277771
0.9297411441802979
0.9060540795326233
0.8921486735343933
0.8762497901916504
0.8660299181938171
0.8552871346473694
0.846153974533081
0.8388044834136963
0.8317384719848633
0.8258668780326843
0.820338249206543
0.8156462907791138
0.8111042976379395
0.8076457381248474
0.8044766187667847
0.8011536002159119
0.7985101938247681
0.7956429123878479
0.7932405471801758
0.7910751104354858
0.7892658114433289
0.7871872186660767
0.7853215336799622
0.7835208177566528
0.7821316123008728
0.7806804776191711
0.7792973518371582
0.7779313325881958
0.7768315672874451
0.7757025957107544
0.7745891809463501
0.7735823392868042
0.7725531458854675
0.7717169523239136
0.7707662582397461
0.7699791193008423
0.7691569924354553
0.7684104442596436
0.7678141593933105
0.7672410011291504
0.7666259407997131
0.7659608125686646
0.7653604745864868
0.7649041414260864
0.7644181847572327
0.7639459371566772
0.763458788394928
0.7628612518310547
0.7623802423477173
0.7619196772575378
0.7614912986755371
0.7612209916114807
0.7607489228248596
0.76057368516922
0.7600211501121521
0.7597341537475586
0.7592623829841614
0.759257435798645
0.7586168646812439
0.758408784866333
0.7583122849464417
0.7585053443908691
0.7575351595878601
0.7575890421867371
0.7572916150093079
0.7566818594932556
0.7581404447555542
0.7583521008491516
0.7568714618682861
0.7560389041900635
0.7554748058319092
0.7551164031028748
0.7551761865615845
0.7564171552658081
0.7547311782836914
0.755012035369873
0.7542091012001038
0.7549787163734436
0.7540629506111145
0.7539937496185303
0.7559162378311157
0.7542046904563904
0.7534729242324829
0.7530943751335144
0.7572766542434692
0.7532272338867188
0.7526136040687561
3.048788547515869
83.21143341064453
10.73861026763916
2.5815823078155518
1.581336259841919
1.2388195991516113
1.0626378059387207
0.9805626273155212
0.9359948635101318
0.89906907081604
0.876109778881073
0.8580082654953003
0.8450003862380981
0.8342486023902893
0.8243757486343384
0.8160909414291382
0.8103008270263672
0.8037055730819702
0.7992662191390991
0.7944751977920532
0.7905924916267395
0.7871489524841309
0.7837164998054504
0.7814429998397827
0.7791032195091248
0.7766299247741699
0.7747203707695007
0.7728099226951599
0.7710917592048645
0.7695724964141846
0.768125593662262
0.7668423056602478
0.7655348777770996
0.7643764019012451
0.7634082436561584
0.7623001337051392
0.7613493800163269
0.7605139017105103
0.7596763372421265
0.7589595913887024
0.7582805156707764
0.7575894594192505
0.757022500038147
0.7564769387245178
0.7560433745384216
0.7555179595947266
0.7550095319747925
0.754600465297699
0.7542774677276611
0.7537638545036316
0.7534879446029663
0.7531553506851196
0.7528001666069031
0.752410888671875
0.7521053552627563
0.7519517540931702
0.751422643661499
0.7511504888534546
0.7507749199867249
0.750627338886261
0.7502081990242004
0.7499961853027344
0.7497929334640503
0.7495235204696655
0.7501130104064941
0.7491106986999512
0.7490918040275574
0.7486952543258667
0.7484562993049622
0.750941812992096
0.7488059997558594
0.7481595277786255
0.7477474808692932
0.747608482837677
0.747312605381012
0.7474543452262878
0.7470340132713318
0.7468923330307007
0.7556041479110718
0.7486217021942139
0.747397243976593
0.7468175292015076
0.746358335018158
0.7460674047470093
0.7469843626022339
0.7459148168563843
0.7456176280975342
0.7477594614028931
0.7460325956344604
0.745533287525177
0.7452526092529297
0.7470594644546509
0.745522677898407
0.7450134754180908
0.9869898557662964
0.7988653182983398
0.7599321007728577
0.7532005906105042
0.7501686215400696
0.7482331395149231
0.7470601797103882
0.7462077736854553
0.7455576062202454
0.7450010180473328
0.7445931434631348
0.7442538738250732
0.7439731955528259
0.7438247203826904
0.7448102235794067
0.743695855140686
0.7433714270591736
0.7440720200538635
0.7433380484580994
0.7430597543716431
0.7934240102767944
0.7466928362846375
0.7445100545883179
0.7436655759811401
0.7430682182312012
0.7427035570144653
0.7424725890159607
0.7700127363204956
0.7463369369506836
0.7441858053207397
0.743181049823761
0.7426686882972717
0.7423295974731445
0.7421512007713318
0.7485659718513489
0.7431157827377319
0.7423336505889893
58.632720947265625
59.895381927490234
12.109779357910156
2.9260034561157227
1.683504581451416
1.295656681060791
1.1024726629257202
1.001717209815979
0.9566133618354797
0.9179685711860657
0.8897810578346252
0.8711651563644409
0.8542999029159546
0.8399638533592224
0.8300765156745911
0.8224778771400452
0.8144908547401428
0.8074389696121216
0.8021159768104553
0.7969511151313782
0.7925096154212952
0.7889726758003235
0.785253643989563
0.7823771834373474
0.7797146439552307
0.7772104740142822
0.7749767303466797
0.7729577422142029
0.7708983421325684
0.7692884802818298
0.7675778865814209
0.7663729786872864
0.7647622227668762
0.7635212540626526
0.7624732255935669
0.7614997625350952
0.7605921030044556
0.7596538662910461
0.7587199211120605
0.7579314708709717
0.7571885585784912
0.7565561532974243
0.7558608055114746
0.7551690340042114
0.7547122240066528
0.7541596293449402
0.753714919090271
0.7533214688301086
0.7528800368309021
0.7525690197944641
0.7522034645080566
0.7517949342727661
0.7514287233352661
0.7510797381401062
0.7506945133209229
0.7502790689468384
0.7500524520874023
0.7496497631072998
0.749300479888916
0.7490189671516418
0.7486761808395386
0.7484782934188843
0.7481287717819214
0.7482545375823975
0.7476369738578796
0.7473838925361633
0.7496054172515869
0.7471004724502563
0.746657133102417
0.7466046214103699
0.7462238073348999
0.7460378408432007
0.7461531758308411
0.7457428574562073
0.7455796003341675
0.7506189346313477
0.7453988790512085
0.7449954152107239
0.8053878545761108
0.7488222718238831
0.746508002281189
0.745349645614624
0.7446977496147156
0.7442262172698975
0.743877649307251
0.7441047430038452
0.7436184883117676
0.7570723295211792
0.7445066571235657
0.7437279224395752
0.7432686686515808
0.7432810068130493
0.7429742217063904
295.776123046875
79.38318634033203
9.576536178588867
3.681119680404663
2.2872276306152344
1.6891453266143799
1.3698225021362305
1.2130450010299683
1.1674968004226685
1.0484658479690552
1.0105280876159668
0.9710185527801514
0.942876398563385
0.9190855026245117
0.9051485061645508
0.8914745450019836
0.8789825439453125
0.8682126402854919
0.8596141934394836
0.8521459102630615
0.8448486328125
0.8383864760398865
0.8331210017204285
0.8278367519378662
0.8231931924819946
0.8186074495315552
0.8150675892829895
0.8114253878593445
0.8082489967346191
0.8051160573959351
0.802014946937561
0.7996169924736023
0.7974339723587036
0.795056939125061
0.792900800704956
0.7909284234046936
0.7891963124275208
0.7875693440437317
0.785930335521698
0.7843139171600342
0.7827097177505493
0.7814355492591858
0.7802236676216125
0.7789590954780579
0.7779340744018555
0.776833176612854
0.7758573293685913
0.7748938202857971
0.7739292979240417
0.7731955647468567
0.7722229957580566
0.7717506885528564
0.7710557579994202
0.7707574367523193
0.7700961232185364
0.7694171071052551
0.7688528299331665
0.7682254314422607
0.7676307559013367
0.7671346664428711
0.7668041586875916
0.7664225101470947
0.7658059597015381
0.7655394673347473
0.7649111151695251
0.7645269632339478
0.7639511823654175
0.7635689973831177
0.7631794214248657
0.762726902961731
0.7624426484107971
0.7619141936302185
0.7622061967849731
0.7613109946250916
0.7607880234718323
0.7786725163459778
0.761195719242096
0.7602201700210571
0.7594956159591675
0.7590432167053223
0.9937921762466431
0.7633219957351685
0.7602895498275757
0.7588275671005249
0.7580254673957825
0.757495641708374
0.7570526599884033
0.7568932175636292
0.757651686668396
0.7564241290092468
0.7562465071678162
0.7565591931343079
0.755853533744812
0.7565317153930664
0.7554810643196106
0.7553447484970093
0.8805594444274902
0.7618550062179565
0.7579308748245239
0.756302535533905
0.7552521824836731
0.7545310258865356
0.7540295124053955
0.7536408305168152
0.7534220814704895
0.8013034462928772
0.7556475400924683
0.7542945146560669
0.7533550262451172
0.7528253197669983
0.7526357173919678
0.7522408962249756
1.3747646808624268
0.7888132929801941
0.7668150663375854
0.7598744034767151
0.7571656703948975
0.7552865147590637
0.7539829611778259
0.7530664205551147
0.7522473931312561
0.7516748905181885
0.751137375831604
0.7508426308631897
0.7507109642028809
0.7504076361656189
0.7501451373100281
0.7551312446594238
0.7503355741500854
0.7497275471687317
0.7512006163597107
0.7543368935585022
0.7507008910179138
0.7497323751449585
