# adam, lr=0.01, alpha = 1000000, beta = 0.1
# best_iter: 2897, best_loss = 0.18631990253925323, imsave period = 300
16.42601203918457
6.668242454528809
4.556538105010986
3.7921454906463623
3.4168999195098877
3.1783642768859863
3.004257917404175
2.865025281906128
2.7463040351867676
2.6407582759857178
2.5439870357513428
2.45382022857666
2.368694543838501
2.2876343727111816
2.209545612335205
2.1342337131500244
2.0615925788879395
1.9914065599441528
1.9239155054092407
1.8590435981750488
1.797116994857788
1.7378357648849487
1.6814148426055908
1.6276226043701172
1.5765496492385864
1.527929663658142
1.4816904067993164
1.4377799034118652
1.396164894104004
1.3565936088562012
1.3189115524291992
1.2831388711929321
1.249186396598816
1.216820478439331
1.1860301494598389
1.1567189693450928
1.1288020610809326
1.1023138761520386
1.0771031379699707
1.053039312362671
1.030135989189148
1.008347749710083
0.9875447750091553
0.9676951169967651
0.9487423300743103
0.9306279420852661
0.9133102297782898
0.8967186212539673
0.8808024525642395
0.8655463457107544
0.8509015440940857
0.8368561863899231
0.8233726620674133
0.8104137778282166
0.7979552149772644
0.7859615683555603
0.77439284324646
0.7632507681846619
0.7525041103363037
0.7421234846115112
0.732116162776947
0.7224580645561218
0.7131298780441284
0.7041015625
0.6953750252723694
0.6869267225265503
0.6787382960319519
0.6707977056503296
0.6631042957305908
0.6556521654129028
0.6484188437461853
0.6413888335227966
0.6345725059509277
0.6279373168945312
0.6214938163757324
0.6152290105819702
0.6091291904449463
0.6031832098960876
0.5973969101905823
0.5917623043060303
0.586267352104187
0.5809136629104614
0.5756881237030029
0.570589542388916
0.5656110644340515
0.5607560276985168
0.5560145974159241
0.55137699842453
0.5468482971191406
0.5424142479896545
0.5380833745002747
0.5338419675827026
0.5296952128410339
0.5256381630897522
0.521665096282959
0.5177749395370483
0.5139632821083069
0.5102254748344421
0.5065653324127197
0.5029807686805725
0.49946045875549316
0.4960108995437622
0.49262750148773193
0.48930782079696655
0.4860478639602661
0.48284876346588135
0.4797089099884033
0.476629376411438
0.473601371049881
0.47063255310058594
0.4677123427391052
0.46484315395355225
0.4620237350463867
0.4592585563659668
0.4565388560295105
0.4538649320602417
0.45123347640037537
0.4486503601074219
0.4461076259613037
0.4436081647872925
0.4411471486091614
0.43872806429862976
0.4363475441932678
0.43400445580482483
0.4316923916339874
0.4294232726097107
0.427192747592926
0.4249947667121887
0.42282965779304504
0.42069923877716064
0.41859862208366394
0.41652965545654297
0.4144904613494873
0.41248059272766113
0.41050097346305847
0.4085484743118286
0.40662840008735657
0.4047362506389618
0.4028712511062622
0.4010349214076996
0.39922648668289185
0.3974442481994629
0.3956972360610962
0.3939700424671173
0.39227214455604553
0.3905785083770752
0.3889152407646179
0.38725149631500244
0.3856259286403656
0.3840126395225525
0.3824337422847748
0.3808719217777252
0.37932834029197693
0.3778120279312134
0.3763163685798645
0.3748529553413391
0.37341153621673584
0.37199997901916504
0.37058085203170776
0.3691791892051697
0.3677518367767334
0.3663690686225891
0.36500078439712524
0.36366909742355347
0.362360417842865
0.3610735535621643
0.35981249809265137
0.3585512638092041
0.3573077321052551
0.35603904724121094
0.3547995090484619
0.35356196761131287
0.35235902667045593
0.3511722683906555
0.35000473260879517
0.34886303544044495
0.34773802757263184
0.34665021300315857
0.345564067363739
0.34449148178100586
0.343364417552948
0.3422532379627228
0.3411474823951721
0.3400930166244507
0.3390680253505707
0.33805859088897705
0.33707332611083984
0.33607256412506104
0.3350750803947449
0.33404311537742615
0.33304667472839355
0.33205777406692505
0.3311004936695099
0.33016452193260193
0.32924550771713257
0.32836616039276123
0.3275042176246643
0.3266746997833252
0.32577282190322876
0.32484060525894165
0.32387590408325195
0.3230002522468567
0.32216715812683105
0.321350634098053
0.32055121660232544
0.3197084963321686
0.3188673257827759
0.31799301505088806
0.317165732383728
0.3163610100746155
0.3155750632286072
0.3148265779018402
0.3140910863876343
0.3133981227874756
0.312673956155777
0.3119332194328308
0.3111047148704529
0.31031638383865356
0.30957257747650146
0.30887651443481445
0.30821317434310913
0.30753666162490845
0.30686116218566895
0.3061237037181854
0.305392861366272
0.3046621084213257
0.3039821982383728
0.3033194839954376
0.30267980694770813
0.3020772933959961
0.3014918565750122
0.3009316325187683
0.30028441548347473
0.29960349202156067
0.2988722324371338
0.29822853207588196
0.29764294624328613
0.2970815896987915
0.2965526580810547
0.2959805727005005
0.2953784465789795
0.2947053909301758
0.2940737009048462
0.2934815287590027
0.29293209314346313
0.29242008924484253
0.2919289469718933
0.29146403074264526
0.290926992893219
0.2903415858745575
0.2896738648414612
0.28910204768180847
0.2885984182357788
0.28811782598495483
0.2876724302768707
0.2871862053871155
0.28666943311691284
0.2860788404941559
0.28550925850868225
0.2849816083908081
0.28450024127960205
0.2840580344200134
0.2836366593837738
0.28327804803848267
0.28287839889526367
0.28241226077079773
0.28177565336227417
0.28122544288635254
0.28078535199165344
0.2804051637649536
0.28004711866378784
0.2796042561531067
0.2791000306606293
0.2785409688949585
0.27804964780807495
0.27763989567756653
0.2772594094276428
0.2769243121147156
0.2765670716762543
0.27617815136909485
0.27566590905189514
0.27514752745628357
0.27467137575149536
0.2742999792098999
0.27396920323371887
0.2736343741416931
0.27328938245773315
0.2728438973426819
0.27236777544021606
0.27188876271247864
0.2715030312538147
0.2711421549320221
0.2708122730255127
0.2705027461051941
0.27017417550086975
0.2698270380496979
0.269368976354599
0.2689301073551178
0.2684957683086395
0.2681536078453064
0.26784926652908325
0.26756051182746887
0.2673081159591675
0.26698678731918335
0.26659321784973145
0.2661118805408478
0.2657013535499573
0.2653706669807434
0.26509469747543335
0.26483798027038574
0.26456210017204285
0.2642515301704407
0.2638390362262726
0.26343533396720886
0.26304391026496887
0.2627553939819336
0.2624954879283905
0.26225727796554565
0.26202163100242615
0.26172682642936707
0.26138636469841003
0.2609421908855438
0.2606053948402405
0.2603113651275635
0.26009029150009155
0.2598876953125
0.2596377730369568
0.2593355178833008
0.2589070796966553
0.25852566957473755
0.258212149143219
0.25797683000564575
0.2577770948410034
0.25757309794425964
0.2573532462120056
0.2570168673992157
0.2566377520561218
0.25625336170196533
0.255974143743515
0.25575292110443115
0.2555563151836395
0.25538063049316406
0.2551659047603607
0.25491052865982056
0.25454795360565186
0.25422966480255127
0.25392091274261475
0.2537226676940918
0.2535456120967865
0.253383070230484
0.2531997263431549
0.2528867721557617
0.25255855917930603
0.25217875838279724
0.25195634365081787
0.2517908215522766
0.2516566812992096
0.25149768590927124
0.25122249126434326
0.2508842349052429
0.2505160868167877
0.25029826164245605
0.25011110305786133
0.24996565282344818
0.249818354845047
0.24961622059345245
0.24938732385635376
0.24902263283729553
0.2487487643957138
0.24849548935890198
0.2483561933040619
0.2482445240020752
0.2481137067079544
0.24794399738311768
0.24757720530033112
0.24722394347190857
0.24694480001926422
0.24678918719291687
0.24669235944747925
0.246587872505188
0.24644114077091217
0.24613438546657562
0.24576644599437714
0.2454622983932495
0.24528904259204865
0.24517253041267395
0.24506694078445435
0.24495422840118408
0.2447630912065506
0.24449986219406128
0.24418652057647705
0.24399515986442566
0.24381357431411743
0.24369892477989197
0.24353502690792084
0.24341776967048645
0.24333342909812927
0.2431177794933319
0.2428842931985855
0.2424899786710739
0.24233326315879822
0.2422621250152588
0.24222563207149506
0.24219007790088654
0.2419472336769104
0.24158410727977753
0.24121087789535522
0.24103087186813354
0.24099165201187134
0.24089758098125458
0.24077792465686798
0.24049672484397888
0.24020718038082123
0.23993121087551117
0.23974138498306274
0.23963770270347595
0.23952439427375793
0.23948746919631958
0.23937422037124634
0.23929885029792786
0.23913253843784332
0.23889152705669403
0.23862572014331818
0.2383667230606079
0.2384137064218521
0.23846730589866638
0.23840056359767914
0.23803414404392242
0.23759569227695465
0.2373790591955185
0.23738346993923187
0.23732522130012512
0.23713970184326172
0.23683956265449524
0.2365618646144867
0.2364186942577362
0.23628003895282745
0.236174076795578
0.23598474264144897
0.23583734035491943
0.23577147722244263
0.23580661416053772
0.23594129085540771
0.23570214211940765
0.23538245260715485
0.2350126951932907
0.23492644727230072
0.23491975665092468
0.23470620810985565
0.2345358431339264
0.2342493087053299
0.23412133753299713
0.23406201601028442
0.2340611070394516
0.23414120078086853
0.23407717049121857
0.23412305116653442
0.234187051653862
0.23383274674415588
0.23359328508377075
0.23331448435783386
0.23341941833496094
0.23340046405792236
0.23302310705184937
0.23269245028495789
0.23243674635887146
0.2323468029499054
0.23233629763126373
0.23226298391819
0.2321658730506897
0.23194292187690735
0.23165276646614075
0.23138433694839478
0.23120169341564178
0.2311640977859497
0.23115120828151703
0.23125627636909485
0.23125335574150085
0.23103834688663483
0.23057806491851807
0.23031044006347656
0.2303217202425003
0.23034510016441345
0.23031358420848846
0.23003679513931274
0.22976313531398773
0.22956249117851257
0.2294701188802719
0.22948046028614044
0.22935402393341064
0.22927726805210114
0.22906391322612762
0.22899308800697327
0.22899103164672852
0.22904402017593384
0.2289951890707016
0.22852902114391327
0.2282671481370926
0.22823770344257355
0.22820556163787842
0.22815534472465515
0.22799593210220337
0.22802889347076416
0.22839078307151794
0.2285774052143097
0.22839869558811188
0.2276020348072052
0.22754108905792236
0.22772358357906342
0.22752752900123596
0.227376788854599
0.22707325220108032
0.22700144350528717
0.22706960141658783
0.22706001996994019
0.22712530195713043
0.2270001471042633
0.2271435558795929
0.2273508459329605
0.22682428359985352
0.22647380828857422
0.22631287574768066
0.2264777570962906
0.22653120756149292
0.22623804211616516
0.22589486837387085
0.22571882605552673
0.2255740463733673
0.22554762661457062
0.22545920312404633
0.22549884021282196
0.22546404600143433
0.22532027959823608
0.22500720620155334
0.2246401011943817
0.22459426522254944
0.22464214265346527
0.2247282862663269
0.22475723922252655
0.22453804314136505
0.2241717427968979
0.22404657304286957
0.22396965324878693
0.22407950460910797
0.22402073442935944
0.22383320331573486
0.22361761331558228
0.22342923283576965
0.2233901172876358
0.2232593297958374
0.22316718101501465
0.22299933433532715
0.22297100722789764
0.223076730966568
0.2230948507785797
0.22307389974594116
0.22266077995300293
0.2224595993757248
0.22243528068065643
0.22238615155220032
0.22238323092460632
0.2221483737230301
0.22197656333446503
0.22179344296455383
0.2217036932706833
0.22162824869155884
0.22152313590049744
0.22149014472961426
0.22136926651000977
0.22138209640979767
0.22154930233955383
0.22229725122451782
0.223582461476326
0.22347277402877808
0.22210785746574402
0.22160828113555908
0.22251248359680176
0.22228750586509705
0.2215307354927063
0.22150187194347382
0.22175608575344086
0.22136618196964264
0.22093337774276733
0.2208339422941208
0.2208569496870041
0.22074173390865326
0.2204832285642624
0.22031763195991516
0.22030457854270935
0.2202264964580536
0.22026625275611877
0.21998468041419983
0.21986833214759827
0.21973508596420288
0.21978724002838135
0.21996980905532837
0.220115065574646
0.2201026976108551
0.2198142260313034
0.21948182582855225
0.21955400705337524
0.2194870114326477
0.2193845510482788
0.2191142439842224
0.2190116047859192
0.21904252469539642
0.21883456408977509
0.21872612833976746
0.21846160292625427
0.21836048364639282
0.2182963639497757
0.21819622814655304
0.2181440144777298
0.21805709600448608
0.21802660822868347
0.21813233196735382
0.2186587154865265
0.21959242224693298
0.21987798810005188
0.2191193401813507
0.21816334128379822
0.2186894714832306
0.21904653310775757
0.21876615285873413
0.21825367212295532
0.21808573603630066
0.21810606122016907
0.21823769807815552
0.21798449754714966
0.2176797240972519
0.21736283600330353
0.21725651621818542
0.2172444462776184
0.21723893284797668
0.21730360388755798
0.21728332340717316
0.21715325117111206
0.21680885553359985
0.21653887629508972
0.2164589911699295
0.2164706289768219
0.21653863787651062
0.2165394425392151
0.2164987325668335
0.21622522175312042
0.21598143875598907
0.2158365100622177
0.21580258011817932
0.2158779501914978
0.21590161323547363
0.21597746014595032
0.21582187712192535
0.2156306654214859
0.2153516411781311
0.21528743207454681
0.2153184711933136
0.21536196768283844
0.21548433601856232
0.21556994318962097
0.21559804677963257
0.2155286818742752
0.21528318524360657
0.21545085310935974
0.21556861698627472
0.2159634381532669
0.21584877371788025
0.21532504260540009
0.21507704257965088
0.2151663899421692
0.21538600325584412
0.21510285139083862
0.2148524671792984
0.21457821130752563
0.21454229950904846
0.21460869908332825
0.21454325318336487
0.21457920968532562
0.2144196480512619
0.21430930495262146
0.2141662985086441
0.21416282653808594
0.2143450379371643
0.21443979442119598
0.21457162499427795
0.21398188173770905
0.21388348937034607
0.2139769196510315
0.21428422629833221
0.21487782895565033
0.21516461670398712
0.21508322656154633
0.2147321105003357
0.2143455296754837
0.21503320336341858
0.21461859345436096
0.21416087448596954
0.2140662521123886
0.2140042632818222
0.21412119269371033
0.21379773318767548
0.21353045105934143
0.21335294842720032
0.21332356333732605
0.21338573098182678
0.21328948438167572
0.2135099172592163
0.2135569155216217
0.21416328847408295
0.21477064490318298
0.21453499794006348
0.21381798386573792
0.21327465772628784
0.2139219343662262
0.2140647917985916
0.21344389021396637
0.21289683878421783
0.21307897567749023
0.2131374031305313
0.21297410130500793
0.21264755725860596
0.21236509084701538
0.2123950719833374
0.21235936880111694
0.21234844624996185
0.21215173602104187
0.2119714915752411
0.21173104643821716
0.21166284382343292
0.2116413116455078
0.2115418016910553
0.21158763766288757
0.21156823635101318
0.2117716521024704
0.21221795678138733
0.21338152885437012
0.2144482284784317
0.21364717185497284
0.2124604433774948
0.2125716507434845
0.2134297639131546
0.21270611882209778
0.21231171488761902
0.21217301487922668
0.2123057097196579
0.21227797865867615
0.2119327038526535
0.21156921982765198
0.21139799058437347
0.21131248772144318
0.21133092045783997
0.21138770878314972
0.21150967478752136
0.21145933866500854
0.2113073468208313
0.21090373396873474
0.2109648585319519
0.21115586161613464
0.2114974856376648
0.21112944185733795
0.21072536706924438
0.210549458861351
0.2106037735939026
0.21076592803001404
0.2103484869003296
0.21018481254577637
0.21012167632579803
0.2102532833814621
0.21049834787845612
0.21072745323181152
0.2108951061964035
0.2108985036611557
0.21040572226047516
0.21066421270370483
0.21061043441295624
0.21071282029151917
0.21031756699085236
0.21009059250354767
0.21034184098243713
0.2101447880268097
0.21002508699893951
0.2096257507801056
0.20955374836921692
0.20966100692749023
0.20952750742435455
0.20959016680717468
0.20951467752456665
0.20990660786628723
0.21059900522232056
0.2112378627061844
0.2108575999736786
0.20960620045661926
0.20983703434467316
0.21034783124923706
0.2100585252046585
0.20942038297653198
0.20945145189762115
0.20964619517326355
0.2095348834991455
0.20910091698169708
0.20889224112033844
0.20888389647006989
0.20885978639125824
0.20887576043605804
0.20873872935771942
0.20856577157974243
0.2085694521665573
0.20865309238433838
0.20898739993572235
0.2089194655418396
0.2089049518108368
0.20832253992557526
0.20835137367248535
0.20842839777469635
0.20842735469341278
0.2085564136505127
0.20830413699150085
0.2081647515296936
0.20817045867443085
0.20830045640468597
0.20876052975654602
0.2087482511997223
0.20863482356071472
0.20803147554397583
0.20800010859966278
0.20810724794864655
0.2080720067024231
0.20818138122558594
0.20786786079406738
0.20786231756210327
0.20773068070411682
0.20789402723312378
0.20829446613788605
0.2086077183485031
0.20856982469558716
0.20786945521831512
0.2075166404247284
0.20786994695663452
0.2079138606786728
0.20770415663719177
0.20721550285816193
0.20724791288375854
0.20741312205791473
0.2072518914937973
0.20713895559310913
0.2071363776922226
0.20728100836277008
0.20786379277706146
0.20786523818969727
0.2078997790813446
0.20730750262737274
0.20739801228046417
0.20757324993610382
0.20740491151809692
0.20733542740345
0.20694038271903992
0.20688986778259277
0.20691165328025818
0.20704522728919983
0.20743487775325775
0.20796982944011688
0.2084270417690277
0.208414226770401
0.2075095772743225
0.2080594003200531
0.20810985565185547
0.2082476168870926
0.20767201483249664
0.20739313960075378
0.20778030157089233
0.20746873319149017
0.2073439359664917
0.2068697214126587
0.20677301287651062
0.2068510204553604
0.20669308304786682
0.20675340294837952
0.20661818981170654
0.20706477761268616
0.2080201804637909
0.20953994989395142
0.20992982387542725
0.20783668756484985
0.2074470818042755
0.2083134651184082
0.20793159306049347
0.20715685188770294
0.20718613266944885
0.20732739567756653
0.20727866888046265
0.2068948745727539
0.20653864741325378
0.20634149014949799
0.2062702178955078
0.2062849998474121
0.20633670687675476
0.20641247928142548
0.20661017298698425
0.206644207239151
0.20682375133037567
0.20649434626102448
0.2069125920534134
0.20661523938179016
0.20681828260421753
0.20666585862636566
0.20646941661834717
0.20676957070827484
0.20614589750766754
0.20614659786224365
0.20583400130271912
0.20574802160263062
0.2059193104505539
0.20591261982917786
0.20625314116477966
0.20622894167900085
0.2062961608171463
0.2058655470609665
0.205765038728714
0.2057773470878601
0.2055722177028656
0.20583312213420868
0.20557530224323273
0.20578864216804504
0.205888569355011
0.2058321237564087
0.20554719865322113
0.20512185990810394
0.20500290393829346
0.20509028434753418
0.2053658813238144
0.20542283356189728
0.20528337359428406
0.20489293336868286
0.204817533493042
0.20480559766292572
0.20504936575889587
0.20488159358501434
0.20465657114982605
0.20450842380523682
0.20445698499679565
0.20464709401130676
0.20444607734680176
0.20432238280773163
0.2040414959192276
0.20405177772045135
0.2040986567735672
0.2041761577129364
0.20447497069835663
0.204877108335495
0.2053932249546051
0.20576196908950806
0.20516648888587952
0.20520654320716858
0.2051190733909607
0.20566901564598083
0.20527678728103638
0.2048453688621521
0.20482897758483887
0.2047819197177887
0.20488502085208893
0.20442354679107666
0.20425620675086975
0.20423677563667297
0.20415976643562317
0.2044169008731842
0.2044093757867813
0.20475399494171143
0.20493626594543457
0.20529843866825104
0.2051447033882141
0.20435912907123566
0.20419621467590332
0.20445111393928528
0.20485077798366547
0.20458731055259705
0.20418013632297516
0.203774094581604
0.20394407212734222
0.20407113432884216
0.20405003428459167
0.20373019576072693
0.2034565508365631
0.20331518352031708
0.2032812386751175
0.20336942374706268
0.20330184698104858
0.20327937602996826
0.20301750302314758
0.20301122963428497
0.20323002338409424
0.20411528646945953
0.20570027828216553
0.2061515748500824
0.2046528458595276
0.20384645462036133
0.20474103093147278
0.2053617238998413
0.20425985753536224
0.2039812207221985
0.204345241189003
0.20436140894889832
0.20387718081474304
0.20373333990573883
0.20366960763931274
0.2040010392665863
0.20371113717556
0.20350277423858643
0.20311082899570465
0.20302361249923706
0.20307356119155884
0.20300273597240448
0.20298385620117188
0.20300531387329102
0.20342369377613068
0.20441988110542297
0.2049698829650879
0.20512449741363525
0.20335771143436432
0.2037857174873352
0.20420464873313904
0.20471379160881042
0.20452213287353516
0.20384447276592255
0.2033720165491104
0.2033987045288086
0.20363569259643555
0.20344164967536926
0.20316946506500244
0.2029324173927307
0.20283165574073792
0.203179270029068
0.20315739512443542
0.2035391926765442
0.20297451317310333
0.20339827239513397
0.20391662418842316
0.2042616605758667
0.2039227932691574
0.20282064378261566
0.20276214182376862
0.2032933533191681
0.2030315101146698
0.2025587260723114
0.2024025321006775
0.20247066020965576
0.20264001190662384
0.2022062987089157
0.202103391289711
0.20215921103954315
0.20271924138069153
0.20366281270980835
0.20412380993366241
0.20326611399650574
0.20291855931282043
0.20307040214538574
0.20394475758075714
0.20301130414009094
0.20238368213176727
0.20264464616775513
0.20275667309761047
0.20258338749408722
0.20206262171268463
0.20195668935775757
0.2021544724702835
0.20199628174304962
0.20202115178108215
0.201900452375412
0.20259889960289001
0.20391325652599335
0.20466573536396027
0.20362171530723572
0.2024831473827362
0.20288614928722382
0.20377278327941895
0.20287016034126282
0.20233453810214996
0.20251013338565826
0.20287412405014038
0.2027081400156021
0.2025117129087448
0.2022077590227127
0.20273396372795105
0.2023058533668518
0.20224136114120483
0.20173153281211853
0.20161493122577667
0.2017935961484909
0.201661616563797
0.20179563760757446
0.20181074738502502
0.2028219997882843
0.20423324406147003
0.20483599603176117
0.20336997509002686
0.20206154882907867
0.20306900143623352
0.2036864459514618
0.20295868813991547
0.2021699845790863
0.20280428230762482
0.20282073318958282
0.2027251422405243
0.20187902450561523
0.2019573301076889
0.20232713222503662
0.20270483195781708
0.20282502472400665
0.20313020050525665
0.20236055552959442
0.20302346348762512
0.20225206017494202
0.20237118005752563
0.20218008756637573
0.20194825530052185
0.20241940021514893
0.20211544632911682
0.20250827074050903
0.2017752081155777
0.2019055187702179
0.20162689685821533
0.2018466591835022
0.2020738422870636
0.20214010775089264
0.20198579132556915
0.20151065289974213
0.20111218094825745
0.2014806717634201
0.2013997733592987
0.20131045579910278
0.20072633028030396
0.20064140856266022
0.2006722092628479
0.2005760669708252
0.20057520270347595
0.20041826367378235
0.20045378804206848
0.2010546773672104
0.2020723521709442
0.20328190922737122
0.20236890017986298
0.20184820890426636
0.20102715492248535
0.20130299031734467
0.20178276300430298
0.20140889286994934
0.20155897736549377
0.20116972923278809
0.20106995105743408
0.20075055956840515
0.20070163905620575
0.20048192143440247
0.20041336119174957
0.20031562447547913
0.2004552185535431
0.2005685269832611
0.2011907547712326
0.20142559707164764
0.2016448974609375
0.20123916864395142
0.20121029019355774
0.20166656374931335
0.20118749141693115
0.20193350315093994
0.2012546956539154
0.20159436762332916
0.20135971903800964
0.20086824893951416
0.20068301260471344
0.20052942633628845
0.20072799921035767
0.201011061668396
0.2017592340707779
0.20177415013313293
0.2016131728887558
0.20050881803035736
0.20062384009361267
0.20095497369766235
0.20159918069839478
0.20116053521633148
0.2005634307861328
0.20012211799621582
0.20014764368534088
0.200373575091362
0.20019102096557617
0.19990144670009613
0.1998828798532486
0.20006579160690308
0.2006901204586029
0.20051226019859314
0.20081032812595367
0.20012113451957703
0.20036199688911438
0.20062892138957977
0.20030024647712708
0.20018106698989868
0.19975706934928894
0.1997324675321579
0.19998949766159058
0.20053718984127045
0.20095396041870117
0.20106752216815948
0.20019645988941193
0.20006954669952393
0.20024201273918152
0.20078368484973907
0.2002554088830948
0.19989675283432007
0.19963423907756805
0.19958408176898956
0.19985419511795044
0.1993992179632187
0.1992626041173935
0.19913476705551147
0.19914276897907257
0.19937965273857117
0.20003092288970947
0.20075425505638123
0.20106014609336853
0.20023050904273987
0.19997134804725647
0.20018014311790466
0.2010006457567215
0.20004902780056
0.19948644936084747
0.19960476458072662
0.19959703087806702
0.19967839121818542
0.19922085106372833
0.19891369342803955
0.19898201525211334
0.1989598274230957
0.19900278747081757
0.19879010319709778
0.19902688264846802
0.19952088594436646
0.2007966935634613
0.20190981030464172
0.2007862627506256
0.1991070806980133
0.19955459237098694
0.20010371506214142
0.19985590875148773
0.19930991530418396
0.19903147220611572
0.1992284655570984
0.1992987096309662
0.19905143976211548
0.19871579110622406
0.19855469465255737
0.19864776730537415
0.19868814945220947
0.19897300004959106
0.19866499304771423
0.1989595592021942
0.199316143989563
0.20026272535324097
0.20069298148155212
0.19960153102874756
0.1985992193222046
0.19902214407920837
0.19938300549983978
0.1989695280790329
0.19861099123954773
0.19855810701847076
0.19890183210372925
0.19880731403827667
0.19865812361240387
0.1981493979692459
0.19830043613910675
0.19875410199165344
0.1993885040283203
0.19988438487052917
0.1998400241136551
0.19884836673736572
0.1995856761932373
0.19963666796684265
0.19986554980278015
0.19892431795597076
0.1987612247467041
0.19928136467933655
0.1990041434764862
0.19911520183086395
0.19855600595474243
0.19882482290267944
0.19947734475135803
0.20029062032699585
0.20038920640945435
0.2000150978565216
0.19895166158676147
0.1998797357082367
0.19979479908943176
0.19970302283763885
0.19876079261302948
0.1988050788640976
0.19902360439300537
0.198873370885849
0.19889983534812927
0.19902341067790985
0.19918960332870483
0.20044954121112823
0.20005103945732117
0.20035246014595032
0.19883713126182556
0.19911132752895355
0.19895827770233154
0.19884690642356873
0.198841854929924
0.19863581657409668
0.1987621933221817
0.19854827225208282
0.1990494728088379
0.19951336085796356
0.20130524039268494
0.20302525162696838
0.2034587860107422
0.2012239694595337
0.19992157816886902
0.20184393227100372
0.20229187607765198
0.20373910665512085
0.20207089185714722
0.20401103794574738
0.20262721180915833
0.2058953195810318
0.20246471464633942
0.20351673662662506
0.20231595635414124
0.20296405255794525
0.20415855944156647
0.2089756727218628
0.21213118731975555
0.21644830703735352
0.20933453738689423
0.21643054485321045
0.21380478143692017
0.22052955627441406
0.21895931661128998
0.2243921160697937
0.22293490171432495
0.22935688495635986
0.23275460302829742
0.22668282687664032
0.22573357820510864
0.22446037828922272
0.2231728881597519
0.22293099761009216
0.22104202210903168
0.2216375768184662
0.22256611287593842
0.22519414126873016
0.2262151539325714
0.22073517739772797
0.22243323922157288
0.2189261019229889
0.22090792655944824
0.21965596079826355
0.21850094199180603
0.21786952018737793
0.2146396040916443
0.215500608086586
0.21315918862819672
0.21284234523773193
0.2110404372215271
0.21046608686447144
0.21164073050022125
0.21242688596248627
0.21419298648834229
0.2109631597995758
0.20951232314109802
0.20787982642650604
0.20763705670833588
0.20811274647712708
0.20701469480991364
0.20681151747703552
0.20547202229499817
0.20489926636219025
0.20401763916015625
0.2036161720752716
0.2030443549156189
0.20288869738578796
0.20250721275806427
0.2025747299194336
0.20193836092948914
0.20178934931755066
0.2014736831188202
0.2032352089881897
0.20704074203968048
0.20678839087486267
0.20285150408744812
0.20202748477458954
0.2039191871881485
0.2035156488418579
0.2014647126197815
0.20211677253246307
0.202571839094162
0.20113228261470795
0.20063410699367523
0.20101535320281982
0.20034213364124298
0.19980348646640778
0.1995859444141388
0.19970044493675232
0.19962435960769653
0.1997111439704895
0.2000139057636261
0.20058009028434753
0.19918105006217957
0.19881987571716309
0.19854936003684998
0.19847755134105682
0.19863292574882507
0.19819171726703644
0.1981031745672226
0.19805949926376343
0.19806216657161713
0.1980142891407013
0.1978219449520111
0.19752739369869232
0.19740135967731476
0.1972522735595703
0.19726279377937317
0.196860209107399
0.1966586410999298
0.19658274948596954
0.19652727246284485
0.1965961456298828
0.1965402066707611
0.1968136727809906
0.1973954141139984
0.19794407486915588
0.1977526694536209
0.19644498825073242
0.19645026326179504
0.19707457721233368
0.1965978890657425
0.19611598551273346
0.19624480605125427
0.19629816710948944
0.19607234001159668
0.1957504153251648
0.19574353098869324
0.19584068655967712
0.1956392079591751
0.19545504450798035
0.19536931812763214
0.1953120082616806
0.1953163743019104
0.19526901841163635
0.19523361325263977
0.1952255219221115
0.1955779641866684
0.19623534381389618
0.19680824875831604
0.1965653896331787
0.19551385939121246
0.1954047828912735
0.19600030779838562
0.19573651254177094
0.19517600536346436
0.19524522125720978
0.19545221328735352
0.195340096950531
0.1950601488351822
0.1948903650045395
0.19493715465068817
0.19499504566192627
0.1949554979801178
0.19475901126861572
0.1946118175983429
0.19460929930210114
0.19463284313678741
0.19471395015716553
0.19464950263500214
0.19464391469955444
0.1946398913860321
0.19505563378334045
0.1957388073205948
0.19597920775413513
0.19539779424667358
0.19465887546539307
0.19496765732765198
0.1954391747713089
0.19492004811763763
0.19452765583992004
0.19477197527885437
0.1948499083518982
0.1945871263742447
0.19435608386993408
0.19439668953418732
0.19450120627880096
0.19437114894390106
0.19420382380485535
0.1940930187702179
0.19411492347717285
0.19419588148593903
0.19431360065937042
0.19456636905670166
0.19509108364582062
0.19543935358524323
0.1954442709684372
0.19454430043697357
0.19472047686576843
0.19506537914276123
0.19525709748268127
0.19516992568969727
0.19463017582893372
0.1945425570011139
0.19461689889431
0.19479241967201233
0.1947610080242157
0.19452983140945435
0.19429859519004822
0.19417360424995422
0.19427208602428436
0.1942998170852661
0.19430215656757355
0.19406841695308685
0.19391965866088867
0.19387903809547424
0.1939084380865097
0.19405986368656158
0.1941312551498413
0.19459009170532227
0.19528181850910187
0.19618943333625793
0.19645379483699799
0.19508466124534607
0.19494196772575378
0.1956256777048111
0.1955932080745697
0.19463177025318146
0.1946328580379486
0.19496330618858337
0.19498330354690552
0.1946801245212555
0.1943308711051941
0.1944228708744049
0.19450855255126953
0.1945638805627823
0.19424249231815338
0.1939983069896698
0.19390438497066498
0.19391369819641113
0.19395940005779266
0.19386422634124756
0.1938057243824005
0.1938740611076355
0.19425708055496216
0.19521042704582214
0.19566293060779572
0.19570372998714447
0.1942979097366333
0.1942826360464096
0.19475068151950836
0.19478978216648102
0.19505362212657928
0.1945173442363739
0.19446277618408203
0.19427058100700378
0.19422900676727295
0.19437465071678162
0.19432160258293152
0.19447506964206696
0.19419410824775696
0.1940382868051529
0.19394464790821075
0.194210946559906
0.1950782984495163
0.19592997431755066
0.1965927928686142
0.19543088972568512
0.19486594200134277
0.19518956542015076
0.1951749175786972
0.19574622809886932
0.19493311643600464
0.1948448270559311
0.19461901485919952
0.19453629851341248
0.19462263584136963
0.19449245929718018
0.19468747079372406
0.1945004165172577
0.19483397901058197
0.19492977857589722
0.19578096270561218
0.1966640055179596
0.19621044397354126
0.1952320635318756
0.1946500986814499
0.19582614302635193
0.19609199464321136
0.19543945789337158
0.19459709525108337
0.19517594575881958
0.19517582654953003
0.194866344332695
0.1942806839942932
0.19426704943180084
0.19448475539684296
0.19430559873580933
0.19411738216876984
0.1938982456922531
0.19384318590164185
0.1942296326160431
0.19450539350509644
0.19520026445388794
0.19518722593784332
0.19549055397510529
0.19519679248332977
0.19463658332824707
0.19460730254650116
0.19458603858947754
0.19516967236995697
0.19486671686172485
0.19448016583919525
0.19401580095291138
0.19403398036956787
0.19414593279361725
0.19424986839294434
0.19411417841911316
0.1938915103673935
0.19375905394554138
0.19363465905189514
0.1938754916191101
0.19379092752933502
0.19384248554706573
0.1934390664100647
0.19339250028133392
0.19344094395637512
0.19373531639575958
0.19427990913391113
0.19460970163345337
0.19488368928432465
0.1945953667163849
0.19390740990638733
0.19448527693748474
0.1942378580570221
0.19397775828838348
0.19388331472873688
0.1937972456216812
0.1940474510192871
0.19369694590568542
0.19356507062911987
0.19329732656478882
0.19331566989421844
0.1934042125940323
0.19336143136024475
0.19349686801433563
0.19388091564178467
0.19456292688846588
0.19533869624137878
0.19473713636398315
0.1943395733833313
0.1937761902809143
0.1944764405488968
0.19466479122638702
0.1942657232284546
0.19389605522155762
0.19364811480045319
0.19382965564727783
0.19379541277885437
0.1937837153673172
0.19341745972633362
0.19320634007453918
0.19317218661308289
0.1931418478488922
0.1933356523513794
0.19335654377937317
0.19382180273532867
0.1943003386259079
0.19536933302879333
0.1958192139863968
0.1945110708475113
0.19379574060440063
0.19417716562747955
0.19481223821640015
0.19447481632232666
0.19404692947864532
0.1937229037284851
0.19414697587490082
0.19403544068336487
0.1938076615333557
0.193442702293396
0.19323652982711792
0.19325242936611176
0.19320930540561676
0.19317519664764404
0.1929328441619873
0.19282282888889313
0.1926831752061844
0.1926123946905136
0.1925954669713974
0.19273462891578674
0.19334471225738525
0.19496731460094452
0.19713424146175385
0.19718720018863678
0.1943627893924713
0.19516344368457794
0.19623713195323944
0.19741743803024292
0.19537818431854248
0.1948179006576538
0.195465549826622
0.19557666778564453
0.19523809850215912
0.19508686661720276
0.1948980987071991
0.19595134258270264
0.19519832730293274
0.19551238417625427
0.1944868266582489
0.19516311585903168
0.19576428830623627
0.19637799263000488
0.19649499654769897
0.19602543115615845
0.1949596405029297
0.1961878091096878
0.19547230005264282
0.1953967809677124
0.19448037445545197
0.19439400732517242
0.19465766847133636
0.1943182498216629
0.1944103240966797
0.19401836395263672
0.19438056647777557
0.19536343216896057
0.19817006587982178
0.20017355680465698
0.1993633210659027
0.19550102949142456
0.19799603521823883
0.19834201037883759
0.19954721629619598
0.19684715569019318
0.19721445441246033
0.19771386682987213
0.1987401247024536
0.1987311840057373
0.20028835535049438
0.19810695946216583
0.2018413096666336
0.19821017980575562
0.20038039982318878
0.19796495139598846
0.19879774749279022
0.19863036274909973
0.201016366481781
0.20436979830265045
0.2087504267692566
0.2036975622177124
0.20701667666435242
0.20366281270980835
0.20919547975063324
0.2059265822172165
0.20889437198638916
0.20522694289684296
0.2077517956495285
0.209971621632576
0.21747930347919464
0.21912536025047302
0.21989114582538605
0.21340318024158478
0.22045935690402985
0.21683797240257263
0.2217414826154709
0.21724608540534973
0.21947669982910156
0.21541422605514526
0.2176804542541504
0.22003331780433655
0.22345545887947083
0.22441981732845306
0.21678784489631653
0.21466979384422302
0.21881069242954254
0.21364951133728027
0.21257969737052917
0.21059206128120422
0.2097196877002716
0.20955944061279297
0.21004576981067657
0.21133284270763397
0.21479752659797668
0.21205981075763702
0.21255795657634735
0.20739229023456573
0.20911873877048492
0.20819854736328125
0.20747743546962738
0.2076551467180252
0.20609958469867706
0.2064749002456665
0.2050400972366333
0.2054682821035385
0.2029247283935547
0.20287375152111053
0.20153377950191498
0.20091575384140015
0.20044250786304474
0.19982542097568512
0.19949892163276672
0.19905459880828857
0.19996300339698792
0.20235994458198547
0.20663811266422272
0.20748156309127808
0.20307902991771698
0.2007516771554947
0.20148998498916626
0.20155023038387299
0.20030577480793
0.19985999166965485
0.19939860701560974
0.19934551417827606
0.1985497623682022
0.19795234501361847
0.19746676087379456
0.19704365730285645
0.19674628973007202
0.19638456404209137
0.19610629975795746
0.1956603229045868
0.19547730684280396
0.19537727534770966
0.19624905288219452
0.19872832298278809
0.2010881006717682
0.19962359964847565
0.19678299129009247
0.19700691103935242
0.19828736782073975
0.1967305988073349
0.19621923565864563
0.19673433899879456
0.1962767243385315
0.19546613097190857
0.19529643654823303
0.1952229142189026
0.19507011771202087
0.19452035427093506
0.1941801905632019
0.19411565363407135
0.19388410449028015
0.19372358918190002
0.19344164431095123
0.19321955740451813
0.193090558052063
0.19303108751773834
0.19307266175746918
0.1934760957956314
0.19441717863082886
0.19536852836608887
0.19497495889663696
0.19376663863658905
0.19334565103054047
0.19421210885047913
0.19374826550483704
0.19294163584709167
0.19304940104484558
0.19322469830513
0.19307772815227509
0.19267229735851288
0.19239982962608337
0.19245266914367676
0.19246459007263184
0.19226497411727905
0.1920577883720398
0.19195635616779327
0.19196274876594543
0.19189924001693726
0.19188328087329865
0.19166821241378784
0.19161030650138855
0.19168932735919952
0.19198325276374817
0.19249337911605835
0.19271130859851837
0.1923929899930954
0.19181479513645172
0.19175292551517487
0.19212892651557922
0.19187721610069275
0.1915253847837448
0.19152581691741943
0.19160640239715576
0.19156521558761597
0.19123224914073944
0.1911507397890091
0.19126026332378387
0.19118882715702057
0.19110611081123352
0.19096677005290985
0.19096826016902924
0.19111822545528412
0.19147376716136932
0.1920541226863861
0.19238623976707458
0.1921088695526123
0.19151799380779266
0.1914166510105133
0.19193585216999054
0.19161196053028107
0.19115522503852844
0.19127637147903442
0.1913304179906845
0.19127650558948517
0.19107596576213837
0.19091551005840302
0.1910070925951004
0.19097982347011566
0.1908678114414215
0.1906699389219284
0.19065319001674652
0.19064387679100037
0.19060808420181274
0.19062365591526031
0.1906295269727707
0.1907828152179718
0.19129694998264313
0.19198547303676605
0.19231760501861572
0.19151204824447632
0.19094988703727722
0.19109399616718292
0.1915234923362732
0.19149120151996613
0.1909916251897812
0.19086430966854095
0.19102530181407928
0.19106362760066986
0.19113095104694366
0.19089175760746002
0.19074192643165588
0.19059468805789948
0.19057677686214447
0.19061219692230225
0.19056010246276855
0.1905912607908249
0.19050787389278412
0.1904461532831192
0.19035854935646057
0.19046998023986816
0.19081848859786987
0.19160416722297668
0.19282862544059753
0.19236820936203003
0.19112107157707214
0.19102224707603455
0.19179025292396545
0.19179512560367584
0.19081895053386688
0.19096902012825012
0.19148261845111847
0.19096218049526215
0.19059763848781586
0.19076484441757202
0.19083964824676514
0.1906900703907013
0.19039413332939148
0.19036409258842468
0.19048772752285004
0.19039389491081238
0.19029144942760468
0.19019891321659088
0.19039277732372284
0.19091933965682983
0.19177690148353577
0.19260580837726593
0.19219361245632172
0.19091390073299408
0.19146369397640228
0.1918909251689911
0.19178512692451477
0.19110672175884247
0.190999835729599
0.19149315357208252
0.19122950732707977
0.19082756340503693
0.19067232310771942
0.19076578319072723
0.19083558022975922
0.19053611159324646
0.19036568701267242
0.1903189718723297
0.19038520753383636
0.19055262207984924
0.19088934361934662
0.19167569279670715
0.1926404982805252
0.19233018159866333
0.19174140691757202
0.19100767374038696
0.19177737832069397
0.1920689046382904
0.1915702521800995
0.1912175565958023
0.19101031124591827
0.1912851780653
0.19133521616458893
0.19120894372463226
0.19086238741874695
0.19067370891571045
0.1908532679080963
0.19087857007980347
0.19102922081947327
0.19060364365577698
0.19064980745315552
0.19083410501480103
0.19133742153644562
0.191867396235466
0.1915092021226883
0.19081684947013855
0.19084203243255615
0.19102831184864044
0.1912384033203125
0.1905914843082428
0.1903451383113861
0.19062285125255585
0.19055382907390594
0.19045111536979675
0.19015222787857056
0.19025614857673645
0.1905764788389206
0.1910122185945511
0.19161905348300934
0.1919713020324707
0.1914399266242981
0.1913491040468216
0.1909792125225067
0.1914837807416916
0.19132277369499207
0.19088782370090485
0.19105778634548187
0.19086028635501862
0.1909954845905304
0.19071251153945923
0.19054999947547913
0.1905960887670517
0.190683975815773
0.19110466539859772
0.19098278880119324
0.1912635862827301
0.19107861816883087
0.19118091464042664
0.19108076393604279
0.19064266979694366
0.19051113724708557
0.19057060778141022
0.19104993343353271
0.19137810170650482
0.19122858345508575
0.1905699223279953
0.190436452627182
0.19051361083984375
0.19082345068454742
0.19062772393226624
0.1903001368045807
0.19027064740657806
0.19035860896110535
0.19062539935112
0.19021929800510406
0.1901254653930664
0.1901288628578186
0.19045962393283844
0.19092385470867157
0.19102847576141357
0.1909366250038147
0.19082984328269958
0.1905609667301178
0.19085484743118286
0.19044452905654907
0.19037136435508728
0.19047439098358154
0.19043603539466858
0.19073112308979034
0.1902318298816681
0.19018977880477905
0.1900988519191742
0.19022376835346222
0.19041189551353455
0.19055765867233276
0.19073599576950073
0.19081798195838928
0.19079144299030304
0.19107043743133545
0.19058439135551453
0.19064027070999146
0.1903030127286911
0.19048233330249786
0.19085116684436798
0.19083520770072937
0.19120590388774872
0.1906690150499344
0.19055303931236267
0.19017323851585388
0.1901060938835144
0.19012796878814697
0.19004569947719574
0.19014684855937958
0.19032908976078033
0.1909346729516983
0.19155149161815643
0.19233790040016174
0.19222982227802277
0.19112996757030487
0.19073151051998138
0.1912429928779602
0.19202198088169098
0.19142359495162964
0.19125676155090332
0.19061285257339478
0.19067195057868958
0.19083547592163086
0.19105768203735352
0.19118398427963257
0.19112332165241241
0.19101758301258087
0.19065438210964203
0.19082722067832947
0.19074955582618713
0.19098970293998718
0.19039689004421234
0.19028405845165253
0.190139502286911
0.19010430574417114
0.1903497278690338
0.1904696524143219
0.19141961634159088
0.19266244769096375
0.1941579431295395
0.1942572295665741
0.19246241450309753
0.1916559338569641
0.19236218929290771
0.193169504404068
0.19239944219589233
0.19258256256580353
0.19196365773677826
0.1932128369808197
0.19253073632717133
0.19259034097194672
0.19157342612743378
0.19179056584835052
0.19206151366233826
0.19336892664432526
0.1958642452955246
0.19801278412342072
0.1950768232345581
0.19778843224048615
0.19509920477867126
0.19944532215595245
0.1970638632774353
0.1975858509540558
0.19605353474617004
0.19563820958137512
0.19630321860313416
0.19572345912456512
0.1970958411693573
0.1970711350440979
0.20444947481155396
0.21096645295619965
0.21582159399986267
0.20635688304901123
0.21345794200897217
0.21136903762817383
0.21867364645004272
0.2192663848400116
0.23039491474628448
0.23055684566497803
0.23594388365745544
0.2326732873916626
0.2314281463623047
0.22922155261039734
0.22737345099449158
0.22536754608154297
0.22430242598056793
0.22167757153511047
0.22311429679393768
0.22556127607822418
0.23786935210227966
0.24924857914447784
0.2358270287513733
0.23015367984771729
0.2297549992799759
0.2301601767539978
0.22949156165122986
0.22695015370845795
0.223527729511261
0.2211228907108307
0.21805506944656372
0.21711547672748566
0.21442024409770966
0.21499468386173248
0.21192039549350739
0.21256834268569946
0.2109813690185547
0.2159479707479477
0.22543689608573914
0.22053830325603485
0.21197858452796936
0.21031594276428223
0.21277549862861633
0.21340987086296082
0.20946048200130463
0.20721085369586945
0.20816613733768463
0.20647302269935608
0.20591887831687927
0.20371347665786743
0.20392470061779022
0.20542281866073608
0.20872624218463898
0.21051865816116333
0.2097063958644867
0.20391272008419037
0.20765900611877441
0.2046155333518982
0.20332634449005127
0.20303606986999512
0.20208477973937988
0.20268934965133667
0.2008083015680313
0.20109932124614716
0.20151376724243164
0.2038167119026184
0.20450976490974426
0.20285126566886902
0.19945132732391357
0.20118041336536407
0.1998184323310852
0.19878821074962616
0.19815941154956818
0.19780871272087097
0.1978377103805542
0.1966126263141632
0.19641274213790894
0.19652821123600006
0.1973298341035843
0.19866086542606354
0.19931024312973022
0.19708919525146484
0.19719535112380981
0.19599078595638275
0.1961836963891983
0.19585317373275757
0.19509078562259674
0.19547823071479797
0.19460387527942657
0.19422148168087006
0.19380149245262146
0.19359560310840607
0.1935376077890396
0.19316884875297546
0.19309093058109283
0.19306407868862152
0.19397562742233276
0.19574929773807526
0.19619381427764893
0.1944091022014618
0.19287198781967163
0.19384820759296417
0.19439388811588287
0.19273853302001953
0.19279378652572632
0.19351817667484283
0.19236621260643005
0.19202563166618347
0.1924031674861908
0.19201096892356873
0.19151455163955688
0.19154931604862213
0.19150085747241974
0.19124479591846466
0.19087018072605133
0.19092708826065063
0.1910189390182495
0.19097121059894562
0.19106748700141907
0.19137854874134064
0.19121907651424408
0.19095219671726227
0.19030481576919556
0.19028493762016296
0.1904662847518921
0.19034697115421295
0.19037792086601257
0.19039754569530487
0.19051948189735413
0.1905611753463745
0.1902279555797577
0.18983227014541626
0.18971151113510132
0.18976248800754547
0.18979164958000183
0.1896381974220276
0.18953800201416016
0.1896476000547409
0.1897512525320053
0.18987809121608734
0.18968676030635834
0.18967963755130768
0.18972651660442352
0.18964353203773499
0.1894112229347229
0.18914219737052917
0.18913216888904572
0.189249649643898
0.18930818140506744
0.18936696648597717
0.18952676653862
0.18969391286373138
0.18976730108261108
0.18930067121982574
0.18902871012687683
0.18899059295654297
0.1891227662563324
0.18924029171466827
0.18916906416416168
0.18923673033714294
0.18934112787246704
0.18937698006629944
0.189238503575325
0.18887028098106384
0.1887132078409195
0.18880079686641693
0.18885284662246704
0.18885380029678345
0.18882369995117188
0.18895018100738525
0.18932494521141052
0.1894022822380066
0.18929556012153625
0.18887734413146973
0.18881256878376007
0.18893712759017944
0.18886016309261322
0.18879511952400208
0.18869933485984802
0.18884798884391785
0.1891140639781952
0.189330592751503
0.18954724073410034
0.1893845647573471
0.18910370767116547
0.18902772665023804
0.18879108130931854
0.18890643119812012
0.18903933465480804
0.1890316605567932
0.1890864372253418
0.1887899786233902
0.18861140310764313
0.18849223852157593
0.18853475153446198
0.1886305809020996
0.18871872127056122
0.18900708854198456
0.189310222864151
0.18950191140174866
0.18943920731544495
0.18892207741737366
0.1885441392660141
0.18868574500083923
0.18907827138900757
0.1891406625509262
0.18880924582481384
0.18847040832042694
0.18845006823539734
0.1885450929403305
0.18870191276073456
0.18865716457366943
0.18849427998065948
0.18846911191940308
0.18844079971313477
0.18843288719654083
0.18827030062675476
0.18821650743484497
0.18813757598400116
0.18816040456295013
0.18837857246398926
0.18866492807865143
0.18922197818756104
0.18985877931118011
0.18999652564525604
0.18944883346557617
0.18863674998283386
0.18907307088375092
0.18971802294254303
0.18963748216629028
0.18892675638198853
0.18865643441677094
0.18881073594093323
0.1891298145055771
0.18902690708637238
0.18861863017082214
0.18849021196365356
0.18844233453273773
0.18851301074028015
0.18852701783180237
0.18850962817668915
0.1883687525987625
0.18834717571735382
0.18859845399856567
0.18869027495384216
0.1888417899608612
0.18852491676807404
0.18840786814689636
0.1882822960615158
0.1883547604084015
0.18847693502902985
0.18826362490653992
0.18811102211475372
0.18801499903202057
0.18799008429050446
0.18803825974464417
0.18811622262001038
0.1885003298521042
0.18916063010692596
0.19047003984451294
0.19215674698352814
0.19087007641792297
0.18900662660598755
0.18936723470687866
0.1905040740966797
0.19018445909023285
0.18955209851264954
0.18944157660007477
0.1900230199098587
0.1896091103553772
0.18906530737876892
0.1888788789510727
0.1890963762998581
0.1892160177230835
0.18887409567832947
0.18873532116413116
0.18897727131843567
0.18910014629364014
0.18955835700035095
0.18917235732078552
0.18924295902252197
0.18929941952228546
0.18953478336334229
0.18941156566143036
0.18876536190509796
0.1885094940662384
0.18860775232315063
0.18861965835094452
0.18866616487503052
0.1884220540523529
0.188261479139328
0.18847806751728058
0.18873527646064758
0.18925422430038452
0.1892416775226593
0.18957999348640442
0.18956337869167328
0.18949934840202332
0.1892351508140564
0.18858680129051208
0.1887354552745819
0.18920797109603882
0.18944697082042694
0.18933594226837158
0.18902963399887085
0.18857824802398682
0.1887081116437912
0.18864388763904572
0.18864762783050537
0.18849563598632812
0.18845520913600922
0.1886967122554779
0.18860329687595367
0.18884921073913574
0.18860381841659546
0.18851011991500854
0.18837159872055054
0.18851613998413086
0.18855056166648865
0.188431516289711
0.18837055563926697
0.1881117820739746
0.1879766285419464
0.18816708028316498
0.18809686601161957
0.1882091760635376
0.18815800547599792
0.1883007138967514
0.18852460384368896
0.1891164779663086
0.18973834812641144
0.18908563256263733
0.18830125033855438
0.18821559846401215
0.18839573860168457
0.1886357069015503
0.18831966817378998
0.18799139559268951
0.18813295662403107
0.18817442655563354
0.188213512301445
0.18792475759983063
0.18798823654651642
0.18814481794834137
0.18863460421562195
0.18948300182819366
0.18971726298332214
0.18925981223583221
0.18875497579574585
0.1885567307472229
0.18919014930725098
0.18893742561340332
0.18848241865634918
0.18836189806461334
0.18853388726711273
0.18873152136802673
0.1881597936153412
0.18816052377223969
0.18821755051612854
0.18851162493228912
0.18929889798164368
0.19005662202835083
0.19049613177776337
0.19034510850906372
0.18928176164627075
0.18976137042045593
0.18985691666603088
0.19011922180652618
0.18939946591854095
0.1891644448041916
0.18973283469676971
0.189030721783638
0.18922598659992218
0.1888165920972824
0.18864662945270538
0.18869638442993164
0.18914084136486053
0.18999549746513367
0.19173577427864075
0.19373556971549988
0.19290661811828613
0.1900889128446579
0.19233688712120056
0.1921059489250183
0.19276276230812073
0.19099624454975128
0.190496563911438
0.19134174287319183
0.19110295176506042
0.19082194566726685
0.19005823135375977
0.18985304236412048
0.19012081623077393
0.19014976918697357
0.1914132684469223
0.19278857111930847
0.19815954566001892
0.20099546015262604
0.1992209404706955
0.1934707909822464
0.19666673243045807
0.1969594955444336
0.19894978404045105
0.19591203331947327
0.19664134085178375
0.1964493691921234
0.20132741332054138
0.20485419034957886
0.21131253242492676
0.20237281918525696
0.2120116502046585
0.20717835426330566
0.21594791114330292
0.21120913326740265
0.21911406517028809
0.22023381292819977
0.23567454516887665
0.2455015331506729
0.2356863021850586
0.2306099236011505
0.23468244075775146
0.23093843460083008
0.2335081845521927
0.22727803885936737
0.2280045747756958
0.22354060411453247
0.22679969668388367
0.23676276206970215
0.24386537075042725
0.24412702023983002
0.23212289810180664
0.23415599763393402
0.24126167595386505
0.22718818485736847
0.22705145180225372
0.22577595710754395
0.2235223948955536
0.22280582785606384
0.2227706015110016
0.22107112407684326
0.2251625955104828
0.22032053768634796
0.22014912962913513
0.21404847502708435
0.21348893642425537
0.2117912471294403
0.20995798707008362
0.20922601222991943
0.2080533355474472
0.2099587768316269
0.21560001373291016
0.22090157866477966
0.21878717839717865
0.21036525070667267
0.21174702048301697
0.21331770718097687
0.20847775042057037
0.20825067162513733
0.20758318901062012
0.2062491923570633
0.20514260232448578
0.2039894461631775
0.20307208597660065
0.20424847304821014
0.2025589644908905
0.20467427372932434
0.2041836529970169
0.2065654844045639
0.20506691932678223
0.2014814168214798
0.2002313733100891
0.20166447758674622
0.20007827877998352
0.19851961731910706
0.19810274243354797
0.19767677783966064
0.19738367199897766
0.19647541642189026
0.19573107361793518
0.19589559733867645
0.1958847939968109
0.1972990483045578
0.19784674048423767
0.19963258504867554
0.19842520356178284
0.19626562297344208
0.1948791742324829
0.19544130563735962
0.1958887130022049
0.19462035596370697
0.19427482783794403
0.19387567043304443
0.19394363462924957
0.19337207078933716
0.19277578592300415
0.19259120523929596
0.19245263934135437
0.19261597096920013
0.19226370751857758
0.19275307655334473
0.19339759647846222
0.193881094455719
0.19317348301410675
0.19147223234176636
0.19147491455078125
0.19229507446289062
0.1914837807416916
0.19073668122291565
0.19095277786254883
0.19089041650295258
0.19051407277584076
0.19009491801261902
0.19002065062522888
0.19010181725025177
0.18976056575775146
0.18947850167751312
0.18938258290290833
0.18930809199810028
0.1892254501581192
0.18909814953804016
0.18902705609798431
0.18923340737819672
0.18998555839061737
0.19136136770248413
0.19238406419754028
0.19133156538009644
0.1896722912788391
0.189741849899292
0.19064675271511078
0.1902039796113968
0.1896943598985672
0.18945933878421783
0.18951638042926788
0.18963398039340973
0.18935243785381317
0.18908995389938354
0.18884950876235962
0.1887647807598114
0.18870893120765686
0.18863540887832642
0.18870945274829865
0.18873491883277893
0.18883101642131805
0.18887972831726074
0.1887701153755188
0.1884528398513794
0.18818458914756775
0.18809667229652405
0.1881140172481537
0.1882879137992859
0.18839816749095917
0.18828590214252472
0.18801946938037872
0.18780314922332764
0.18765327334403992
0.18766474723815918
0.18778324127197266
0.18787157535552979
0.18795369565486908
0.18793709576129913
0.18775580823421478
0.18749821186065674
0.18739698827266693
0.1874220222234726
0.1874651461839676
0.1875767707824707
0.18762338161468506
0.18766658008098602
0.1876373291015625
0.18763449788093567
0.18763606250286102
0.18742075562477112
0.18729183077812195
0.18725506961345673
0.18747583031654358
0.1878105103969574
0.18794894218444824
0.18781110644340515
0.18742626905441284
0.1872352808713913
0.18740777671337128
0.18747545778751373
0.1874741017818451
0.18732134997844696
0.18726195394992828
0.18738971650600433
0.18722467124462128
0.18711066246032715
0.18696609139442444
0.18696638941764832
0.18708141148090363
0.18720681965351105
0.18750245869159698
0.18792188167572021
0.18844656646251678
0.1889582723379135
0.18823149800300598
0.18746939301490784
0.18758279085159302
0.18818135559558868
0.18819233775138855
0.18755888938903809
0.1872543841600418
0.18755385279655457
0.18766704201698303
0.18746526539325714
0.18719211220741272
0.18713656067848206
0.18729782104492188
0.18723070621490479
0.1871471107006073
0.18698707222938538
0.18691858649253845
0.1870947629213333
0.18722504377365112
0.18738658726215363
0.18737299740314484
0.18764221668243408
0.18795526027679443
0.187845841050148
0.18747523427009583
0.18698662519454956
0.1871538907289505
0.18760302662849426
0.18768692016601562
0.1874241977930069
0.1871587634086609
0.18708212673664093
0.18727488815784454
0.18714597821235657
0.18703418970108032
0.18704745173454285
0.1870879977941513
0.18728522956371307
0.18711349368095398
0.18699747323989868
0.1868184357881546
0.18691934645175934
0.1871228963136673
0.18716271221637726
0.18723975121974945
0.18725690245628357
0.1874195784330368
0.18770068883895874
0.18750493228435516
0.1873319000005722
0.18678578734397888
0.18685337901115417
0.1871415674686432
0.18726398050785065
0.18760651350021362
0.1878293752670288
0.188049778342247
0.18806242942810059
0.18761348724365234
0.1872589886188507
0.18715475499629974
0.18763189017772675
0.18802331387996674
0.18781022727489471
0.18719148635864258
0.1869649440050125
0.18703210353851318
0.18726497888565063
0.18737369775772095
0.18725745379924774
0.18695519864559174
0.1867799460887909
0.186903178691864
0.18686620891094208
0.18688802421092987
0.1867275834083557
0.18660756945610046
0.18657641112804413
0.18672071397304535
0.18717598915100098
0.18771249055862427
0.18856394290924072
0.18931034207344055
0.1887131631374359
0.1879468560218811
0.18777525424957275
0.18860118091106415
0.1886359006166458
0.18845081329345703
0.18756981194019318
0.18739420175552368
0.1878158003091812
0.18804135918617249
0.18814587593078613
0.18788883090019226
0.1876760572195053
0.18723216652870178
0.18732233345508575
0.1873609721660614
0.1875254064798355
0.18761196732521057
0.18774519860744476
0.18777579069137573
0.18781058490276337
0.1880331039428711
0.18757791817188263
0.18750113248825073
0.1871664822101593
0.18735548853874207
0.1876051276922226
0.1878529191017151
0.1883130818605423
0.18795937299728394
0.18769371509552002
0.1872110515832901
0.18699400126934052
0.18708835542201996
0.1872987151145935
0.18752264976501465
0.18770016729831696
0.18790636956691742
0.1874253898859024
0.18704627454280853
0.18679837882518768
0.18678490817546844
0.1869174838066101
0.1871296465396881
0.1874246746301651
0.18757623434066772
0.18743738532066345
0.18694257736206055
0.1866593211889267
0.1865595281124115
0.18676236271858215
0.1870325803756714
0.187178373336792
0.18710575997829437
0.18684665858745575
0.18649011850357056
0.18631990253925323
0.18642161786556244
0.18659192323684692
0.18678952753543854
0.18677622079849243
0.186702162027359
0.18661656975746155
0.18657751381397247
0.18693767488002777
0.18689796328544617
0.1868285983800888
0.186401829123497
0.18645429611206055
0.1866440623998642
0.18689323961734772
0.1875973641872406
0.1881629079580307
0.1888388991355896
0.18918582797050476
0.18795950710773468
0.18759597837924957
0.18806776404380798
0.18900153040885925
0.1886441856622696
0.1881408542394638
0.18737316131591797
0.18751822412014008
0.18789486587047577
0.18809133768081665
0.18814797699451447
0.18780139088630676
0.1875542253255844
0.1871882528066635
0.18733426928520203
0.1874523162841797
0.18770024180412292
0.18738166987895966
0.18725436925888062
0.18689437210559845
0.1868591457605362
0.18742409348487854
0.18805840611457825
0.18972067534923553
0.19070790708065033
0.19127227365970612
0.189917653799057
0.18894408643245697
0.1895960420370102
0.18990108370780945
0.19144295156002045
0.18994010984897614
0.19014303386211395
0.188921257853508
0.18965409696102142
0.18982373178005219
0.19069993495941162
0.19021230936050415
0.1901627480983734
0.18933914601802826
0.1894397735595703
0.19165658950805664
0.19077914953231812
0.19392825663089752
0.19137078523635864
0.1944875717163086
0.19343359768390656
0.19428974390029907
0.19213765859603882
0.19191507995128632
0.1916215717792511
0.19236737489700317
0.19195756316184998
0.19271528720855713
0.1909019649028778
0.19102446734905243
0.19086351990699768
0.19403767585754395
0.200283482670784
0.2056179940700531
0.19804847240447998
0.20302212238311768
0.19916754961013794
0.20723749697208405
0.20357269048690796
0.20801454782485962
0.20172040164470673
0.20353153347969055
0.20406277477741241
0.2134048044681549
0.22759151458740234
0.23434501886367798
0.21987415850162506
0.2360735833644867
0.23198822140693665
0.2423466444015503
0.24298498034477234
0.24980700016021729
0.250028133392334
0.24090898036956787
0.23575511574745178
0.23368999361991882
0.23363569378852844
0.2359277456998825
