# lbfgs, lr=0.8, alpha = 1000000, beta = 0.1
# best_iter: 99, best_loss = 0.044695302844047546, imsave period = 10
1.2460511922836304
0.32611513137817383
0.20327039062976837
0.1519070416688919
0.11928258836269379
0.10310657322406769
0.09376873075962067
0.08470238745212555
0.07664808630943298
0.06789372861385345
0.06190348044037819
0.05710835009813309
0.05448613688349724
0.05286271497607231
0.05182088166475296
0.051023438572883606
0.05048482492566109
0.04995895177125931
0.04949559271335602
0.04907055199146271
0.048671990633010864
0.04830918088555336
0.04796747863292694
0.04764851555228233
0.04735981673002243
0.04709559306502342
0.04685375094413757
0.04664599150419235
0.046464283019304276
0.04630771651864052
0.046174198389053345
0.04605937749147415
0.04596090316772461
0.04587588459253311
0.045803219079971313
0.04573948681354523
0.04568367451429367
0.04563436284661293
0.045590877532958984
0.04555163159966469
0.04551585018634796
0.04548326134681702
0.04545266181230545
0.045425135642290115
0.04539908468723297
0.045374467968940735
0.045351408421993256
0.045329466462135315
0.045308761298656464
0.04528870806097984
0.045269519090652466
0.04525107890367508
0.04523333162069321
0.04521586000919342
0.04519889876246452
0.045182161033153534
0.045166052877902985
0.045150160789489746
0.04513479024171829
0.045119404792785645
0.04510447382926941
0.04508986696600914
0.045075368136167526
0.04506153613328934
0.04504783824086189
0.045034412294626236
0.045021235942840576
0.04500838741660118
0.04499581828713417
0.0449833907186985
0.04497099295258522
0.04495903104543686
0.044947195798158646
0.04493549466133118
0.04492419958114624
0.04491297900676727
0.04490199312567711
0.04489129036664963
0.04488075524568558
0.04487043619155884
0.044860273599624634
0.04485032707452774
0.04484075680375099
0.04483117535710335
0.04482180252671242
0.044812556356191635
0.044803496450185776
0.04479437693953514
0.04478549212217331
0.04477675259113312
0.04476805031299591
0.04475947842001915
0.04475107416510582
0.044742681086063385
0.04473455995321274
0.044726599007844925
0.04471859335899353
0.04471076279878616
0.04470301419496536
0.044695302844047546
