# lbfgs, lr=0.8, alpha = 1000000, beta = 0.1
# best_iter: 99, best_loss = 0.1929176151752472, imsave period = 10
13.651813507080078
1.1251276731491089
0.47271233797073364
0.35934963822364807
0.3084550201892853
0.2799835503101349
0.26214122772216797
0.25003862380981445
0.24098385870456696
0.23435330390930176
0.22931168973445892
0.22506704926490784
0.22150176763534546
0.21854354441165924
0.21613013744354248
0.214125394821167
0.2121983766555786
0.21068961918354034
0.20932471752166748
0.20808924734592438
0.20708391070365906
0.20606355369091034
0.20516657829284668
0.20437803864479065
0.20364968478679657
0.20299294590950012
0.20239102840423584
0.20181439816951752
0.20132409036159515
0.2008572816848755
0.2004229873418808
0.2000240683555603
0.1996479332447052
0.1993062049150467
0.19898110628128052
0.1986767202615738
0.19840414822101593
0.19813570380210876
0.19788464903831482
0.19765768945217133
0.19744166731834412
0.19724221527576447
0.19705401360988617
0.19686615467071533
0.19669373333454132
0.1965286284685135
0.19637128710746765
0.19622743129730225
0.19608528912067413
0.19595322012901306
0.1958250105381012
0.19570109248161316
0.1955871433019638
0.1954742819070816
0.19536936283111572
0.19526571035385132
0.19516736268997192
0.19507519900798798
0.1949845850467682
0.19489917159080505
0.1948169320821762
0.19473671913146973
0.19465875625610352
0.19458377361297607
0.19451037049293518
0.19444060325622559
0.19437244534492493
0.19430559873580933
0.19424152374267578
0.19417913258075714
0.19411933422088623
0.19406196475028992
0.19400668144226074
0.1939522922039032
0.19389869272708893
0.19384734332561493
0.19379675388336182
0.1937483251094818
0.1937006115913391
0.19365382194519043
0.19360843300819397
0.1935635209083557
0.19352063536643982
0.19347858428955078
0.19343747198581696
0.1933973729610443
0.19335851073265076
0.19331961870193481
0.1932816505432129
0.19324533641338348
0.19320859014987946
0.19317346811294556
0.19313903152942657
0.19310525059700012
0.19307243824005127
0.19304054975509644
0.19300928711891174
0.19297820329666138
0.19294774532318115
0.1929176151752472
