# adam, lr=0.01, alpha = 1000000, beta = 0.1
# best_iter: 2963, best_loss = 0.1694323867559433, imsave period = 300
13.15681266784668
9.397419929504395
7.820131301879883
6.2955522537231445
5.305975437164307
4.497756004333496
3.9029381275177
3.408984899520874
3.032500982284546
2.7232627868652344
2.4650349617004395
2.254408359527588
2.074678897857666
1.9262487888336182
1.8031156063079834
1.6977317333221436
1.6094474792480469
1.532830834388733
1.4652302265167236
1.4050261974334717
1.349284291267395
1.298248052597046
1.2506797313690186
1.2059701681137085
1.1640201807022095
1.124114990234375
1.0865504741668701
1.0510822534561157
1.017638087272644
0.9863197803497314
0.9567907452583313
0.9292528629302979
0.9034634232521057
0.8794324398040771
0.8569960594177246
0.83600252866745
0.8164024353027344
0.7980170249938965
0.7808061838150024
0.7646305561065674
0.7494434118270874
0.7351295948028564
0.721645176410675
0.7088854312896729
0.6968123912811279
0.6853682398796082
0.6745006442070007
0.6641678810119629
0.6543219685554504
0.6449486017227173
0.6360020637512207
0.6274384260177612
0.6192283630371094
0.6113525629043579
0.6037995219230652
0.596555769443512
0.5895913243293762
0.5828835964202881
0.5764163732528687
0.5701770782470703
0.5641613006591797
0.5583530068397522
0.5527334213256836
0.5472897291183472
0.5420169830322266
0.5369008779525757
0.5319356322288513
0.5271104574203491
0.5224184989929199
0.5178591012954712
0.5134249329566956
0.5091098546981812
0.5049076676368713
0.5008132457733154
0.4968212842941284
0.49292922019958496
0.4891318678855896
0.48542505502700806
0.48180365562438965
0.4782670736312866
0.4748072028160095
0.4714217185974121
0.46810978651046753
0.4648691713809967
0.46169573068618774
0.45858830213546753
0.4555450677871704
0.45256507396698
0.4496440291404724
0.44677966833114624
0.44397005438804626
0.44121330976486206
0.43850797414779663
0.43585193157196045
0.4332444667816162
0.4306834936141968
0.4281686544418335
0.4256974458694458
0.4232684075832367
0.420879989862442
0.41853219270706177
0.41622406244277954
0.4139561951160431
0.4117276668548584
0.40953609347343445
0.40737926959991455
0.4052567481994629
0.4031696319580078
0.4011157751083374
0.3990941643714905
0.3971025347709656
0.39514046907424927
0.39320656657218933
0.3913017511367798
0.3894250988960266
0.38757479190826416
0.3857525587081909
0.38395747542381287
0.38218873739242554
0.3804437220096588
0.3787224292755127
0.37702465057373047
0.37534981966018677
0.373698890209198
0.37206944823265076
0.37046128511428833
0.3688749074935913
0.367311030626297
0.36576730012893677
0.3642439842224121
0.36274033784866333
0.3612560033798218
0.3597910404205322
0.3583439588546753
0.3569158911705017
0.35550564527511597
0.35411232709884644
0.35273677110671997
0.3513779044151306
0.35003581643104553
0.3487107753753662
0.34740206599235535
0.3461099863052368
0.3448335528373718
0.34357279539108276
0.34232795238494873
0.34109795093536377
0.3398822546005249
0.33868134021759033
0.3374958634376526
0.336325079202652
0.33516770601272583
0.3340243101119995
0.33289527893066406
0.33177903294563293
0.3306753635406494
0.32958465814590454
0.3285065293312073
0.3274420499801636
0.3263912498950958
0.325356125831604
0.3243410289287567
0.32336097955703735
0.32243239879608154
0.3216167092323303
0.3209506869316101
0.3205817639827728
0.32017552852630615
0.31972819566726685
0.3180968165397644
0.316185861825943
0.31485265493392944
0.3144758343696594
0.3141835927963257
0.3130534291267395
0.3115895390510559
0.3103829622268677
0.3097538352012634
0.30930936336517334
0.3085143268108368
0.3074524700641632
0.3062439560890198
0.30527323484420776
0.30457454919815063
0.303991436958313
0.30342671275138855
0.3026852309703827
0.30186033248901367
0.3008381724357605
0.2998425364494324
0.29894623160362244
0.2981998324394226
0.2975682020187378
0.29701143503189087
0.2965768575668335
0.2961784899234772
0.29592782258987427
0.2953053116798401
0.29445505142211914
0.2930615544319153
0.2918679118156433
0.2912180423736572
0.29093971848487854
0.290693998336792
0.29007917642593384
0.2892440855503082
0.288141131401062
0.28719964623451233
0.28655555844306946
0.2861381769180298
0.28584417700767517
0.28550985455513
0.28521573543548584
0.2845735251903534
0.28377899527549744
0.28266578912734985
0.2817099690437317
0.2810938060283661
0.2807537615299225
0.280540406703949
0.2802484333515167
0.2799489498138428
0.27927958965301514
0.27846062183380127
0.27742406725883484
0.2765926420688629
0.2760801911354065
0.2757922112941742
0.27563685178756714
0.2754517197608948
0.27535998821258545
0.2748672068119049
0.2741655111312866
0.2729700207710266
0.2719759941101074
0.27148088812828064
0.27136102318763733
0.27136191725730896
0.27112987637519836
0.27078065276145935
0.2698996067047119
0.26892560720443726
0.2680729925632477
0.26762646436691284
0.2674756646156311
0.26740971207618713
0.26746195554733276
0.26727813482284546
0.2670401632785797
0.2660702168941498
0.26494476199150085
0.26403558254241943
0.26375383138656616
0.2638351321220398
0.2638189494609833
0.2637103796005249
0.26306357979774475
0.26221445202827454
0.26124534010887146
0.26064562797546387
0.2604382336139679
0.2604227662086487
0.260556697845459
0.2605634927749634
0.2606238126754761
0.25997453927993774
0.2589920163154602
0.25776681303977966
0.2571850121021271
0.25724107027053833
0.2573985457420349
0.257457435131073
0.2569422423839569
0.25618791580200195
0.25520411133766174
0.25456175208091736
0.2543485760688782
0.25438058376312256
0.2545795738697052
0.2546941637992859
0.2549407482147217
0.2544633448123932
0.25361713767051697
0.25226858258247375
0.25151070952415466
0.2515485882759094
0.25184041261672974
0.25204265117645264
0.25161921977996826
0.250896692276001
0.24986472725868225
0.24921375513076782
0.24908162653446198
0.24921557307243347
0.249494269490242
0.24959824979305267
0.24972684681415558
0.24908795952796936
0.24812966585159302
0.24698428809642792
0.2465185821056366
0.2466924786567688
0.24697868525981903
0.247207909822464
0.24686011672019958
0.24621769785881042
0.24518586695194244
0.24447202682495117
0.24428778886795044
0.24443940818309784
0.24476778507232666
0.2449842095375061
0.2453031688928604
0.24488237500190735
0.2440662384033203
0.24273937940597534
0.24204793572425842
0.24219171702861786
0.24258378148078918
0.24288111925125122
0.2425169050693512
0.24183541536331177
0.24082982540130615
0.24021458625793457
0.24013981223106384
0.24036374688148499
0.24077335000038147
0.24104611575603485
0.24139927327632904
0.24085301160812378
0.23987972736358643
0.23856350779533386
0.23809126019477844
0.2384435534477234
0.23885788023471832
0.23907306790351868
0.23851558566093445
0.23766332864761353
0.23675177991390228
0.2364271581172943
0.23660482466220856
0.23691031336784363
0.23732218146324158
0.23741789162158966
0.23741790652275085
0.23650771379470825
0.23541514575481415
0.23463967442512512
0.23464946448802948
0.23509827256202698
0.23542076349258423
0.23566097021102905
0.23518118262290955
0.23441068828105927
0.23340150713920593
0.23292042315006256
0.2330268919467926
0.2333795428276062
0.23390336334705353
0.2341730296611786
0.23445504903793335
0.23369991779327393
0.23256099224090576
0.23145359754562378
0.23133830726146698
0.23188985884189606
0.23228582739830017
0.23245882987976074
0.23179423809051514
0.23087704181671143
0.23006165027618408
0.22991016507148743
0.23022809624671936
0.23060324788093567
0.23108717799186707
0.23113146424293518
0.23095908761024475
0.22990821301937103
0.22887137532234192
0.22839131951332092
0.2285918891429901
0.22909286618232727
0.22943896055221558
0.2297404408454895
0.22923555970191956
0.22844082117080688
0.2274491786956787
0.22702056169509888
0.22716087102890015
0.22754670679569244
0.22807633876800537
0.22825419902801514
0.22831101715564728
0.22754111886024475
0.2266283631324768
0.22578519582748413
0.22562046349048615
0.22603744268417358
0.2265048623085022
0.2269689291715622
0.22685354948043823
0.22660917043685913
0.22560346126556396
0.224612295627594
0.22426295280456543
0.22463670372962952
0.22518488764762878
0.2254772037267685
0.22595646977424622
0.2257782220840454
0.22516724467277527
0.22377929091453552
0.22313013672828674
0.22331956028938293
0.223558709025383
0.22392909228801727
0.2244725525379181
0.22520127892494202
0.22465375065803528
0.22390739619731903
0.2230936735868454
0.22242332994937897
0.2218007594347
0.22208966314792633
0.22286304831504822
0.22299621999263763
0.2233973741531372
0.2238093912601471
0.22400936484336853
0.22241589426994324
0.22126120328903198
0.22103899717330933
0.220829039812088
0.22097553312778473
0.2216912806034088
0.2222369909286499
0.22190210223197937
0.22211149334907532
0.22166156768798828
0.22052356600761414
0.21942812204360962
0.21955469250679016
0.21974879503250122
0.21976545453071594
0.2206287384033203
0.22140799462795258
0.22225800156593323
0.22247031331062317
0.22313837707042694
0.22089624404907227
0.21853625774383545
0.21864722669124603
0.21973305940628052
0.2200055718421936
0.21987122297286987
0.2196774184703827
0.21810626983642578
0.2174280732870102
0.21807906031608582
0.21806710958480835
0.21812504529953003
0.2190237045288086
0.22009918093681335
0.21998319029808044
0.2207602560520172
0.21990765631198883
0.21791645884513855
0.2163996398448944
0.21708405017852783
0.2176654040813446
0.2177557796239853
0.21849319338798523
0.21768048405647278
0.21627193689346313
0.21582436561584473
0.21588587760925293
0.2155309021472931
0.21582983434200287
0.21675103902816772
0.21714502573013306
0.21855035424232483
0.22006763517856598
0.22150635719299316
0.21872013807296753
0.21623806655406952
0.215305358171463
0.21575859189033508
0.2172466516494751
0.21725943684577942
0.2155960500240326
0.2140847146511078
0.2147386521100998
0.21528801321983337
0.2151690125465393
0.21570667624473572
0.21507619321346283
0.2138533592224121
0.21341091394424438
0.21348461508750916
0.21308493614196777
0.21315696835517883
0.21389465034008026
0.21434998512268066
0.2158266007900238
0.2181692123413086
0.22176945209503174
0.22017383575439453
0.21722936630249023
0.2135724127292633
0.21388234198093414
0.2164202630519867
0.21639567613601685
0.2142070084810257
0.21221180260181427
0.21375572681427002
0.2152205854654312
0.21357998251914978
0.21240699291229248
0.21237018704414368
0.21214964985847473
0.21241456270217896
0.2128722071647644
0.21239477396011353
0.21125788986682892
0.21122881770133972
0.21108736097812653
0.21047085523605347
0.21059522032737732
0.21093156933784485
0.21107302606105804
0.2121019959449768
0.21546350419521332
0.21936526894569397
0.226482093334198
0.22384126484394073
0.21792295575141907
0.21105632185935974
0.21603238582611084
0.22150862216949463
0.2145596146583557
0.21109835803508759
0.21508930623531342
0.21495994925498962
0.21245306730270386
0.21186281740665436
0.21240557730197906
0.21226418018341064
0.21206197142601013
0.21152520179748535
0.21000614762306213
0.21051913499832153
0.21156370639801025
0.21033546328544617
0.20987191796302795
0.20998215675354004
0.20901699364185333
0.20858599245548248
0.20896287262439728
0.20860256254673004
0.20840659737586975
0.20911142230033875
0.2096991240978241
0.2113374024629593
0.21401426196098328
0.2182272970676422
0.21578380465507507
0.211448073387146
0.2083548605442047
0.210271418094635
0.2124483585357666
0.21047452092170715
0.20830056071281433
0.20856516063213348
0.21005511283874512
0.20968028903007507
0.20733994245529175
0.20751558244228363
0.20888984203338623
0.20814229547977448
0.20729270577430725
0.20705461502075195
0.20669889450073242
0.20675373077392578
0.20715223252773285
0.206959530711174
0.20618152618408203
0.20597903430461884
0.2059057205915451
0.20548194646835327
0.2052507996559143
0.20541834831237793
0.20544752478599548
0.20547303557395935
0.20639871060848236
0.20839016139507294
0.21301405131816864
0.21733328700065613
0.22344985604286194
0.2146131694316864
0.20616386830806732
0.2087971419095993
0.21374788880348206
0.21185964345932007
0.20687630772590637
0.2087012678384781
0.21037819981575012
0.20786932110786438
0.20788709819316864
0.20786313712596893
0.20648783445358276
0.20769232511520386
0.20731012523174286
0.20510408282279968
0.20580586791038513
0.2062656581401825
0.20494507253170013
0.20553703606128693
0.20602290332317352
0.20483288168907166
0.20537491142749786
0.20550942420959473
0.20472073554992676
0.20495310425758362
0.20518353581428528
0.2041073590517044
0.20400552451610565
0.203879714012146
0.20310498774051666
0.20302152633666992
0.2031259536743164
0.2026943415403366
0.2026255577802658
0.2028777301311493
0.2029602825641632
0.2039014995098114
0.20666447281837463
0.21376124024391174
0.2204839438199997
0.2300892472267151
0.21522969007492065
0.20423537492752075
0.21006962656974792
0.21573488414287567
0.21123063564300537
0.2047574818134308
0.20960474014282227
0.21184687316417694
0.20643669366836548
0.20680080354213715
0.20832127332687378
0.20624729990959167
0.20648251473903656
0.20610490441322327
0.20454369485378265
0.20513004064559937
0.20535075664520264
0.20412039756774902
0.20347684621810913
0.20376133918762207
0.20320159196853638
0.20258454978466034
0.20300647616386414
0.20278000831604004
0.20233473181724548
0.2030712217092514
0.2037174105644226
0.20413386821746826
0.20638933777809143
0.20640352368354797
0.20519700646400452
0.2023065686225891
0.20139215886592865
0.20241597294807434
0.2029401808977127
0.20254744589328766
0.2012491226196289
0.20071683824062347
0.20131349563598633
0.20174507796764374
0.20124852657318115
0.20031540095806122
0.2002701312303543
0.20019233226776123
0.2000066339969635
0.20032553374767303
0.200452983379364
0.20038823783397675
0.2001541405916214
0.20009391009807587
0.19984495639801025
0.199477419257164
0.19905802607536316
0.1989220231771469
0.19888253509998322
0.19868327677249908
0.1985776126384735
0.19872574508190155
0.1989803910255432
0.19963885843753815
0.20182031393051147
0.2057366818189621
0.2141800820827484
0.21544227004051208
0.21235983073711395
0.20065048336982727
0.20305323600769043
0.2104865312576294
0.20540928840637207
0.20118634402751923
0.203123539686203
0.2046237587928772
0.20287488400936127
0.200543612241745
0.20228318870067596
0.20267769694328308
0.20051738619804382
0.20101401209831238
0.2008752077817917
0.19988206028938293
0.20002049207687378
0.19993001222610474
0.19984009861946106
0.1990395188331604
0.1986445188522339
0.19895519316196442
0.19849880039691925
0.1980910450220108
0.198179230093956
0.19807085394859314
0.19790440797805786
0.19794964790344238
0.1984511762857437
0.20008191466331482
0.20294497907161713
0.2098926603794098
0.21309342980384827
0.21309560537338257
0.2006380259990692
0.19988369941711426
0.20733194053173065
0.204005628824234
0.1991303414106369
0.20048101246356964
0.20284464955329895
0.20102232694625854
0.19864970445632935
0.2000974714756012
0.20089849829673767
0.19923359155654907
0.19836680591106415
0.1988810896873474
0.19899776577949524
0.19810427725315094
0.19785912334918976
0.19801077246665955
0.19748486578464508
0.19715534150600433
0.19701699912548065
0.1971307247877121
0.19724822044372559
0.19673727452754974
0.19680577516555786
0.19720537960529327
0.19745945930480957
0.1977262645959854
0.19839371740818024
0.19839900732040405
0.19846153259277344
0.19698193669319153
0.19561660289764404
0.19585886597633362
0.19639749825000763
0.1964414417743683
0.19626864790916443
0.19623705744743347
0.1960480660200119
0.19551710784435272
0.19494549930095673
0.19508585333824158
0.19526755809783936
0.19511234760284424
0.19513985514640808
0.19551919400691986
0.19659611582756042
0.1978779137134552
0.20019176602363586
0.20163871347904205
0.20303797721862793
0.1986968219280243
0.1951615810394287
0.1963372826576233
0.19866019487380981
0.1985069215297699
0.19572901725769043
0.19533446431159973
0.19677497446537018
0.1963193714618683
0.195454940199852
0.19574616849422455
0.19579291343688965
0.1947876214981079
0.19458256661891937
0.19512251019477844
0.1950227916240692
0.19460876286029816
0.1945074200630188
0.1950341761112213
0.1951332986354828
0.19523338973522186
0.19599144160747528
0.1973455548286438
0.1971285045146942
0.19654583930969238
0.19522523880004883
0.1945285201072693
0.1941279023885727
0.19415906071662903
0.19502408802509308
0.19515672326087952
0.19433943927288055
0.19361840188503265
0.19369205832481384
0.1935684233903885
0.19337286055088043
0.19347766041755676
0.1937786042690277
0.19439071416854858
0.1947980523109436
0.19574303925037384
0.1970389187335968
0.19874612987041473
0.19699957966804504
0.19457119703292847
0.19338001310825348
0.19415846467018127
0.19493812322616577
0.1946810632944107
0.19473780691623688
0.1945071667432785
0.1936635673046112
0.1928410530090332
0.19329485297203064
0.19380012154579163
0.1935403048992157
0.1937064230442047
0.19418705999851227
0.1950758844614029
0.19517280161380768
0.19527308642864227
0.19519469141960144
0.19500362873077393
0.19300127029418945
0.19230450689792633
0.1932123750448227
0.1933460831642151
0.19353324174880981
0.1938553750514984
0.19414648413658142
0.19392026960849762
0.19335491955280304
0.19247373938560486
0.1925256848335266
0.19242730736732483
0.19192515313625336
0.19184565544128418
0.19204092025756836
0.19227264821529388
0.19267317652702332
0.1941065490245819
0.19763320684432983
0.20647932589054108
0.2133713960647583
0.22317776083946228
0.20785285532474518
0.19674313068389893
0.20042748749256134
0.20940819382667542
0.21435806155204773
0.20344308018684387
0.19788552820682526
0.20053662359714508
0.2055174708366394
0.2049727886915207
0.197028249502182
0.19806094467639923
0.20040346682071686
0.20009981095790863
0.20122107863426208
0.1971910297870636
0.19677802920341492
0.19784748554229736
0.1966109275817871
0.1963198035955429
0.19522173702716827
0.19527781009674072
0.19613748788833618
0.1967715322971344
0.1980987936258316
0.20212090015411377
0.2058257758617401
0.21217668056488037
0.20258168876171112
0.19460107386112213
0.19709327816963196
0.2004600316286087
0.1992548108100891
0.19517336785793304
0.19578157365322113
0.19762448966503143
0.19537925720214844
0.19427615404129028
0.1953382045030594
0.1949836164712906
0.19366537034511566
0.19321788847446442
0.19363826513290405
0.19374138116836548
0.19263595342636108
0.19261494278907776
0.19340284168720245
0.19345729053020477
0.1950489580631256
0.19712264835834503
0.20196691155433655
0.20269820094108582
0.19938236474990845
0.19305828213691711
0.19445949792861938
0.19661730527877808
0.19489014148712158
0.1944710910320282
0.19448180496692657
0.19288040697574615
0.19253301620483398
0.1939086616039276
0.19282719492912292
0.1918409764766693
0.19239738583564758
0.19165582954883575
0.19131125509738922
0.19132399559020996
0.19115713238716125
0.191131591796875
0.19104504585266113
0.19138187170028687
0.1922018975019455
0.19386756420135498
0.1962795853614807
0.2009890377521515
0.199563130736351
0.19539718329906464
0.19091792404651642
0.19289976358413696
0.1956939399242401
0.19354581832885742
0.1914898157119751
0.1919068992137909
0.19274020195007324
0.19241541624069214
0.19109666347503662
0.1910209208726883
0.1914086639881134
0.19091103971004486
0.1910085529088974
0.19071170687675476
0.189772367477417
0.1899988055229187
0.19026599824428558
0.19009104371070862
0.1900862604379654
0.18985506892204285
0.18974816799163818
0.18984505534172058
0.18947575986385345
0.1892797201871872
0.1891280561685562
0.18915271759033203
0.18914958834648132
0.1889829933643341
0.18905875086784363
0.1894434690475464
0.18995916843414307
0.1912248134613037
0.19248932600021362
0.19420653581619263
0.19367676973342896
0.19233420491218567
0.1894899308681488
0.18930397927761078
0.19139055907726288
0.19141915440559387
0.18994076550006866
0.1886998564004898
0.1891685426235199
0.19019338488578796
0.18998253345489502
0.1889735460281372
0.18839587271213531
0.18879471719264984
0.18910957872867584
0.18893200159072876
0.18869732320308685
0.18842115998268127
0.18832942843437195
0.18811513483524323
0.18800805509090424
0.1881931722164154
0.18832895159721375
0.1886695921421051
0.18902140855789185
0.1893795281648636
0.18966279923915863
0.19050243496894836
0.19021640717983246
0.18916930258274078
0.1878119260072708
0.18774327635765076
0.18841321766376495
0.18877622485160828
0.18886466324329376
0.18856622278690338
0.1888882964849472
0.18912649154663086
0.1885993927717209
0.1875128298997879
0.18750259280204773
0.18796926736831665
0.18770715594291687
0.18718275427818298
0.18721117079257965
0.18745854496955872
0.18726345896720886
0.1870138794183731
0.1872706562280655
0.18812982738018036
0.19084469974040985
0.20154233276844025
0.22338417172431946
0.2789236307144165
0.24783357977867126
0.23187868297100067
0.19976654648780823
0.20829665660858154
0.2413427233695984
0.253111332654953
0.2783626317977905
0.2236926555633545
0.21805152297019958
0.25364941358566284
0.24702507257461548
0.24350760877132416
0.215147465467453
0.22566068172454834
0.2363462895154953
0.21412479877471924
0.21323442459106445
0.21920707821846008
0.21343746781349182
0.2120327651500702
0.21398228406906128
0.23831871151924133
0.29400429129600525
0.47274351119995117
0.2759867310523987
0.24241212010383606
0.2953328788280487
0.2784528136253357
0.2830430865287781
0.24536684155464172
0.25061360001564026
0.2723831534385681
0.25733867287635803
0.2581068277359009
0.2341848611831665
0.23194247484207153
0.24211183190345764
0.23440077900886536
0.24081586301326752
0.23612761497497559
0.23503804206848145
0.22640325129032135
0.21735525131225586
0.2187897115945816
0.2160666286945343
0.2122378647327423
0.21370486915111542
0.21400904655456543
0.21718043088912964
0.2243289351463318
0.22905175387859344
0.23524722456932068
0.21293175220489502
0.20620454847812653
0.21352896094322205
0.21153846383094788
0.20599494874477386
0.20494993031024933
0.20632131397724152
0.2049446702003479
0.2023896872997284
0.20246122777462006
0.20074427127838135
0.20185792446136475
0.20010457932949066
0.19834880530834198
0.19824127852916718
0.19794951379299164
0.19803562760353088
0.19682815670967102
0.1967228204011917
0.19612647593021393
0.1951446831226349
0.1946801394224167
0.1944287121295929
0.1939634084701538
0.1936589628458023
0.1933439075946808
0.19341641664505005
0.19337870180606842
0.19372041523456573
0.194859117269516
0.19695782661437988
0.1982598900794983
0.19928519427776337
0.19530710577964783
0.19192160665988922
0.1920102834701538
0.19401618838310242
0.1937628984451294
0.19107432663440704
0.19104334712028503
0.1924883872270584
0.19170071184635162
0.1902545839548111
0.19016017019748688
0.1909106820821762
0.19073030352592468
0.18962621688842773
0.18945856392383575
0.18969756364822388
0.18967702984809875
0.18941742181777954
0.1888965666294098
0.1887124478816986
0.18863445520401
0.18872132897377014
0.18877901136875153
0.18840353190898895
0.18804366886615753
0.18786558508872986
0.1877862811088562
0.18771471083164215
0.1876581758260727
0.1876877248287201
0.18783390522003174
0.18800829350948334
0.18811559677124023
0.18846634030342102
0.1885312795639038
0.18840064108371735
0.1876334249973297
0.1869095414876938
0.18672770261764526
0.18695630133152008
0.18715256452560425
0.18715858459472656
0.1871383935213089
0.18684084713459015
0.18642140924930573
0.1861352026462555
0.18616557121276855
0.18634524941444397
0.18640568852424622
0.1864551305770874
0.18661686778068542
0.18693552911281586
0.18691802024841309
0.1866758018732071
0.18619827926158905
0.1859430968761444
0.18576601147651672
0.18556448817253113
0.18552592396736145
0.18575075268745422
0.18603166937828064
0.18604204058647156
0.1860886812210083
0.1861608922481537
0.18625158071517944
0.1858556866645813
0.18528252840042114
0.18497200310230255
0.18508553504943848
0.18518789112567902
0.18513290584087372
0.18529291450977325
0.1856364607810974
0.1859717071056366
0.18593451380729675
0.18599189817905426
0.18593013286590576
0.18574681878089905
0.1849917322397232
0.1844567358493805
0.18465882539749146
0.18503788113594055
0.18509535491466522
0.18500801920890808
0.1852295994758606
0.18520572781562805
0.18478353321552277
0.18430861830711365
0.1843014359474182
0.18436653912067413
0.18416540324687958
0.18398435413837433
0.18411657214164734
0.1843581348657608
0.18455378711223602
0.18532568216323853
0.18719933927059174
0.19149957597255707
0.1951030045747757
0.19949063658714294
0.19295644760131836
0.1867663413286209
0.18753206729888916
0.19107869267463684
0.18997560441493988
0.1856001764535904
0.18742237985134125
0.1898220330476761
0.18645519018173218
0.18542040884494781
0.18763548135757446
0.18666163086891174
0.18492838740348816
0.1856037676334381
0.1861816644668579
0.18513193726539612
0.18453016877174377
0.18523821234703064
0.18515214323997498
0.1842881143093109
0.18441280722618103
0.18466158211231232
0.18414607644081116
0.18393510580062866
0.1841353476047516
0.18399423360824585
0.18360251188278198
0.18353228271007538
0.18366622924804688
0.1835729479789734
0.18332193791866302
0.18327529728412628
0.18342280387878418
0.18337249755859375
0.1832798719406128
0.18347607553005219
0.18398120999336243
0.18438374996185303
0.18502958118915558
0.18542487919330597
0.18574479222297668
0.1846463978290558
0.18329906463623047
0.1828411966562271
0.18364572525024414
0.18429143726825714
0.1836337447166443
0.18290135264396667
0.18290740251541138
0.18310979008674622
0.18300268054008484
0.18292558193206787
0.18307867646217346
0.18289856612682343
0.18250316381454468
0.18232077360153198
0.1824578195810318
0.18255013227462769
0.1824171096086502
0.18239101767539978
0.18265587091445923
0.18310058116912842
0.18343442678451538
0.18420825898647308
0.18511246144771576
0.18618008494377136
0.1850016564130783
0.18304403126239777
0.18229597806930542
0.18316486477851868
0.18360283970832825
0.18313516676425934
0.1831606924533844
0.18312907218933105
0.18248000741004944
0.1820526123046875
0.1824609339237213
0.18275056779384613
0.18233218789100647
0.1821627914905548
0.18248480558395386
0.18250536918640137
0.18206512928009033
0.18210667371749878
0.18234753608703613
0.1821882575750351
0.18193551898002625
0.18213433027267456
0.18228086829185486
0.18223151564598083
0.18213191628456116
0.18230989575386047
0.18234285712242126
0.18219375610351562
0.1818460375070572
0.18168869614601135
0.18163368105888367
0.18150119483470917
0.18125946819782257
0.18120169639587402
0.1813286393880844
0.1813608705997467
0.18136894702911377
0.18171189725399017
0.1829240322113037
0.18531346321105957
0.19129449129104614
0.1979440450668335
0.20914465188980103
0.19886860251426697
0.18646974861621857
0.18619804084300995
0.1951403021812439
0.19640666246414185
0.1865110844373703
0.18761324882507324
0.19263389706611633
0.1872292160987854
0.18569478392601013
0.18933036923408508
0.18659855425357819
0.18441064655780792
0.1865442395210266
0.18565618991851807
0.18373769521713257
0.1848153918981552
0.1847638338804245
0.1833362877368927
0.18367181718349457
0.18398785591125488
0.18305383622646332
0.18288128077983856
0.18330730497837067
0.1828490048646927
0.1823706328868866
0.1827118843793869
0.18283012509346008
0.1826426088809967
0.1835397183895111
0.18523237109184265
0.18807895481586456
0.18986743688583374
0.19183392822742462
0.1867876648902893
0.18252119421958923
0.18414536118507385
0.18645109236240387
0.18441170454025269
0.18193218111991882
0.18396615982055664
0.18486636877059937
0.1823822557926178
0.18219661712646484
0.18356746435165405
0.18277323246002197
0.18176648020744324
0.18211761116981506
0.18241971731185913
0.18191319704055786
0.18139484524726868
0.1816527247428894
0.18181179463863373
0.18129581212997437
0.1811084896326065
0.1813042163848877
0.18114346265792847
0.18084898591041565
0.1808391809463501
0.18092148005962372
0.18085673451423645
0.18065810203552246
0.1804797351360321
0.1805259883403778
0.18059897422790527
0.18049657344818115
0.18044090270996094
0.18066327273845673
0.1810554414987564
0.1818782389163971
0.18291613459587097
0.18460866808891296
0.18502193689346313
0.18471546471118927
0.18192483484745026
0.18059518933296204
0.18212084472179413
0.18296991288661957
0.181786447763443
0.18035757541656494
0.1809990108013153
0.1818787306547165
0.1812964379787445
0.18048308789730072
0.18042470514774323
0.18090641498565674
0.18091325461864471
0.18028590083122253
0.1801673024892807
0.18040475249290466
0.18032526969909668
0.18020431697368622
0.18006816506385803
0.179989755153656
0.18004044890403748
0.17990313470363617
0.17964200675487518
0.1796584278345108
0.1797943264245987
0.17977851629257202
0.17985254526138306
0.1800602376461029
0.1805746704339981
0.18162968754768372
0.18389075994491577
0.1853710263967514
0.18610525131225586
0.18302342295646667
0.1809670627117157
0.1816229671239853
0.18248575925827026
0.18193843960762024
0.18082383275032043
0.18123841285705566
0.18140758574008942
0.18052247166633606
0.18056149780750275
0.18084385991096497
0.1805613785982132
0.1802593171596527
0.17994289100170135
0.17995578050613403
0.18017201125621796
0.17970331013202667
0.1794625222682953
0.1798211634159088
0.1796295940876007
0.17928245663642883
0.17941735684871674
0.1794663667678833
0.1794172078371048
0.1797584593296051
0.18067941069602966
0.1837395429611206
0.1900184005498886
0.2042084038257599
0.2069544792175293
0.2049429565668106
0.18508434295654297
0.18854328989982605
0.20273256301879883
0.1943787932395935
0.18603220582008362
0.18776670098304749
0.19121675193309784
0.19081781804561615
0.18589094281196594
0.18625491857528687
0.18964529037475586
0.18627236783504486
0.18331031501293182
0.18544729053974152
0.18538033962249756
0.18340156972408295
0.18345843255519867
0.18347345292568207
0.18294017016887665
0.18309682607650757
0.1822723001241684
0.18181031942367554
0.18235263228416443
0.18179219961166382
0.18136267364025116
0.18163734674453735
0.18152695894241333
0.18264305591583252
0.1855095475912094
0.19358792901039124
0.20418663322925568
0.22111669182777405
0.19818270206451416
0.18403705954551697
0.19391757249832153
0.19642475247383118
0.18935507535934448
0.18488790094852448
0.19153554737567902
0.19216929376125336
0.1842435598373413
0.186416894197464
0.18972867727279663
0.1862538605928421
0.18464218080043793
0.1846955567598343
0.1858748495578766
0.18524253368377686
0.18277914822101593
0.18330392241477966
0.18372642993927002
0.18348507583141327
0.18291699886322021
0.18204718828201294
0.18239928781986237
0.18243473768234253
0.18254946172237396
0.18194007873535156
0.1813720315694809
0.18157848715782166
0.18201251327991486
0.18289384245872498
0.18386201560497284
0.18362216651439667
0.18385803699493408
0.18225665390491486
0.1813453584909439
0.18103563785552979
0.18102630972862244
0.18168644607067108
0.18093785643577576
0.1799592673778534
0.17994679510593414
0.18032090365886688
0.18072059750556946
0.18011072278022766
0.1794043779373169
0.1793636679649353
0.17951443791389465
0.17958489060401917
0.17938584089279175
0.17926084995269775
0.17936307191848755
0.17930859327316284
0.17905330657958984
0.1787906140089035
0.17861175537109375
0.17871391773223877
0.1787387728691101
0.1785779595375061
0.17846035957336426
0.17840880155563354
0.17850171029567719
0.17887109518051147
0.17951925098896027
0.181309774518013
0.18447096645832062
0.19096091389656067
0.1920786201953888
0.18848824501037598
0.1795351505279541
0.18285413086414337
0.18837574124336243
0.1824343204498291
0.1808556318283081
0.1846124231815338
0.18203070759773254
0.1798928678035736
0.18186542391777039
0.18155108392238617
0.17968928813934326
0.18033811450004578
0.18075385689735413
0.1795446127653122
0.17965257167816162
0.17994579672813416
0.17931869626045227
0.17924107611179352
0.1792161464691162
0.17901653051376343
0.17894800007343292
0.17879295349121094
0.1786510944366455
0.17859329283237457
0.17858345806598663
0.17849788069725037
0.17836831510066986
0.1786990612745285
0.17925485968589783
0.18018214404582977
0.18159088492393494
0.18403685092926025
0.18340954184532166
0.18128150701522827
0.1785241961479187
0.17903734743595123
0.180853009223938
0.18020880222320557
0.17886212468147278
0.17853112518787384
0.17915500700473785
0.179409921169281
0.17851096391677856
0.1780036985874176
0.17867091298103333
0.17873021960258484
0.17793281376361847
0.1777835190296173
0.17811109125614166
0.17803533375263214
0.17776796221733093
0.1776425987482071
0.17764082551002502
0.177620530128479
0.17761245369911194
0.17761579155921936
0.17758414149284363
0.17806507647037506
0.1794864535331726
0.18280763924121857
0.18730506300926208
0.19482076168060303
0.1907380372285843
0.1820826232433319
0.179064080119133
0.18551775813102722
0.18644195795059204
0.18064557015895844
0.18200375139713287
0.184435173869133
0.18089908361434937
0.18052689731121063
0.18170562386512756
0.1801384687423706
0.18034908175468445
0.18048922717571259
0.17915141582489014
0.17983084917068481
0.1798352152109146
0.17851540446281433
0.17932799458503723
0.17941614985466003
0.1788107007741928
0.18019066751003265
0.18186888098716736
0.18345211446285248
0.18761396408081055
0.18586961925029755
0.18191194534301758
0.17914412915706635
0.18034812808036804
0.1818685531616211
0.18108585476875305
0.17936325073242188
0.1790095716714859
0.18034090101718903
0.17952468991279602
0.1782795935869217
0.17890173196792603
0.17888116836547852
0.17855152487754822
0.17835628986358643
0.17800688743591309
0.1782686412334442
0.17848876118659973
0.17833086848258972
0.17911511659622192
0.18026895821094513
0.18237385153770447
0.1833248734474182
0.18332743644714355
0.18006300926208496
0.17883384227752686
0.17944547533988953
0.17934054136276245
0.1793965846300125
0.17902681231498718
0.17859265208244324
0.17848867177963257
0.17792735993862152
0.17785610258579254
0.1785600334405899
0.17817433178424835
0.1775265783071518
0.17771129310131073
0.17746664583683014
0.17739273607730865
0.17729870975017548
0.1768832802772522
0.176990807056427
0.17706629633903503
0.17678532004356384
0.17680415511131287
0.17672856152057648
0.1765746772289276
0.17674700915813446
0.1769028753042221
0.17732729017734528
0.17938855290412903
0.1841592937707901
0.19648994505405426
0.20433852076530457
0.2102643847465515
0.18508613109588623
0.18108820915222168
0.19583572447299957
0.19381465017795563
0.1869506537914276
0.1822793185710907
0.18696177005767822
0.19228699803352356
0.18622110784053802
0.18155184388160706
0.1849038451910019
0.18870405852794647
0.19130945205688477
0.19066870212554932
0.19273459911346436
0.1908973753452301
0.18944445252418518
0.1896403431892395
0.1870747208595276
0.1876845359802246
0.18360301852226257
0.18242277204990387
0.18514788150787354
0.18391861021518707
0.18428422510623932
0.18437828123569489
0.18480494618415833
0.18447892367839813
0.18354427814483643
0.18202711641788483
0.18198609352111816
0.18095837533473969
0.18031373620033264
0.17980849742889404
0.1797034740447998
0.18019650876522064
0.18021827936172485
0.1806739866733551
0.1815919131040573
0.18390168249607086
0.18467482924461365
0.18511644005775452
0.1812891811132431
0.17865633964538574
0.17961637675762177
0.18069663643836975
0.1802901029586792
0.178892120718956
0.17865154147148132
0.17933058738708496
0.17882969975471497
0.17791855335235596
0.17829163372516632
0.17851999402046204
0.17806881666183472
0.17775151133537292
0.17733192443847656
0.17760798335075378
0.17763325572013855
0.1771397590637207
0.17722389101982117
0.17737442255020142
0.1776023954153061
0.17849622666835785
0.17944873869419098
0.18186265230178833
0.1837759017944336
0.18492791056632996
0.18030735850334167
0.17711931467056274
0.1785915344953537
0.1804145723581314
0.1793527603149414
0.17716656625270844
0.17801806330680847
0.17909908294677734
0.17779815196990967
0.17710784077644348
0.1776595562696457
0.1776992380619049
0.17722424864768982
0.17687277495861053
0.17689864337444305
0.17694413661956787
0.17684203386306763
0.17663955688476562
0.1763612926006317
0.17641165852546692
0.17650577425956726
0.1762894093990326
0.1761128455400467
0.17604438960552216
0.17602911591529846
0.17607459425926208
0.1759304702281952
0.1757957637310028
0.17588059604167938
0.1759442239999771
0.17623841762542725
0.17772257328033447
0.18120929598808289
0.19038841128349304
0.19854852557182312
0.20688243210315704
0.1889190375804901
0.18345651030540466
0.19466763734817505
0.19206982851028442
0.18461422622203827
0.18310612440109253
0.18756383657455444
0.18543419241905212
0.18046621978282928
0.18467403948307037
0.184834286570549
0.18049000203609467
0.18370507657527924
0.18642371892929077
0.18884772062301636
0.20483094453811646
0.21296945214271545
0.22026482224464417
0.19163788855075836
0.19066593050956726
0.196995347738266
0.19206298887729645
0.19949209690093994
0.1926812082529068
0.18986955285072327
0.1880868673324585
0.18483908474445343
0.1880384236574173
0.18663142621517181
0.18817275762557983
0.1931915283203125
0.2105235606431961
0.2242184430360794
0.2432476282119751
0.2053363025188446
0.20131292939186096
0.20984813570976257
0.2090858817100525
0.21148517727851868
0.1954711675643921
0.19555380940437317
0.19920802116394043
0.20240691304206848
0.2065485715866089
0.2076755315065384
0.21098187565803528
0.193431556224823
0.19648925960063934
0.19087117910385132
0.19358500838279724
0.1952931135892868
0.1961444467306137
0.20075061917304993
0.2005864977836609
0.2100825309753418
0.19388364255428314
0.19085688889026642
0.1875285655260086
0.19415977597236633
0.19392044842243195
0.19276553392410278
0.19100995361804962
0.18939054012298584
0.18876680731773376
0.18470637500286102
0.18658819794654846
0.18706592917442322
0.18687763810157776
0.1840490996837616
0.18560615181922913
0.18472620844841003
0.1839679777622223
0.1827147752046585
0.18238738179206848
0.18213173747062683
0.18139319121837616
0.1809028685092926
0.18010292947292328
0.18065568804740906
0.17976340651512146
0.17959947884082794
0.17922505736351013
0.17945830523967743
0.17895445227622986
0.17912821471691132
0.1796913594007492
0.18194061517715454
0.1869872361421585
0.19929631054401398
0.2032829374074936
0.2008053958415985
0.1809518188238144
0.18702083826065063
0.1964607685804367
0.18313509225845337
0.18334056437015533
0.19050821661949158
0.18191483616828918
0.1824684888124466
0.1867358386516571
0.18088167905807495
0.18172243237495422
0.18398377299308777
0.18062394857406616
0.18033981323242188
0.18201757967472076
0.1800476759672165
0.17933472990989685
0.1803102195262909
0.17952510714530945
0.17880690097808838
0.17870944738388062
0.17907090485095978
0.17844916880130768
0.17778639495372772
0.17810854315757751
0.17815342545509338
0.17758260667324066
0.17731709778308868
0.17726390063762665
0.17728430032730103
0.1771775782108307
0.17686933279037476
0.17665636539459229
0.17665599286556244
0.1765524446964264
0.17647309601306915
0.17644469439983368
0.17623239755630493
0.17618991434574127
0.17616602778434753
0.1760629415512085
0.17600077390670776
0.17593535780906677
0.17588087916374207
0.1757710874080658
0.1758548617362976
0.1759932041168213
0.17629189789295197
0.17677491903305054
0.17751741409301758
0.17772075533866882
0.17759758234024048
0.17661498486995697
0.17598623037338257
0.1760936826467514
0.17644940316677094
0.1763836145401001
0.17576386034488678
0.1756100207567215
0.17582452297210693
0.17570987343788147
0.17541725933551788
0.17531560361385345
0.17551514506340027
0.17557066679000854
0.17528140544891357
0.17493891716003418
0.1749422550201416
0.1751118004322052
0.17502541840076447
0.17478039860725403
0.17472554743289948
0.17477945983409882
0.17476998269557953
0.17470769584178925
0.17461039125919342
0.17452770471572876
0.17452175915241241
0.17457373440265656
0.1746036261320114
0.1747286021709442
0.17544065415859222
0.1782936006784439
0.1852084994316101
0.20247378945350647
0.20568670332431793
0.199151873588562
0.1786537915468216
0.19000259041786194
0.2007923424243927
0.18176329135894775
0.18335303664207458
0.1936335414648056
0.18223190307617188
0.18262560665607452
0.18896546959877014
0.1810685247182846
0.18163779377937317
0.1852036565542221
0.18016470968723297
0.18181723356246948
0.18339774012565613
0.18000486493110657
0.18230028450489044
0.18385542929172516
0.18290133774280548
0.18585918843746185
0.18348653614521027
0.18051934242248535
0.17989397048950195
0.17884652316570282
0.17981058359146118
0.1796489804983139
0.1786186844110489
0.17900416254997253
0.1776770055294037
0.17722603678703308
0.17783644795417786
0.1769500970840454
0.17755001783370972
0.17753440141677856
0.17702224850654602
0.17760491371154785
0.1767890304327011
0.1766727864742279
0.17646250128746033
0.17582550644874573
0.17599312961101532
0.17561101913452148
0.1754167228937149
0.17558734118938446
0.1753654181957245
0.17548055946826935
0.1756620854139328
0.17577879130840302
0.1764727383852005
0.1769973486661911
0.17776846885681152
0.17752289772033691
0.1765558272600174
0.17506463825702667
0.1748906970024109
0.17565582692623138
0.17589353024959564
0.17548224329948425
0.174787238240242
0.17467482388019562
0.17502205073833466
0.17510583996772766
0.17483779788017273
0.1745281219482422
0.1744825839996338
0.17452681064605713
0.17453289031982422
0.1744237095117569
0.17423242330551147
0.1742650270462036
0.17439311742782593
0.17437148094177246
0.17421644926071167
0.17413394153118134
0.17409665882587433
0.1742469221353531
0.17449066042900085
0.17473644018173218
0.17493751645088196
0.175448477268219
0.17576169967651367
0.17611262202262878
0.17557014524936676
0.17457033693790436
0.17386466264724731
0.17445619404315948
0.17523165047168732
0.17487794160842896
0.17432086169719696
0.17424145340919495
0.17441344261169434
0.1742173284292221
0.17380434274673462
0.17384716868400574
0.17410416901111603
0.17411260306835175
0.17392614483833313
0.1738848090171814
0.17408573627471924
0.17445483803749084
0.1746503859758377
0.17504066228866577
0.17532862722873688
0.1756659895181656
0.17524054646492004
0.17471829056739807
0.17394818365573883
0.17360131442546844
0.17407861351966858
0.17448244988918304
0.17422862350940704
0.17393681406974792
0.17436577379703522
0.17456556856632233
0.17429175972938538
0.17376171052455902
0.17368564009666443
0.1738578826189041
0.1738600730895996
0.17362740635871887
0.17357581853866577
0.1736983358860016
0.17391638457775116
0.17420300841331482
0.17497165501117706
0.1759539395570755
0.17776118218898773
0.1787007749080658
0.17973864078521729
0.177006334066391
0.17409107089042664
0.17432378232479095
0.17631441354751587
0.17617130279541016
0.1747725009918213
0.17530784010887146
0.1753057986497879
0.17475473880767822
0.17513884603977203
0.17472738027572632
0.1736430674791336
0.17413076758384705
0.1744256317615509
0.1738462895154953
0.17387257516384125
0.17390328645706177
0.17385485768318176
0.17461000382900238
0.17556709051132202
0.1781105399131775
0.18190884590148926
0.18854549527168274
0.1874704360961914
0.18443137407302856
0.17723368108272552
0.17873521149158478
0.18444831669330597
0.1818968504667282
0.17727364599704742
0.17595449090003967
0.17933759093284607
0.18017171323299408
0.1768871694803238
0.17700323462486267
0.17672918736934662
0.17681948840618134
0.17784014344215393
0.17535556852817535
0.17548106610774994
0.1761683225631714
0.17528392374515533
0.1758909821510315
0.17512434720993042
0.17456430196762085
0.17498080432415009
0.17487509548664093
0.17570288479328156
0.1766713261604309
0.1794784665107727
0.18286332488059998
0.18755149841308594
0.18349166214466095
0.1775524616241455
0.17545422911643982
0.18005988001823425
0.1816457211971283
0.17703472077846527
0.17613345384597778
0.17787890136241913
0.1778409332036972
0.1759888231754303
0.17491163313388824
0.17649564146995544
0.17646601796150208
0.17502941191196442
0.17470654845237732
0.17503872513771057
0.1752413809299469
0.1746312379837036
0.17421692609786987
0.174419105052948
0.17456337809562683
0.1748237907886505
0.17505083978176117
0.17676222324371338
0.18001098930835724
0.1860152781009674
0.18635058403015137
0.1826108992099762
0.1749703586101532
0.17773856222629547
0.18217173218727112
0.17854633927345276
0.17552322149276733
0.17661833763122559
0.17827846109867096
0.1764441728591919
0.1751699596643448
0.17612506449222565
0.17581205070018768
0.17584416270256042
0.17523573338985443
0.17461228370666504
0.17475570738315582
0.17460951209068298
0.17509271204471588
0.17444904148578644
0.17377948760986328
0.1740800440311432
0.17374859750270844
0.17377054691314697
0.17373168468475342
0.17382007837295532
0.17403732240200043
0.17377342283725739
0.1740933656692505
0.1741766780614853
0.17418335378170013
0.17404119670391083
0.17375510931015015
0.17354774475097656
0.17330476641654968
0.1731223613023758
0.1734856367111206
0.17385424673557281
0.17402836680412292
0.17425037920475006
0.17394892871379852
0.173639714717865
0.17296966910362244
0.17278620600700378
0.17324581742286682
0.17341503500938416
0.17333927750587463
0.17301422357559204
0.17280247807502747
0.1727277636528015
0.17267532646656036
0.172837495803833
0.1730772852897644
0.1729314923286438
0.17265118658542633
0.1725720763206482
0.17293819785118103
0.1737184226512909
0.17531321942806244
0.17756910622119904
0.18182596564292908
0.18206632137298584
0.18036110699176788
0.17610739171504974
0.17773586511611938
0.18171636760234833
0.18031619489192963
0.17845366895198822
0.1762368381023407
0.17558695375919342
0.1771092414855957
0.1775001883506775
0.1754390299320221
0.17415201663970947
0.17592322826385498
0.17591501772403717
0.17444182932376862
0.17461346089839935
0.1743735671043396
0.1737392544746399
0.17417341470718384
0.17422553896903992
0.1735248863697052
0.17348943650722504
0.17365971207618713
0.17328967154026031
0.17358873784542084
0.1749589443206787
0.17703527212142944
0.1835416555404663
0.1906706690788269
0.19846314191818237
0.18397802114486694
0.17616812884807587
0.18089252710342407
0.1831410676240921
0.1830277144908905
0.179546058177948
0.17962965369224548
0.18282988667488098
0.1823425590991974
0.17969118058681488
0.17994484305381775
0.18429771065711975
0.19110606610774994
0.19429288804531097
0.20039495825767517
0.1870647370815277
0.18467746675014496
0.18527580797672272
0.18270790576934814
0.19274801015853882
0.18949714303016663
0.188166543841362
0.1871400624513626
0.18403735756874084
0.18087969720363617
0.18178032338619232
0.18135851621627808
0.1821305751800537
0.1848582774400711
0.18933558464050293
0.20194560289382935
0.2037213295698166
0.20285236835479736
0.18216530978679657
0.18604975938796997
0.19350358843803406
0.19298055768013
0.19435858726501465
0.1839754283428192
0.1891406625509262
0.1879415065050125
0.1911664456129074
0.1903868168592453
0.18638937175273895
0.19461621344089508
0.19657963514328003
0.20158584415912628
0.18630975484848022
0.1897968053817749
0.1860010027885437
0.18671298027038574
0.18474580347537994
0.1833655685186386
0.18111751973628998
0.18188221752643585
0.18351204693317413
0.18305692076683044
0.19289112091064453
0.2230653166770935
0.24446065723896027
0.26837608218193054
0.19760894775390625
0.20345613360404968
0.2383546680212021
0.22181935608386993
0.21273425221443176
0.21099378168582916
0.2204376757144928
0.21208080649375916
0.19913971424102783
0.19742313027381897
0.2059558629989624
0.19631975889205933
0.2014540433883667
0.2381596565246582
0.42118632793426514
0.4415293335914612
0.5787120461463928
0.2582249641418457
0.34955430030822754
0.5821478366851807
0.3912343978881836
0.4089304208755493
0.3342967629432678
0.35009056329727173
0.4367074966430664
0.4169275760650635
0.5368397831916809
0.35321730375289917
0.3583102226257324
0.36493417620658875
0.37571442127227783
0.39693787693977356
0.3296298086643219
0.30228644609451294
0.2954784631729126
0.2989181876182556
0.3124551773071289
0.3085409998893738
0.3256187438964844
0.2836049497127533
0.2593613862991333
0.25225919485092163
0.2575888931751251
0.2667911946773529
0.2509547770023346
0.2404523491859436
0.2316957414150238
0.2306542992591858
0.23323997855186462
0.23324276506900787
0.23822681605815887
0.22968554496765137
0.2220950573682785
0.21289268136024475
0.2146296501159668
0.21571213006973267
0.21536579728126526
0.21381384134292603
0.21331669390201569
0.209839329123497
0.20456409454345703
0.20188164710998535
0.20331305265426636
0.20193922519683838
0.20086131989955902
0.20133526623249054
0.20384378731250763
0.20348162949085236
0.20471526682376862
0.20346692204475403
0.20099800825119019
0.19472157955169678
0.19402873516082764
0.19700980186462402
0.19578881561756134
0.19377875328063965
0.1927112340927124
0.19172076880931854
0.19103816151618958
0.19156304001808167
0.19183661043643951
0.18990255892276764
0.1888815313577652
0.18891486525535583
0.18816274404525757
0.18763256072998047
0.1880124807357788
0.18803778290748596
0.18751578032970428
0.1879427134990692
0.1879836618900299
0.18767426908016205
0.1868998408317566
0.18642380833625793
0.1853243112564087
0.18445098400115967
0.18443676829338074
0.18465948104858398
0.18467645347118378
0.18468154966831207
0.1850103735923767
0.18464510142803192
0.18405567109584808
0.18345551192760468
0.18303927779197693
0.18249797821044922
0.18224263191223145
0.18239718675613403
0.1825401335954666
0.18262933194637299
0.18278393149375916
0.18327109515666962
0.183307945728302
0.18308274447917938
0.18227386474609375
0.181594580411911
0.18097493052482605
0.18078237771987915
0.1811210662126541
0.18144360184669495
0.181436225771904
0.1809547245502472
0.18055160343647003
0.18020394444465637
0.17991694808006287
0.17980125546455383
0.17996302247047424
0.18022164702415466
0.1803065538406372
0.18049752712249756
0.1806608885526657
0.18084557354450226
0.18033504486083984
0.1796351671218872
0.17906633019447327
0.17895664274692535
0.17902907729148865
0.17912757396697998
0.17939114570617676
0.17955492436885834
0.179508239030838
0.17901113629341125
0.17862799763679504
0.1784229427576065
0.1782384216785431
0.17808020114898682
0.17815303802490234
0.17841923236846924
0.17859645187854767
0.1788475066423416
0.1791767179965973
0.17984746396541595
0.1798521727323532
0.17935040593147278
0.1781911551952362
0.17768537998199463
0.1778191477060318
0.17795637249946594
0.178132563829422
0.17821916937828064
0.1780020296573639
0.17732414603233337
0.17700624465942383
0.17723912000656128
0.17738884687423706
0.17732453346252441
0.17739823460578918
0.17778129875659943
0.17786026000976562
0.1777314990758896
0.17748495936393738
0.17746371030807495
0.17711199820041656
0.17657466232776642
0.17637750506401062
0.17659132182598114
0.17672322690486908
0.17669348418712616
0.17694786190986633
0.1774148941040039
0.17796966433525085
0.1780107617378235
0.17811079323291779
0.17778009176254272
0.17716115713119507
0.17616546154022217
0.1760331690311432
0.176712304353714
0.17695282399654388
0.17669150233268738
0.17634500563144684
0.17626750469207764
0.17597046494483948
0.1756712645292282
0.17582793533802032
0.176133930683136
0.17619970440864563
0.17614252865314484
0.17647093534469604
0.17673645913600922
0.1767553687095642
0.1763162910938263
0.176088348031044
0.17582212388515472
0.17542417347431183
0.17519013583660126
0.1754438430070877
0.17578518390655518
0.17579591274261475
0.17586269974708557
0.17604628205299377
0.17620226740837097
0.1757790446281433
0.17529495060443878
0.17510007321834564
0.1750994324684143
0.17494024336338043
0.17485249042510986
0.17509889602661133
0.17544347047805786
0.17586375772953033
0.17643125355243683
0.17780503630638123
0.1788640320301056
0.1796647012233734
0.17760708928108215
0.1754978746175766
0.17525950074195862
0.17624026536941528
0.17658761143684387
0.1760702282190323
0.1759001612663269
0.17541195452213287
0.1749618649482727
0.17537730932235718
0.17573443055152893
0.17518723011016846
0.17446234822273254
0.17471525073051453
0.1749502569437027
0.1746198683977127
0.174696147441864
0.17503675818443298
0.17494775354862213
0.174661785364151
0.17485249042510986
0.1749347299337387
0.17466500401496887
0.17437084019184113
0.1744348704814911
0.17431682348251343
0.17398755252361298
0.17388752102851868
0.17399141192436218
0.1739058941602707
0.17373058199882507
0.17373357713222504
0.17381826043128967
0.17384155094623566
0.17400525510311127
0.17497754096984863
0.17771990597248077
0.1858835071325302
0.19757667183876038
0.2205011546611786
0.20253784954547882
0.1809481382369995
0.18207931518554688
0.19532369077205658
0.19095811247825623
0.1786920726299286
0.18797354400157928
0.18961907923221588
0.17913243174552917
0.18560554087162018
0.18667292594909668
0.17841774225234985
0.1844126582145691
0.183689683675766
0.1780698001384735
0.1834552139043808
0.1806822121143341
0.1781645566225052
0.1817779242992401
0.17802831530570984
0.17834846675395966
0.1794833540916443
0.17662183940410614
0.17808258533477783
0.17739258706569672
0.17619752883911133
0.17728716135025024
0.17610745131969452
0.1759416162967682
0.17646349966526031
0.17534226179122925
0.1756802797317505
0.17572519183158875
0.17493116855621338
0.17526975274085999
0.17516887187957764
0.1745774745941162
0.17484214901924133
0.17477582395076752
0.17431855201721191
0.17454864084720612
0.17459425330162048
0.17436851561069489
0.1747409552335739
0.17541375756263733
0.17573195695877075
0.17655795812606812
0.17659024894237518
0.1756429374217987
0.1740136444568634
0.17382575571537018
0.174435555934906
0.17453904449939728
0.17438118159770966
0.17391224205493927
0.17346635460853577
0.17352257668972015
0.17391905188560486
0.1738600730895996
0.1732853204011917
0.1730991005897522
0.17327316105365753
0.17326079308986664
0.17319659888744354
0.1732054501771927
0.17307767271995544
0.17279665172100067
0.17270371317863464
0.17280413210391998
0.17280802130699158
0.17273029685020447
0.17276711761951447
0.17292071878910065
0.1729547679424286
0.17294643819332123
0.17294082045555115
0.17299577593803406
0.17283722758293152
0.17255043983459473
0.17232370376586914
0.17230170965194702
0.17233912646770477
0.1723223328590393
0.17233915627002716
0.17246878147125244
0.17271143198013306
0.17287281155586243
0.17302566766738892
0.1730368733406067
0.17306455969810486
0.17273876070976257
0.17225077748298645
0.17196054756641388
0.1721421331167221
0.1724606603384018
0.17250818014144897
0.17242637276649475
0.17232565581798553
0.17229487001895905
0.17210164666175842
0.1718522310256958
0.17179150879383087
0.17194336652755737
0.17208902537822723
0.1721140444278717
0.17223607003688812
0.17252357304096222
0.17298753559589386
0.17310300469398499
0.17299465835094452
0.17251823842525482
0.1722750961780548
0.1720859706401825
0.17186886072158813
0.17183315753936768
0.1721402108669281
0.17243435978889465
0.17221170663833618
0.17184609174728394
0.17171016335487366
0.17174364626407623
0.17163588106632233
0.17151162028312683
0.17161129415035248
0.17179596424102783
0.1719447672367096
0.17208611965179443
0.17251574993133545
0.17307429015636444
0.1738753318786621
0.1738145351409912
0.17323154211044312
0.17214830219745636
0.1719319075345993
0.1721515953540802
0.17208051681518555
0.172268345952034
0.17249247431755066
0.17215049266815186
0.1714305877685547
0.17141777276992798
0.1717800498008728
0.17173823714256287
0.1716597080230713
0.1718074381351471
0.17196381092071533
0.1718975454568863
0.1719135046005249
0.1717548966407776
0.1715414822101593
0.1715070754289627
0.17151159048080444
0.1712091565132141
0.17105190455913544
0.17120371758937836
0.17118889093399048
0.17099642753601074
0.17098894715309143
0.17108076810836792
0.17108380794525146
0.1712636798620224
0.171969473361969
0.17403855919837952
0.17835918068885803
0.18933990597724915
0.19590836763381958
0.20072712004184723
0.17940431833267212
0.17498739063739777
0.18662086129188538
0.18322226405143738
0.17751024663448334
0.1773751974105835
0.17936314642429352
0.1797453612089157
0.17633149027824402
0.1756802648305893
0.17837591469287872
0.17660397291183472
0.17401354014873505
0.17552947998046875
0.1759595423936844
0.17452862858772278
0.17427511513233185
0.17413479089736938
0.17394614219665527
0.17429500818252563
0.1736210286617279
0.17291435599327087
0.1733590066432953
0.1732504963874817
0.1728731095790863
0.17291975021362305
0.1725146472454071
0.17227959632873535
0.17249782383441925
0.17231036722660065
0.17211075127124786
0.1721019744873047
0.17188027501106262
0.17176783084869385
0.17187127470970154
0.17183613777160645
0.17189818620681763
0.17226974666118622
0.17314104735851288
0.17470991611480713
0.17809361219406128
0.17945325374603271
0.17879773676395416
0.17332234978675842
0.17248855531215668
0.17566373944282532
0.17485229671001434
0.17229822278022766
0.17249193787574768
0.1739593744277954
0.17308954894542694
0.1716107279062271
0.17259830236434937
0.1731497198343277
0.1718081831932068
0.1716032326221466
0.17224228382110596
0.1719657927751541
0.17150560021400452
0.17133662104606628
0.17155171930789948
0.17164979875087738
0.17117048799991608
0.1709861308336258
0.17117932438850403
0.1711427867412567
0.1710493415594101
0.1708991825580597
0.17070671916007996
0.17073044180870056
0.17080849409103394
0.1707417368888855
0.17071376740932465
0.17070774734020233
0.1705721616744995
0.1705002337694168
0.17050758004188538
0.17047064006328583
0.17043079435825348
0.17044320702552795
0.17042583227157593
0.17036360502243042
0.17030982673168182
0.17029514908790588
0.17030787467956543
0.17046165466308594
0.17092938721179962
0.1721377968788147
0.1740095019340515
0.17719915509223938
0.17761355638504028
0.176090806722641
0.1724967062473297
0.17367179691791534
0.17656219005584717
0.17396047711372375
0.17121580243110657
0.17247046530246735
0.17343273758888245
0.17189928889274597
0.17114225029945374
0.1724221259355545
0.17210905253887177
0.1707581877708435
0.17155134677886963
0.17189566791057587
0.1706864982843399
0.17098872363567352
0.17145708203315735
0.1706470400094986
0.17064079642295837
0.1709858775138855
0.17062543332576752
0.17057275772094727
0.17079760134220123
0.1710728108882904
0.17161071300506592
0.17296123504638672
0.17484238743782043
0.1778588593006134
0.17688122391700745
0.1741170734167099
0.17113476991653442
0.17217093706130981
0.17407453060150146
0.17263461649417877
0.1711924970149994
0.1716758906841278
0.17218200862407684
0.17188015580177307
0.17108088731765747
0.1709267795085907
0.17130357027053833
0.17120221257209778
0.1708647906780243
0.17064887285232544
0.17050009965896606
0.1705867499113083
0.17068518698215485
0.17036166787147522
0.17026932537555695
0.17042329907417297
0.17009562253952026
0.16999176144599915
0.17010806500911713
0.16990743577480316
0.16991247236728668
0.17007935047149658
0.1700965017080307
0.17025789618492126
0.17067761719226837
0.17109636962413788
0.17196738719940186
0.17239032685756683
0.17229591310024261
0.17093127965927124
0.16991189122200012
0.170085147023201
0.17086996138095856
0.171116441488266
0.17042022943496704
0.16995888948440552
0.17009291052818298
0.1703588366508484
0.17028707265853882
0.16981536149978638
0.16975045204162598
0.1699587106704712
0.16992400586605072
0.16981318593025208
0.16962780058383942
0.16945278644561768
0.16956987977027893
0.16968593001365662
0.16953454911708832
0.1694323867559433
0.16954463720321655
0.1697610467672348
0.1704225242137909
0.171744704246521
0.1747811734676361
0.17859983444213867
0.18575818836688995
0.1840701848268509
0.17900381982326508
0.17294052243232727
0.17794688045978546
0.18519482016563416
0.17925283312797546
0.17322218418121338
0.17401903867721558
0.17726972699165344
0.17676636576652527
0.17249716818332672
0.17302781343460083
0.17580848932266235
0.1741071492433548
0.17201660573482513
0.17241540551185608
0.17327459156513214
0.17299264669418335
0.17196913063526154
0.17155976593494415
0.17159172892570496
0.17198674380779266
0.17180883884429932
0.17092867195606232
0.17104174196720123
0.17112237215042114
0.17090177536010742
0.17118845880031586
0.17091622948646545
