# lbfgs, lr=0.8, alpha = 1000000, beta = 0.1
# best_iter: 99, best_loss = 0.08538226038217545, imsave period = 10
5.217459201812744
0.5413542985916138
0.2586804926395416
0.18166756629943848
0.15058434009552002
0.13457675278186798
0.12461292743682861
0.11723033338785172
0.11096619069576263
0.10609783232212067
0.10188549757003784
0.09875650703907013
0.09612023830413818
0.09427151083946228
0.09293079376220703
0.0919853150844574
0.09131453931331635
0.09081932157278061
0.09044114500284195
0.09014145284891129
0.08988688886165619
0.0896696001291275
0.08947768807411194
0.08930516988039017
0.08915028721094131
0.08901285380125046
0.08887992054224014
0.08875743299722672
0.08864089846611023
0.0885295495390892
0.08842410147190094
0.08832374215126038
0.08822858333587646
0.08813485503196716
0.0880456492304802
0.08795914053916931
0.08787272870540619
0.08778896182775497
0.08770781755447388
0.0876285657286644
0.08755254745483398
0.08747857064008713
0.08740638196468353
0.08733724802732468
0.0872698426246643
0.08720614016056061
0.08714421838521957
0.08708558976650238
0.08702601492404938
0.08696939051151276
0.08691401034593582
0.086860790848732
0.08681024610996246
0.08676071465015411
0.0867115780711174
0.08666492998600006
0.08661925047636032
0.08657582104206085
0.08653281629085541
0.0864904597401619
0.08644977957010269
0.08641065657138824
0.08637230843305588
0.08633442223072052
0.08629688620567322
0.08625995367765427
0.0862247571349144
0.08619069308042526
0.08615777641534805
0.08612590283155441
0.08609436452388763
0.0860639289021492
0.0860341414809227
0.08600478619337082
0.08597546815872192
0.08594672381877899
0.08591850101947784
0.08589133620262146
0.08586417883634567
0.08583785593509674
0.08581238985061646
0.08578742295503616
0.08576227724552155
0.08573788404464722
0.08571406453847885
0.08569056540727615
0.08566680550575256
0.08564367890357971
0.08562041819095612
0.08559748530387878
0.08557474613189697
0.08555281162261963
0.08553077280521393
0.0855085700750351
0.08548673987388611
0.08546528220176697
0.08544407039880753
0.08542361110448837
0.08540239930152893
0.08538226038217545
