# lbfgs, lr=0.8, alpha = 1000000, beta = 0.1
# best_iter: 98, best_loss = 0.8039671182632446, imsave period = 10
278.945068359375
57.66983413696289
20.708656311035156
10.661101341247559
6.599708080291748
4.621361255645752
3.487467050552368
2.817577838897705
2.4408464431762695
2.096662759780884
1.8679108619689941
1.6808524131774902
1.5551018714904785
1.4304591417312622
1.3406530618667603
1.2763274908065796
1.222174882888794
1.1769863367080688
1.1347142457962036
1.0998836755752563
1.0723598003387451
1.046689748764038
1.0220892429351807
1.0057352781295776
0.989621102809906
0.976000189781189
0.9637022018432617
0.9514162540435791
0.9424411654472351
0.9327590465545654
0.9247196912765503
0.9167814254760742
0.9099703431129456
0.9046066403388977
0.8997063636779785
0.8951654434204102
0.8900923728942871
0.8863421678543091
0.8826185464859009
0.8789077401161194
0.8759608268737793
0.8724225759506226
0.8696580529212952
0.8661230206489563
0.8635327219963074
0.8606996536254883
0.858997642993927
0.8563933372497559
0.8538659811019897
0.8519207239151001
0.849989652633667
0.8480184674263
0.8460456132888794
0.8445301055908203
0.8430086374282837
0.8416786193847656
0.8399724960327148
0.8383986949920654
0.8369960784912109
0.8358395099639893
0.8347225785255432
0.8334819674491882
0.8323563933372498
0.8307273387908936
0.8294515609741211
0.8282650113105774
0.827313244342804
0.8264936208724976
0.8254892826080322
0.8244024515151978
0.8235943913459778
0.8227667808532715
0.8216233253479004
0.8208903670310974
0.8198918700218201
0.8202441334724426
0.8184500932693481
0.8174651265144348
0.8165828585624695
0.815739095211029
0.8152584433555603
0.8142349720001221
0.8135067820549011
0.8128010034561157
0.8131707310676575
0.8115553259849548
0.8117201328277588
0.8109704256057739
0.8095816373825073
0.8115830421447754
0.8088825941085815
0.8075945377349854
0.8076192140579224
0.8064391016960144
0.8119659423828125
0.8073111176490784
0.8057252168655396
0.8045126795768738
0.8039671182632446
0.8057714104652405
