# adam, lr=0.01, alpha = 1000000, beta = 0.1
# best_iter: 2919, best_loss = 0.044554729014635086, imsave period = 300
1.2460511922836304
0.938186526298523
0.6753715872764587
0.607774555683136
0.5470792055130005
0.5195770263671875
0.4916180968284607
0.4587607979774475
0.4292403757572174
0.40346580743789673
0.38073647022247314
0.35977789759635925
0.3407435417175293
0.3235127925872803
0.30772846937179565
0.29332616925239563
0.2802833616733551
0.2682136297225952
0.2571435868740082
0.24693584442138672
0.23756515979766846
0.22890092432498932
0.22084945440292358
0.21339786052703857
0.20653481781482697
0.20016983151435852
0.19424691796302795
0.18871866166591644
0.1835550218820572
0.17873966693878174
0.174209326505661
0.16995221376419067
0.16596239805221558
0.16219671070575714
0.15863627195358276
0.15529315173625946
0.15213517844676971
0.1491255760192871
0.14626652002334595
0.14353959262371063
0.14094272255897522
0.13847115635871887
0.13611695170402527
0.13386909663677216
0.13171890377998352
0.12965865433216095
0.12768806517124176
0.12580251693725586
0.12399469316005707
0.12225911766290665
0.1205945760011673
0.11899721622467041
0.11746187508106232
0.1159869059920311
0.11456815153360367
0.11320146173238754
0.1118849366903305
0.11061514914035797
0.10938874632120132
0.10820628702640533
0.10706524550914764
0.10596361756324768
0.10489915311336517
0.10386623442173004
0.10286624729633331
0.10189761221408844
0.10095974057912827
0.1000494733452797
0.09916498512029648
0.09830641746520996
0.09747210144996643
0.09665928781032562
0.09586869180202484
0.09509619325399399
0.09434577822685242
0.09361538290977478
0.0929129421710968
0.09224174171686172
0.09164007008075714
0.0911455899477005
0.09077518433332443
0.09048086404800415
0.08973462134599686
0.08868227154016495
0.08788005262613297
0.08757609128952026
0.08717586100101471
0.08637751638889313
0.08562574535608292
0.08519851416349411
0.08479716628789902
0.08420482277870178
0.0835462212562561
0.08299891650676727
0.08257988095283508
0.08217450976371765
0.0817028284072876
0.0811757892370224
0.08062054216861725
0.08011896908283234
0.07966823875904083
0.07925933599472046
0.07889467477798462
0.07856795191764832
0.07828701287508011
0.07800889015197754
0.07759422063827515
0.07702895998954773
0.07642261683940887
0.07599282264709473
0.0757385641336441
0.07549694925546646
0.07517889142036438
0.0747310221195221
0.07421813905239105
0.07378008216619492
0.07344983518123627
0.07319536805152893
0.07297045737504959
0.07275956869125366
0.07251343876123428
0.07219645380973816
0.07173146307468414
0.07121556252241135
0.0708748996257782
0.07068292796611786
0.07054691016674042
0.07037986069917679
0.07013462483882904
0.06972183287143707
0.06924478709697723
0.06886664777994156
0.06867142766714096
0.06855867058038712
0.06844659894704819
0.06827819347381592
0.06792902201414108
0.06746289134025574
0.0670660212635994
0.06686823070049286
0.0667804554104805
0.06669629365205765
0.06656263023614883
0.06627225130796432
0.06585834920406342
0.06546834856271744
0.06524605304002762
0.06514456868171692
0.06509479880332947
0.0650419294834137
0.06489693373441696
0.06460925936698914
0.0641976073384285
0.06387016922235489
0.06374450027942657
0.06375864148139954
0.0637170821428299
0.0635666623711586
0.06321792304515839
0.06294085085391998
0.06287643313407898
0.06299072504043579
0.0630635917186737
0.06250929832458496
0.06206037104129791
0.06198693811893463
0.062068089842796326
0.06207103654742241
0.062041714787483215
0.06269188970327377
0.06434862315654755
0.06404729932546616
0.0624491348862648
0.06131353974342346
0.06241973489522934
0.062184203416109085
0.06099430471658707
0.06154380738735199
0.061439890414476395
0.06039474159479141
0.0606905035674572
0.06072751060128212
0.05994604527950287
0.05992892012000084
0.060026466846466064
0.059466470032930374
0.05929179489612579
0.059410519897937775
0.05933726578950882
0.05947566032409668
0.06020357459783554
0.061017077416181564
0.06070253998041153
0.059038009494543076
0.058901842683553696
0.05922313407063484
0.058944836258888245
0.058961041271686554
0.05878250673413277
0.05881619453430176
0.05873911827802658
0.05816418677568436
0.05783941224217415
0.057817064225673676
0.057694848626852036
0.057568229734897614
0.057257212698459625
0.05704117566347122
0.056946925818920135
0.056861862540245056
0.05680219456553459
0.056764423847198486
0.05721171572804451
0.05892957001924515
0.06177089735865593
0.06507251411676407
0.0587795227766037
0.05870453268289566
0.06068907678127289
0.05780980736017227
0.05960579589009285
0.05962993949651718
0.05798909813165665
0.059074707329273224
0.05834854394197464
0.0578204020857811
0.05768429487943649
0.05751074105501175
0.05721311643719673
0.05659058690071106
0.05690143257379532
0.05634178966283798
0.05607485771179199
0.05616746097803116
0.055877797305583954
0.056071870028972626
0.056203871965408325
0.05640525743365288
0.056820064783096313
0.055910125374794006
0.05544865131378174
0.055125560611486435
0.055140815675258636
0.05538693442940712
0.05531016364693642
0.05526411160826683
0.054984211921691895
0.05483251065015793
0.05477646738290787
0.05469340831041336
0.05464097857475281
0.05434929579496384
0.05425652861595154
0.05429145693778992
0.05460730195045471
0.055045224726200104
0.054954685270786285
0.05443170666694641
0.05384153872728348
0.053974367678165436
0.05432320013642311
0.053810298442840576
0.05339278653264046
0.05349041521549225
0.05355922877788544
0.05340312793850899
0.053116872906684875
0.05301227420568466
0.053062211722135544
0.05303007364273071
0.05288100987672806
0.05270648002624512
0.052692439407110214
0.052838779985904694
0.053185269236564636
0.05400538444519043
0.05508657544851303
0.05604464188218117
0.056149326264858246
0.05475018918514252
0.05463392287492752
0.055050574243068695
0.055594779551029205
0.05407140031456947
0.05390727519989014
0.05398603528738022
0.05419482663273811
0.054187074303627014
0.053669512271881104
0.05353081226348877
0.05347411334514618
0.05389290302991867
0.0539112351834774
0.05411645025014877
0.053291305899620056
0.053729865700006485
0.054817941039800644
0.05606812983751297
0.056401610374450684
0.05443718284368515
0.05387655273079872
0.0557171106338501
0.05405498668551445
0.05367083102464676
0.054197195917367935
0.05452364683151245
0.0539420023560524
0.05433310568332672
0.054150938987731934
0.05519469827413559
0.05348392575979233
0.05385708063840866
0.05425199121236801
0.054935961961746216
0.054749518632888794
0.05526396259665489
0.05448099970817566
0.05648661032319069
0.05389299616217613
0.05458332970738411
0.0536031648516655
0.05439460277557373
0.0548834502696991
0.05683770775794983
0.05790470540523529
0.06143362820148468
0.05598960816860199
0.06221578270196915
0.05672331899404526
0.060945965349674225
0.05758114159107208
0.058859169483184814
0.05712960660457611
0.057745687663555145
0.05733533948659897
0.06060028076171875
0.06679362803697586
0.07492020726203918
0.06578956544399261
0.07246245443820953
0.0662120133638382
0.07866859436035156
0.07146969437599182
0.08147977292537689
0.07671347260475159
0.09098267555236816
0.08796993643045425
0.08731359243392944
0.08160536736249924
0.08571140468120575
0.0800500139594078
0.08258716762065887
0.0757826715707779
0.0760335773229599
0.07376741617918015
0.07621324807405472
0.08285295963287354
0.08548814058303833
0.07803915441036224
0.07806344330310822
0.07570178806781769
0.07902964949607849
0.07017724215984344
0.07113564759492874
0.07113669812679291
0.06787659227848053
0.0671413242816925
0.06737463176250458
0.06544458121061325
0.06852446496486664
0.06903134286403656
0.07049170136451721
0.06546775996685028
0.06295128166675568
0.06312386691570282
0.06344888359308243
0.06130341812968254
0.060158565640449524
0.060645692050457
0.05930180102586746
0.05851281061768532
0.05774659663438797
0.05753636360168457
0.057399407029151917
0.05717361345887184
0.0574980229139328
0.05924959480762482
0.06018771976232529
0.060155004262924194
0.05570749193429947
0.05577463656663895
0.05626806616783142
0.0558045320212841
0.05608423054218292
0.0548570416867733
0.0545627698302269
0.054474227130413055
0.05410872399806976
0.05405344441533089
0.053911447525024414
0.05393031984567642
0.053911127150058746
0.05407913774251938
0.053967833518981934
0.05343670770525932
0.05281005799770355
0.05244293436408043
0.05267903208732605
0.05280575156211853
0.05243133753538132
0.05192655324935913
0.05174015089869499
0.05177593603730202
0.05180136486887932
0.05160924419760704
0.05129268020391464
0.05112870782613754
0.0510789230465889
0.05106520280241966
0.05102817341685295
0.05093423277139664
0.05077067017555237
0.05063842982053757
0.05059181526303291
0.050571270287036896
0.05059955269098282
0.05051952227950096
0.05036179721355438
0.0501534603536129
0.05008946731686592
0.05010385438799858
0.05013158917427063
0.05018210783600807
0.050237026065588
0.050610147416591644
0.05126418173313141
0.052109166979789734
0.051347166299819946
0.05002104490995407
0.05029262602329254
0.05083959549665451
0.05046824365854263
0.049965083599090576
0.050144173204898834
0.05030624568462372
0.050016850233078
0.04975394904613495
0.04985220730304718
0.04991857334971428
0.049661681056022644
0.04949533939361572
0.04953237995505333
0.0495498850941658
0.049496911466121674
0.04939049482345581
0.049291446805000305
0.04925573617219925
0.04930238425731659
0.04938145726919174
0.0493583157658577
0.04929695650935173
0.04914269968867302
0.04911600053310394
0.04926401376724243
0.049535803496837616
0.04967956617474556
0.049601003527641296
0.049257874488830566
0.049177248030900955
0.04930952191352844
0.049308545887470245
0.04899559170007706
0.04887424409389496
0.04901379346847534
0.049053292721509933
0.04894854128360748
0.04873304441571236
0.04870227724313736
0.048782847821712494
0.04876839369535446
0.04870229959487915
0.04860416799783707
0.04863300174474716
0.04881906136870384
0.04919739067554474
0.049977872520685196
0.050265323370695114
0.050408199429512024
0.049604129046201706
0.04956194758415222
0.05010540038347244
0.04938025772571564
0.04896686598658562
0.049353234469890594
0.04936003312468529
0.04893361032009125
0.04876840114593506
0.0490255281329155
0.0489463284611702
0.04864799976348877
0.04865157604217529
0.0486656054854393
0.0486048124730587
0.048562195152044296
0.04841288551688194
0.048353683203458786
0.04839546978473663
0.04834216460585594
0.04827379062771797
0.04824770241975784
0.048275671899318695
0.048475757241249084
0.04910244047641754
0.05026233568787575
0.05160664767026901
0.050746023654937744
0.04905163496732712
0.04907452315092087
0.05027320608496666
0.049964070320129395
0.049687787890434265
0.049385398626327515
0.04969383776187897
0.049733035266399384
0.04972813278436661
0.04919889569282532
0.04894033074378967
0.04911738634109497
0.04911106824874878
0.048961568623781204
0.04896263778209686
0.04884655773639679
0.04875895753502846
0.048764992505311966
0.04894643276929855
0.04889724403619766
0.04912780970335007
0.048853714019060135
0.04859285429120064
0.048618070781230927
0.04886747896671295
0.04922007396817207
0.04906041547656059
0.04896056279540062
0.048407696187496185
0.04844529926776886
0.04872376099228859
0.04865925759077072
0.04876893386244774
0.0484665110707283
0.04822589457035065
0.048159338533878326
0.04832492768764496
0.04852905869483948
0.04877321422100067
0.049565739929676056
0.05006590485572815
0.050584159791469574
0.05015353113412857
0.04897429049015045
0.049853675067424774
0.049770090728998184
0.049222834408283234
0.04874120280146599
0.049041926860809326
0.04950540512800217
0.048887234181165695
0.048686303198337555
0.048740386962890625
0.04901417717337608
0.0492490716278553
0.049117352813482285
0.04905775189399719
0.04947496950626373
0.04903124272823334
0.04878859221935272
0.04831915721297264
0.04834897816181183
0.04860629886388779
0.04848612844944
0.048644550144672394
0.04849153012037277
0.04853985458612442
0.048783063888549805
0.04935714602470398
0.04979186877608299
0.0490824356675148
0.04837169125676155
0.04820263013243675
0.04854424297809601
0.04869619756937027
0.04819374531507492
0.04803292080760002
0.04839513823390007
0.04838334396481514
0.0482201874256134
0.047968119382858276
0.04826465994119644
0.0487397126853466
0.04875660315155983
0.04837141931056976
0.04803032800555229
0.047996412962675095
0.048343464732170105
0.0481128916144371
0.047742217779159546
0.04766099527478218
0.04782211780548096
0.0478469654917717
0.04772049933671951
0.047658469527959824
0.047636859118938446
0.04777965694665909
0.048138681799173355
0.04797188937664032
0.04784584045410156
0.047675639390945435
0.04786330834031105
0.048307716846466064
0.048395849764347076
0.04819091036915779
0.047532401978969574
0.04757273197174072
0.04790234938263893
0.04764879494905472
0.047440800815820694
0.0473942756652832
0.0474402979016304
0.04752020165324211
0.047473300248384476
0.047542572021484375
0.04792884737253189
0.0483584925532341
0.04876904934644699
0.047942884266376495
0.04764445871114731
0.04764862358570099
0.047852523624897
0.04822719097137451
0.047903914004564285
0.0476885624229908
0.04744632542133331
0.04755040258169174
0.0478791669011116
0.048450641334056854
0.049995675683021545
0.05100254341959953
0.05178385227918625
0.051516853272914886
0.05022184178233147
0.054047465324401855
0.05110038071870804
0.05020346865057945
0.04965962842106819
0.05097944661974907
0.052017029374837875
0.05280860513448715
0.0539093092083931
0.06217675656080246
0.054628636687994
0.0664559006690979
0.055613718926906586
0.06624386459589005
0.06769165396690369
0.08448519557714462
0.08868089318275452
0.1035749763250351
0.09696455299854279
0.13542848825454712
0.14897310733795166
0.18866503238677979
0.19876644015312195
0.2050362080335617
0.200188547372818
0.19968841969966888
0.1877025067806244
0.18034309148788452
0.16711603105068207
0.16277550160884857
0.1542169749736786
0.16528138518333435
0.18487755954265594
0.16345861554145813
0.14900265634059906
0.14336025714874268
0.1348838210105896
0.1306302696466446
0.12273579835891724
0.12443872541189194
0.11400368064641953
0.11358799040317535
0.11173395812511444
0.10574387013912201
0.11162100732326508
0.09550546109676361
0.0959153026342392
0.08968260139226913
0.08728109300136566
0.08536241948604584
0.08368229120969772
0.08847248554229736
0.09972739964723587
0.08821526169776917
0.07721099257469177
0.07825794816017151
0.07716988027095795
0.07550334930419922
0.07152816653251648
0.07100702077150345
0.07075054943561554
0.06915922462940216
0.06802348792552948
0.0683901309967041
0.06675063818693161
0.0675254687666893
0.06352239847183228
0.06274274736642838
0.062257010489702225
0.061753399670124054
0.061434611678123474
0.060391463339328766
0.05984501540660858
0.05981343984603882
0.060621604323387146
0.06247495114803314
0.06207694113254547
0.05999862030148506
0.05758221447467804
0.05760130658745766
0.05827002599835396
0.05691533535718918
0.05625529959797859
0.05601981282234192
0.055863671004772186
0.05571576952934265
0.05521940812468529
0.05478813499212265
0.054310329258441925
0.054069481790065765
0.053887493908405304
0.05373060703277588
0.053731635212898254
0.053790003061294556
0.05382155627012253
0.053794629871845245
0.053110271692276
0.052448540925979614
0.05228614807128906
0.05243273079395294
0.05243058130145073
0.052077874541282654
0.051671743392944336
0.051545388996601105
0.05159731209278107
0.05159642547369003
0.05139993131160736
0.05112669989466667
0.05090722814202309
0.050827085971832275
0.050829850137233734
0.0508015938103199
0.050731636583805084
0.05057402327656746
0.05042831599712372
0.05036917328834534
0.0503772534430027
0.05040653049945831
0.05028747022151947
0.05010513961315155
0.049899280071258545
0.049867622554302216
0.04992252588272095
0.04993822053074837
0.04995661973953247
0.049982018768787384
0.05034439638257027
0.05087556689977646
0.0514407679438591
0.05055849254131317
0.04955136775970459
0.04986376315355301
0.050189729779958725
0.049781203269958496
0.04948802292346954
0.049653373658657074
0.04968567192554474
0.049455463886260986
0.04925420135259628
0.04931559041142464
0.04934396594762802
0.04916903004050255
0.04903179034590721
0.049016114324331284
0.049027588218450546
0.04900534451007843
0.048906318843364716
0.048836249858140945
0.04881654307246208
0.04893525689840317
0.04919932782649994
0.049711983650922775
0.04981042444705963
0.04958276078104973
0.048805560916662216
0.04889945685863495
0.049322709441185
0.048954449594020844
0.04852183908224106
0.04866509884595871
0.048815496265888214
0.0485723614692688
0.04835465922951698
0.04849304258823395
0.048564717173576355
0.04837364703416824
0.048236291855573654
0.04823656380176544
0.048270970582962036
0.04824820160865784
0.048135146498680115
0.04802689701318741
0.04800890013575554
0.0480334609746933
0.04804060608148575
0.04803064465522766
0.04800565540790558
0.047938138246536255
0.04787134379148483
0.047821324318647385
0.04780624434351921
0.04781903699040413
0.04786704108119011
0.04790622740983963
0.04795834422111511
0.0479421503841877
0.04787856712937355
0.04792406037449837
0.04815765470266342
0.04856426641345024
0.04856123775243759
0.048253029584884644
0.047716524451971054
0.047894980758428574
0.04821746423840523
0.047941844910383224
0.047730930149555206
0.04793072119355202
0.048045091331005096
0.048011261969804764
0.04791633039712906
0.04808824136853218
0.04839859902858734
0.04823116213083267
0.04786566644906998
0.047648727893829346
0.04783114045858383
0.04789093881845474
0.04761441424489021
0.04755730554461479
0.04768865182995796
0.0476502925157547
0.047543007880449295
0.047420844435691833
0.04744385927915573
0.04752756282687187
0.04754120111465454
0.0475669801235199
0.04765450209379196
0.04791221767663956
0.04810038581490517
0.047912754118442535
0.047477561980485916
0.047328826040029526
0.04748772084712982
0.0475480780005455
0.04745089262723923
0.04737018048763275
0.047311119735240936
0.04737589508295059
0.047497764229774475
0.047407351434230804
0.04731260985136032
0.04732907563447952
0.047456953674554825
0.047592177987098694
0.04770433157682419
0.0475691482424736
0.04731185361742973
0.04721365496516228
0.047339603304862976
0.04734540358185768
0.04723872244358063
0.047105513513088226
0.04710889235138893
0.047167494893074036
0.04719506949186325
0.047248661518096924
0.0472346767783165
0.04731641337275505
0.047514405101537704
0.04789542406797409
0.04788467288017273
0.047495037317276
0.04708780720829964
0.047197189182043076
0.04737526550889015
0.04733756557106972
0.047306276857852936
0.04711957648396492
0.04715624079108238
0.04727228730916977
0.04717198386788368
0.046954091638326645
0.04696553200483322
0.04692527651786804
0.046906985342502594
0.04700344800949097
0.0470462292432785
0.04708698019385338
0.04734314605593681
0.04778921604156494
0.04853244870901108
0.04832993447780609
0.04768930748105049
0.04698576778173447
0.04768446087837219
0.04819975048303604
0.04743462800979614
0.04718533903360367
0.047702498733997345
0.04747556522488594
0.047107942402362823
0.0470612533390522
0.04723815247416496
0.04726783186197281
0.04698355123400688
0.0469406396150589
0.047119252383708954
0.047084636986255646
0.04699977859854698
0.04694964364171028
0.04708099365234375
0.04734755679965019
0.0473962239921093
0.04728088900446892
0.046953581273555756
0.04689687862992287
0.04702885448932648
0.04690621793270111
0.046835679560899734
0.04677712544798851
0.046724583953619
0.046822965145111084
0.04679878056049347
0.04662894457578659
0.04650891572237015
0.04655984044075012
0.04657363146543503
0.04652421921491623
0.04651329293847084
0.04644803702831268
0.046397559344768524
0.04643381014466286
0.0465550534427166
0.04694095626473427
0.04803215339779854
0.0493144616484642
0.05105757713317871
0.04903296381235123
0.04790051281452179
0.048828355967998505
0.04951489716768265
0.048119060695171356
0.04815450683236122
0.04808148741722107
0.048517629504203796
0.04829741269350052
0.047753944993019104
0.047597188502550125
0.04771935194730759
0.047708671540021896
0.04774777218699455
0.04781024158000946
0.04766238480806351
0.04760592430830002
0.04803389310836792
0.04799744114279747
0.048308972269296646
0.0478736087679863
0.04748905077576637
0.04739188775420189
0.0478619784116745
0.04812408238649368
0.04780380055308342
0.04783082753419876
0.04727678745985031
0.04725898057222366
0.04745616018772125
0.04728025943040848
0.04732527211308479
0.0470539927482605
0.046964943408966064
0.046961743384599686
0.047199465334415436
0.047691959887742996
0.04822869598865509
0.048900917172431946
0.047914594411849976
0.04692825302481651
0.04748276248574257
0.047919776290655136
0.04760140925645828
0.04692494869232178
0.04724873974919319
0.04754122719168663
0.047172486782073975
0.04691144824028015
0.046993862837553024
0.04698046296834946
0.04687834158539772
0.04661284387111664
0.0466286800801754
0.046749960631132126
0.046636685729026794
0.046502530574798584
0.046523481607437134
0.046604789793491364
0.04672614485025406
0.046621765941381454
0.04655517637729645
0.04645984619855881
0.04653789475560188
0.04669644311070442
0.046726811677217484
0.04669346287846565
0.04634300246834755
0.04616232216358185
0.04629671201109886
0.04631034657359123
0.04622262716293335
0.046169765293598175
0.04610540717840195
0.046031784266233444
0.046089693903923035
0.046170674264431
0.04609654098749161
0.046144455671310425
0.046351052820682526
0.04666600003838539
0.047398243099451065
0.04790664464235306
0.04795321822166443
0.046529170125722885
0.04667672887444496
0.04739677533507347
0.04700176417827606
0.04671962186694145
0.0470053106546402
0.04700659587979317
0.04693752899765968
0.04647817835211754
0.04652128741145134
0.046740323305130005
0.04662999510765076
0.04644698277115822
0.04642528295516968
0.04640648141503334
0.04651724547147751
0.046581510454416275
0.04649016633629799
0.04622391238808632
0.046337634325027466
0.04639136418700218
0.04655501991510391
0.04708462953567505
0.047082770615816116
0.04671914502978325
0.046229757368564606
0.04632818326354027
0.04659610986709595
0.046534955501556396
0.04656318202614784
0.0462520495057106
0.04619734361767769
0.04647526890039444
0.04648752138018608
0.04628537595272064
0.04626508802175522
0.046224676072597504
0.04626692831516266
0.04628122225403786
0.046240050345659256
0.04601387679576874
0.04597818851470947
0.045970618724823
0.04591397941112518
0.046065036207437515
0.04617990553379059
0.046194713562726974
0.046209584921598434
0.04639115929603577
0.04649905487895012
0.04689620062708855
0.04760821536183357
0.04699235409498215
0.046388592571020126
0.04652246832847595
0.04723796620965004
0.04748663678765297
0.04691031202673912
0.046406589448451996
0.04677315056324005
0.04680458456277847
0.04674860090017319
0.04639573022723198
0.04638342559337616
0.046621814370155334
0.046790994703769684
0.046684764325618744
0.046684086322784424
0.04676612466573715
0.04723677039146423
0.04696602374315262
0.04667980223894119
0.04613818973302841
0.046313460916280746
0.04653701186180115
0.04629521816968918
0.046479836106300354
0.046653904020786285
0.04682764410972595
0.04751582071185112
0.04904114082455635
0.05032113194465637
0.04866771399974823
0.047063764184713364
0.04741311073303223
0.047722700983285904
0.04776397719979286
0.047563690692186356
0.04704605042934418
0.04705866426229477
0.047552689909935
0.04830696061253548
0.048628393560647964
0.050170719623565674
0.05039471760392189
0.0542481355369091
0.054217346012592316
0.05537213757634163
0.05070318654179573
0.05257696658372879
0.052674300968647
0.05898338928818703
0.05451506748795509
0.06647495180368423
0.05608047544956207
0.07466255128383636
0.08660248667001724
0.11518926918506622
0.11535144597291946
0.15234524011611938
0.1694149672985077
0.22621619701385498
0.2604988217353821
0.2616443932056427
0.25858572125434875
0.259817510843277
0.24621625244617462
0.23425383865833282
0.22122588753700256
0.22000469267368317
0.23600980639457703
0.20693862438201904
0.19168820977210999
0.1817285269498825
0.16720958054065704
0.16232281923294067
0.14988991618156433
0.15168364346027374
0.1369551122188568
0.14640091359615326
0.16056284308433533
0.15227827429771423
0.14322006702423096
0.12689924240112305
0.12654367089271545
0.12921105325222015
0.11398528516292572
0.10726703703403473
0.10294808447360992
0.09873637557029724
0.09675601124763489
0.09227746725082397
0.09002228081226349
0.08835375308990479
0.08830142766237259
0.09113503992557526
0.08123236894607544
0.0828450471162796
0.07631140202283859
0.07562827318906784
0.07638207823038101
0.07676396518945694
0.07800011336803436
0.07591286301612854
0.07103792577981949
0.06889186799526215
0.07069019973278046
0.06745689362287521
0.06563884019851685
0.06455664336681366
0.06439656019210815
0.06384097039699554
0.06272898614406586
0.06204117834568024
0.06247725710272789
0.06040581688284874
0.05999106168746948
0.058629944920539856
0.05833280831575394
0.05846798047423363
0.05800870805978775
0.057924509048461914
0.05796871334314346
0.05821109935641289
0.05865904688835144
0.05691544711589813
0.05589909106492996
0.05544314906001091
0.05558817833662033
0.05563877895474434
0.05475752428174019
0.054181817919015884
0.053922999650239944
0.053701139986515045
0.05356784164905548
0.05345567315816879
0.053290415555238724
0.0531102791428566
0.052986327558755875
0.05269153416156769
0.052345987409353256
0.052047695964574814
0.05171937867999077
0.05160006880760193
0.05155288428068161
0.05151878297328949
0.05161375179886818
0.051658205687999725
0.05157606303691864
0.05125048756599426
0.050815775990486145
0.05059141293168068
0.05066482722759247
0.05076500028371811
0.05059044063091278
0.05032147094607353
0.05007166415452957
0.05000067502260208
0.05006280541419983
0.05001851171255112
0.049896739423274994
0.04970182478427887
0.04955872520804405
0.049528732895851135
0.04949617013335228
0.04943712055683136
0.04930874705314636
0.04919349029660225
0.049128733575344086
0.04916267842054367
0.04927654191851616
0.04944925382733345
0.049664873629808426
0.05001130327582359
0.05004403740167618
0.049997322261333466
0.04936382547020912
0.04930960386991501
0.04960842803120613
0.04934590309858322
0.04884844645857811
0.048843253403902054
0.0491207093000412
0.04898049682378769
0.04858934134244919
0.04858601465821266
0.04875345900654793
0.04862178489565849
0.048371654003858566
0.04830844700336456
0.048385560512542725
0.04837961122393608
0.048232149332761765
0.048088543117046356
0.048052579164505005
0.048080045729875565
0.04809499531984329
0.048047326505184174
0.04796506091952324
0.04786429554224014
0.04778508469462395
0.04775511100888252
0.04775644466280937
0.04777638986706734
0.04779725521802902
0.047831594944000244
0.04782320186495781
0.047810427844524384
0.047775544226169586
0.047800514847040176
0.0478445328772068
0.047789596021175385
0.04772451892495155
0.0476154163479805
0.047665756195783615
0.047794658690690994
0.047831941395998
0.04765760898590088
0.047410257160663605
0.04737383872270584
0.047461945563554764
0.04748237505555153
0.04743790253996849
0.04734838753938675
0.047340795397758484
0.04743821173906326
0.047537222504615784
0.04759626463055611
0.047457147389650345
0.04740539938211441
0.047506943345069885
0.047654908150434494
0.047561582177877426
0.04722507670521736
0.04712172597646713
0.047229520976543427
0.04727417603135109
0.04721558466553688
0.04710067808628082
0.04715678468346596
0.04732544720172882
0.047398410737514496
0.047437913715839386
0.04738802835345268
0.04753163829445839
0.04758596792817116
0.047361742705106735
0.04705824330449104
0.047018155455589294
0.04722783714532852
0.04727111756801605
0.04709603637456894
0.046938471496105194
0.046955641359090805
0.047005314379930496
0.046966731548309326
0.046837057918310165
0.046810731291770935
0.04685986787080765
0.046904902905225754
0.04697319120168686
0.047001905739307404
0.04715145006775856
0.04744028300046921
0.047968342900276184
0.04775931313633919
0.04707680642604828
0.04679112136363983
0.04716668277978897
0.04737720638513565
0.047079022973775864
0.04685895889997482
0.04695499315857887
0.04705267772078514
0.046882208436727524
0.04670591652393341
0.04671413078904152
0.04679132252931595
0.046771563589572906
0.04665420949459076
0.04659286141395569
0.04658579081296921
0.04660523682832718
0.04664478823542595
0.04663730412721634
0.04662671685218811
0.04662126302719116
0.04677420109510422
0.04709466174244881
0.04773566499352455
0.0478072315454483
0.04733908548951149
0.04660407453775406
0.046873852610588074
0.04727469012141228
0.04688149690628052
0.04655500501394272
0.04673975706100464
0.0468507818877697
0.046639855951070786
0.046449415385723114
0.04657634720206261
0.04667229950428009
0.04651862010359764
0.046367816627025604
0.04637812823057175
0.04643181711435318
0.04645682871341705
0.04641592875123024
0.046375587582588196
0.04640195518732071
0.04651987552642822
0.04650133103132248
0.046434689313173294
0.04628785327076912
0.04623404145240784
0.046314556151628494
0.046457305550575256
0.04657476395368576
0.046488672494888306
0.04647567495703697
0.046545058488845825
0.046767707914114
0.04680837690830231
0.0464736744761467
0.046197544783353806
0.04625571519136429
0.04645741358399391
0.046459589153528214
0.046269819140434265
0.04622311890125275
0.04633490741252899
0.04640272632241249
0.04643259197473526
0.04627082869410515
0.04615350067615509
0.04621462896466255
0.04639041796326637
0.04647756740450859
0.046484433114528656
0.04653865098953247
0.04675009846687317
0.046763718128204346
0.04664509370923042
0.0462026447057724
0.046208858489990234
0.04653693363070488
0.046558815985918045
0.04636348783969879
0.04615189880132675
0.046194251626729965
0.04631480574607849
0.0461965911090374
0.04604645073413849
0.04597785323858261
0.04605630040168762
0.04612654447555542
0.046046189963817596
0.046006813645362854
0.046097010374069214
0.0463687889277935
0.046950023621320724
0.04736926034092903
0.04766964539885521
0.04663290083408356
0.0462857186794281
0.04694042354822159
0.04672488942742348
0.04631496220827103
0.04625025391578674
0.046382248401641846
0.046440042555332184
0.04622639715671539
0.046078529208898544
0.04613897204399109
0.04619557410478592
0.046096835285425186
0.04596947878599167
0.04597567021846771
0.04603518173098564
0.04604588821530342
0.046027280390262604
0.04591331258416176
0.0459941141307354
0.04620610177516937
0.046393394470214844
0.046697571873664856
0.04657701775431633
0.046082090586423874
0.045830462127923965
0.04611293226480484
0.0462365560233593
0.046003397554159164
0.04591546207666397
0.04587847739458084
0.04585599526762962
0.04594293609261513
0.04589948058128357
0.04574795439839363
0.04571601003408432
0.045767515897750854
0.04579394310712814
0.045819927006959915
0.0458831787109375
0.04582952335476875
0.045766476541757584
0.04574845731258392
0.04590920731425285
0.04630257934331894
0.046729836612939835
0.04728221893310547
0.04670814797282219
0.04601626843214035
0.04607045277953148
0.04651450365781784
0.04662751778960228
0.046051837503910065
0.04604154825210571
0.04641369357705116
0.04631585627794266
0.04608979821205139
0.04615599289536476
0.046142853796482086
0.04619765654206276
0.046097785234451294
0.04587266594171524
0.04574587941169739
0.04592281952500343
0.04595916345715523
0.04580230265855789
0.0458214171230793
0.04587724804878235
0.045864641666412354
0.0460536889731884
0.046200379729270935
0.04611552506685257
0.045765236020088196
0.04574159160256386
0.045762330293655396
0.04576367139816284
0.045935504138469696
0.04603464901447296
0.046080488711595535
0.04605913907289505
0.04643585905432701
0.04682677239179611
0.046993888914585114
0.04675783962011337
0.04618357867002487
0.04618937522172928
0.04645709693431854
0.04684316739439964
0.04667087644338608
0.0461600236594677
0.04596766456961632
0.046104758977890015
0.04613786190748215
0.04609222710132599
0.04612332582473755
0.04591602087020874
0.04571930691599846
0.04578083008527756
0.04577935114502907
0.04571132734417915
0.045757777988910675
0.04588879644870758
0.04584432765841484
0.04583856463432312
0.04583191126585007
0.04568265378475189
0.04545580968260765
0.045549847185611725
0.04568007215857506
0.04583122208714485
0.04657435789704323
0.0476016104221344
0.048937708139419556
0.04809277504682541
0.046814657747745514
0.04755263030529022
0.04825838282704353
0.049067601561546326
0.04708009213209152
0.046905167400836945
0.04807030037045479
0.04745681583881378
0.04688256233930588
0.04728764295578003
0.04723045974969864
0.04772321879863739
0.04737313836812973
0.04722636938095093
0.0474385991692543
0.04796572029590607
0.04767308756709099
0.0473601408302784
0.046870049089193344
0.04672354459762573
0.047030869871377945
0.04726862162351608
0.046762771904468536
0.046774350106716156
0.0464429147541523
0.04633691906929016
0.046668194234371185
0.04685826599597931
0.047026991844177246
0.04728890210390091
0.04716344177722931
0.04703983664512634
0.04678624868392944
0.04712711274623871
0.04677041620016098
0.04676761478185654
0.04651137441396713
0.04629966989159584
0.04678114876151085
0.04656779766082764
0.046499814838171005
0.04621867835521698
0.04605202376842499
0.046045348048210144
0.04629628360271454
0.046589434146881104
0.046804141253232956
0.04729362204670906
0.047460153698921204
0.04711127281188965
0.04738375172019005
0.04704417288303375
0.047213759273290634
0.04656622186303139
0.04637801647186279
0.04673728719353676
0.04663396626710892
0.04664451628923416
0.04605051502585411
0.046168114989995956
0.04631289467215538
0.046370189636945724
0.046824730932712555
0.047022152692079544
0.046857550740242004
0.04688914120197296
0.04694347456097603
0.047195546329021454
0.046800434589385986
0.04680020734667778
0.046115756034851074
0.046124815940856934
0.046523332595825195
0.046166278421878815
0.04626268893480301
0.046145811676979065
0.04611433297395706
0.046429917216300964
0.04702255129814148
0.04743879288434982
0.047092728316783905
0.046537846326828
0.046210817992687225
0.04656624794006348
0.04704182595014572
0.046112533658742905
0.04584276303648949
0.046290073543787
0.04619807377457619
0.045986928045749664
0.04590951278805733
0.04584812745451927
0.0461173914372921
0.04603362828493118
0.04580090939998627
0.045754577964544296
0.046064313501119614
0.04621283337473869
0.04621224105358124
0.046121325343847275
0.04566558450460434
0.045651037245988846
0.04594328626990318
0.04565412923693657
0.045506786555051804
0.04545924812555313
0.045355573296546936
0.04547232389450073
0.04551469534635544
0.045373477041721344
0.04526253044605255
0.04531317576766014
0.04533625766634941
0.04558458924293518
0.04612806439399719
0.04631209746003151
0.046304911375045776
0.04587743431329727
0.04549017176032066
0.045905232429504395
0.04600820690393448
0.04562365263700485
0.04523544758558273
0.04550865292549133
0.04565633833408356
0.045370206236839294
0.04527563974261284
0.04527705907821655
0.04526358097791672
0.04531517252326012
0.04516693949699402
0.0450315922498703
0.04508572071790695
0.04515013098716736
0.045194800943136215
0.04534444957971573
0.0455402210354805
0.04570479318499565
0.045687511563301086
0.04568116366863251
0.04540804773569107
0.04546039178967476
0.04567737132310867
0.04592554271221161
0.04576590657234192
0.04547314718365669
0.045388683676719666
0.04530976712703705
0.04554414004087448
0.04555991664528847
0.045320022851228714
0.04516802728176117
0.04520091414451599
0.0451965294778347
0.04522492364048958
0.04532347247004509
0.04511803761124611
0.04496483877301216
0.04496821388602257
0.044965218752622604
0.04495508223772049
0.045054443180561066
0.04524439573287964
0.045514076948165894
0.04608897119760513
0.046404048800468445
0.04638824984431267
0.04605458304286003
0.04619431868195534
0.047248635441064835
0.04665031284093857
0.0462229885160923
0.04589266702532768
0.046023570001125336
0.0466393306851387
0.04602672532200813
0.04577946662902832
0.04623595252633095
0.046645622700452805
0.046862248331308365
0.047016412019729614
0.0468609556555748
0.04718422144651413
0.046961549669504166
0.047312650829553604
0.04597363620996475
0.045978136360645294
0.046399448066949844
0.0461428202688694
0.0468006357550621
0.04694933444261551
0.04811378940939903
0.049619726836681366
0.053784653544425964
0.05458488687872887
0.05394350737333298
0.04944358766078949
0.05140775442123413
0.05242881923913956
0.06029059737920761
0.053774043917655945
0.0686863362789154
0.06480772793292999
0.09456133842468262
0.10051175951957703
0.16240158677101135
0.1857316792011261
0.2556677460670471
0.3078773617744446
0.35694631934165955
0.39136403799057007
0.403700590133667
0.39361780881881714
0.3767687678337097
0.3582635223865509
0.3395475447177887
0.347700297832489
0.3098852038383484
0.291772723197937
0.2752148509025574
0.25331035256385803
0.2433481216430664
0.23005306720733643
0.22571811079978943
0.23115243017673492
0.19633948802947998
0.1843477189540863
0.17204192280769348
0.16228312253952026
0.1575409173965454
0.1513988971710205
0.1495550572872162
0.13732822239398956
0.1256258189678192
0.12892666459083557
0.11775079369544983
0.11881780624389648
0.10542600601911545
0.10170596092939377
0.10125431418418884
0.0982559472322464
0.1070040911436081
0.11288303136825562
0.10589089244604111
0.09368337690830231
0.08869528770446777
0.09207877516746521
0.09006397426128387
0.08567910641431808
0.08082257211208344
0.0805431380867958
0.0781744197010994
0.07726219296455383
0.07340222597122192
0.0712788999080658
0.0709424540400505
0.06971340626478195
0.070951446890831
0.07083448767662048
0.0734763965010643
0.07531874626874924
0.06837841123342514
0.06583185493946075
0.06642123311758041
0.06508678942918777
0.06330665200948715
0.06321445107460022
0.062180522829294205
0.06116071343421936
0.0600983165204525
0.05973374471068382
0.059517644345760345
0.05864435061812401
0.058010876178741455
0.05802512168884277
0.05785437673330307
0.058351319283246994
0.05791516602039337
0.057453326880931854
0.05665980651974678
0.05629237741231918
0.055992309004068375
0.055189669132232666
0.055146053433418274
0.05498966574668884
0.0548349991440773
0.054480548948049545
0.05372282862663269
0.05344930663704872
0.05349738523364067
0.05320302024483681
0.05297892168164253
0.052819427102804184
0.052610501646995544
0.0526418499648571
0.05245364084839821
0.052179109305143356
0.0519530363380909
0.05191024765372276
0.05188830941915512
0.051772765815258026
0.0515848733484745
0.05126730352640152
0.051141493022441864
0.05112137645483017
0.050939325243234634
0.05076487362384796
0.05056924745440483
0.05045705661177635
0.050444018095731735
0.050374407321214676
0.050276972353458405
0.050225794315338135
0.050358034670352936
0.050773654133081436
0.05177466571331024
0.052122410386800766
0.05168597772717476
0.05019831284880638
0.05059678852558136
0.05112138390541077
0.05016457661986351
0.05005571246147156
0.050438717007637024
0.04998134449124336
0.04976065829396248
0.049923986196517944
0.049775928258895874
0.049506328999996185
0.04944334551692009
0.04951364919543266
0.049339767545461655
0.04913165420293808
0.04914965480566025
0.049108073115348816
0.04901190102100372
0.048916883766651154
0.04881291091442108
0.04874604195356369
0.04873080551624298
0.04868447408080101
0.04860552027821541
0.04855281859636307
0.048468612134456635
0.04841725900769234
0.04841932654380798
0.048517726361751556
0.048842981457710266
0.04967936500906944
0.05020004138350487
0.050355181097984314
0.04868286848068237
0.04873920977115631
0.04959651082754135
0.048572391271591187
0.048497192561626434
0.04904094338417053
0.04835586994886398
0.04836153984069824
0.048685550689697266
0.04818795248866081
0.04818227142095566
0.04838482663035393
0.04805906489491463
0.04797937348484993
0.04808870330452919
0.04795084148645401
0.0478232204914093
0.047803591936826706
0.04781060293316841
0.04776468127965927
0.04762941971421242
0.04757613688707352
0.04761943966150284
0.0475894995033741
0.04751306027173996
0.04746289923787117
0.04740572348237038
0.04735562205314636
0.047352321445941925
0.04735959693789482
0.047341059893369675
0.04734246805310249
0.04735298454761505
0.0473484992980957
0.047331999987363815
0.047366995364427567
0.04739014059305191
0.04736380651593208
0.047333404421806335
0.04724064841866493
0.047221217304468155
0.04728187993168831
0.047437019646167755
0.04746700078248978
0.04734436422586441
0.047116417437791824
0.04700937122106552
0.04707636684179306
0.04716035723686218
0.04714732989668846
0.04700987786054611
0.04691820964217186
0.046939849853515625
0.04698185995221138
0.046970102936029434
0.046938568353652954
0.04685050621628761
0.04678020998835564
0.04677693545818329
0.046815380454063416
0.04684896394610405
0.04685518145561218
0.046871118247509
0.04686126485466957
0.0469905324280262
0.04732959344983101
0.04799759015440941
0.048030249774456024
0.04746922850608826
0.04681823402643204
0.047162532806396484
0.04752400517463684
0.04709291458129883
0.04683662950992584
0.047071464359760284
0.04707328602671623
0.0468033030629158
0.0467519611120224
0.04688292369246483
0.04690153896808624
0.04675254225730896
0.046680133789777756
0.04674312472343445
0.04679649695754051
0.04669465869665146
0.04660244286060333
0.04652772098779678
0.046541593968868256
0.04661652445793152
0.04666575416922569
0.04663146659731865
0.04662257805466652
0.04665428400039673
0.04672248661518097
0.04667482525110245
0.046569038182497025
0.04638088122010231
0.046388860791921616
0.0465499684214592
0.046603504568338394
0.04657680541276932
0.04648205265402794
0.04649418592453003
0.04656939208507538
0.046549949795007706
0.04639192298054695
0.046236321330070496
0.046261344105005264
0.046331387013196945
0.046342574059963226
0.04631153866648674
0.04626317322254181
0.04635539650917053
0.04658028483390808
0.04669024795293808
0.04676859453320503
0.04655831679701805
0.04642854630947113
0.046482473611831665
0.04651251807808876
0.04637894034385681
0.046181488782167435
0.04629847779870033
0.04640049859881401
0.04628479480743408
0.046186842024326324
0.04611612856388092
0.04612107202410698
0.0461745411157608
0.04611404985189438
0.046026475727558136
0.046008143573999405
0.04607159644365311
0.0461699552834034
0.046373020857572556
0.04674626886844635
0.04752029851078987
0.04779452458024025
0.04770926386117935
0.04650961235165596
0.04680270701646805
0.04753923788666725
0.04683879762887955
0.04634677991271019
0.04666364565491676
0.046705588698387146
0.04640680178999901
0.0462464839220047
0.04648176580667496
0.04648863151669502
0.04613702371716499
0.046131446957588196
0.04626881331205368
0.046165935695171356
0.04607396945357323
0.04599858075380325
0.045946840196847916
0.046009160578250885
0.04599665105342865
0.04588745906949043
0.045838188380002975
0.04581395164132118
0.045775339007377625
0.045786816626787186
0.04579505696892738
0.04575835168361664
0.045749373733997345
0.04571671783924103
0.04567119479179382
0.045639727264642715
0.04562599956989288
0.04561731964349747
0.04566240310668945
0.04586270451545715
0.04637131467461586
0.047225940972566605
0.04852114990353584
0.04796671122312546
0.04699072986841202
0.04707900807261467
0.048337578773498535
0.04771258682012558
0.047171659767627716
0.04665140062570572
0.0469328835606575
0.04725323244929314
0.046785127371549606
0.04663259908556938
0.04653659462928772
0.0466027557849884
0.0466989167034626
0.046754688024520874
0.046864695847034454
0.04696330055594444
0.04677138477563858
0.046649686992168427
0.04647170752286911
0.04652978479862213
0.0466335266828537
0.04665851220488548
0.046377554535865784
0.04616964980959892
0.04614171385765076
0.04614048823714256
0.04624560475349426
0.04614625498652458
0.04592419043183327
0.04583548381924629
0.045893918722867966
0.04591311886906624
0.04585433378815651
0.045835599303245544
0.04570955038070679
0.04563262686133385
0.04564709961414337
0.04568467289209366
0.04577866941690445
0.04603413864970207
0.04641366004943848
0.0471678301692009
0.04718166962265968
0.04684777557849884
0.04608682915568352
0.0467008575797081
0.047025758773088455
0.04613780975341797
0.045946307480335236
0.046275053173303604
0.04614732787013054
0.045920755714178085
0.04583544656634331
0.04598873108625412
0.04596639424562454
0.04564397409558296
0.045673683285713196
0.045815613120794296
0.0456651896238327
0.045566853135824203
0.045523449778556824
0.04547508805990219
0.045520029962062836
0.04551342502236366
0.04540645703673363
0.04536551609635353
0.045335352420806885
0.04527604952454567
0.04528343677520752
0.045306600630283356
0.045295774936676025
0.04533936828374863
0.04541200399398804
0.0454515740275383
0.04542098566889763
0.045366182923316956
0.04522388428449631
0.045146774500608444
0.045200053602457047
0.045282140374183655
0.04536104574799538
0.04536309093236923
0.045298896729946136
0.04515364393591881
0.04517272859811783
0.045343659818172455
0.045522455126047134
0.04571898281574249
0.04563261568546295
0.04537324607372284
0.04521280154585838
0.045419856905937195
0.04564347118139267
0.045477673411369324
0.04525099694728851
0.04513750225305557
0.045251015573740005
0.045364536345005035
0.04522976279258728
0.04507610574364662
0.04508686810731888
0.045144326984882355
0.04514914005994797
0.04511287435889244
0.04505534470081329
0.044975195080041885
0.04498139023780823
0.04503903537988663
0.04503464698791504
0.04504292830824852
0.045042604207992554
0.04501569643616676
0.044999122619628906
0.045119255781173706
0.045434921979904175
0.04600347578525543
0.04697020724415779
0.046722739934921265
0.04574742168188095
0.04523181915283203
0.04605832323431969
0.04632087051868439
0.04565522074699402
0.045696333050727844
0.046273306012153625
0.04623952880501747
0.046455517411231995
0.04632343351840973
0.04654882475733757
0.04640300199389458
0.04590399190783501
0.045556508004665375
0.04575761407613754
0.045841507613658905
0.04581066220998764
0.04579848051071167
0.04557420313358307
0.04555847495794296
0.04560384154319763
0.04570547863841057
0.04581930488348007
0.04619824141263962
0.0460982583463192
0.045818910002708435
0.04556127265095711
0.04555123299360275
0.04575880244374275
0.045789413154125214
0.045683495700359344
0.04530687630176544
0.04532218724489212
0.045467983931303024
0.04550674557685852
0.04559453949332237
0.04550802335143089
0.04545910656452179
0.045673470944166183
0.045906707644462585
0.04585540294647217
0.04547091946005821
0.04529857635498047
0.04519644379615784
0.04534326121211052
0.04550154507160187
0.04531462490558624
0.045294489711523056
0.045410655438899994
0.04555351287126541
0.04590664058923721
0.04590990021824837
0.04564842954277992
0.04513339698314667
0.04520050808787346
0.045436132699251175
0.04532560333609581
0.04517443850636482
0.04502715915441513
0.045077722519636154
0.04520082101225853
0.04506514593958855
0.04495565965771675
0.044998325407505035
0.04512971267104149
0.045512523502111435
0.04628918692469597
0.04760095477104187
0.04751986265182495
0.04629627242684364
0.04586617648601532
0.04668194800615311
0.04745565354824066
0.04620391130447388
0.04578905552625656
0.04636048898100853
0.04622558504343033
0.045791782438755035
0.04577720910310745
0.04586916044354439
0.04594973474740982
0.04580368846654892
0.04566174000501633
0.04560308903455734
0.04597700759768486
0.04608143866062164
0.045827917754650116
0.04551161825656891
0.045621149241924286
0.04561084136366844
0.04574459418654442
0.045664697885513306
0.04539696127176285
0.045132797211408615
0.0452321320772171
0.0453500971198082
0.04524882510304451
0.04522019252181053
0.045120708644390106
0.04498262703418732
0.0449504591524601
0.04498092830181122
0.04500066116452217
0.0449972078204155
0.04500534012913704
0.04496994987130165
0.04498414322733879
0.045081548392772675
0.04536126181483269
0.045922186225652695
0.04648292064666748
0.04633085057139397
0.04529787600040436
0.045181822031736374
0.04565354064106941
0.045961521565914154
0.04611695930361748
0.04625430703163147
0.04579413682222366
0.045930150896310806
0.046082064509391785
0.04608222842216492
0.045545339584350586
0.04564852640032768
0.045533157885074615
0.04551863297820091
0.045818429440259933
0.045759640634059906
0.04574449360370636
0.04553282633423805
0.045348238199949265
0.04511210322380066
0.04522041231393814
0.04539379104971886
0.04552228003740311
0.046112168580293655
0.046802785247564316
0.04722622036933899
0.046807996928691864
0.046274445950984955
0.04710174351930618
0.047458499670028687
0.04772397503256798
0.045798417180776596
0.046037010848522186
0.04703334718942642
0.04609687253832817
0.045890387147665024
0.04609496146440506
0.045859768986701965
0.0460369773209095
0.04609242081642151
0.04584063962101936
0.04641314223408699
0.0467890202999115
0.04676759988069534
0.04605909436941147
0.045991744846105576
0.04552023857831955
0.045765236020088196
0.04612042382359505
0.04594233259558678
0.046193115413188934
0.04598740488290787
0.04573660343885422
0.046084195375442505
0.046684134751558304
0.047266021370887756
0.046552661806344986
0.04631393775343895
0.04547354578971863
0.0456363782286644
0.0460338220000267
0.04586357995867729
0.046184878796339035
0.04588184878230095
0.045889146625995636
0.0455414243042469
0.04570601135492325
0.0462200865149498
0.04770459979772568
0.05165167152881622
0.05152752250432968
0.04920582473278046
0.04739868640899658
0.05041530728340149
0.05198274552822113
0.047931008040905
0.05173548310995102
0.053533703088760376
0.05469118803739548
0.05245223641395569
0.05828492343425751
0.05269675701856613
0.061151981353759766
0.05511040240526199
0.06853719055652618
0.06762245297431946
0.08420439064502716
0.07994569838047028
0.11086511611938477
0.11157143115997314
0.15930606424808502
0.18298107385635376
0.233046293258667
0.2514909505844116
0.2601267695426941
0.2613504230976105
0.26579782366752625
0.2478708028793335
0.2440958172082901
0.22184079885482788
0.2182907611131668
0.2012295126914978
0.21781127154827118
0.26447594165802
0.23996701836585999
0.24303704500198364
0.24699947237968445
0.24812570214271545
0.2336970567703247
0.21893545985221863
0.20614755153656006
0.19048678874969482
0.1763443648815155
0.16711975634098053
0.1552502065896988
0.15456116199493408
0.13967151939868927
0.13365615904331207
0.1263459175825119
0.11641381680965424
0.11685450375080109
0.10473047196865082
0.1033639907836914
0.0961267426609993
0.09453850239515305
0.09690865874290466
0.10579775273799896
0.09986213594675064
0.08597413450479507
0.08766882866621017
0.08540820330381393
0.08717730641365051
0.07965130358934402
0.07635363936424255
0.0755779892206192
0.07346519082784653
0.07223841547966003
0.069162517786026
0.06788027286529541
0.06702999770641327
0.06781484186649323
0.07257232069969177
0.07546350359916687
0.07372719049453735
0.07278444617986679
0.06952332705259323
0.07281355559825897
0.06468258053064346
0.06720820814371109
0.06851145625114441
0.06297315657138824
0.06490401178598404
0.06378014385700226
0.061156533658504486
0.06162046268582344
0.060584910213947296
0.05893675982952118
0.05884023383259773
0.058156728744506836
0.05763687193393707
0.05724744498729706
0.0578233078122139
0.05762266367673874
0.05823695287108421
0.057483233511447906
0.055927496403455734
0.054586224257946014
0.05472500994801521
0.054939400404691696
0.054082028567790985
0.0535668209195137
0.05324495583772659
0.0531095527112484
0.0529576800763607
0.05253662168979645
0.05221289023756981
0.05201128497719765
0.05184277519583702
0.05155322700738907
0.05133002623915672
0.05104935169219971
0.05088844895362854
0.05086367577314377
0.0507374033331871
0.050771187990903854
0.05092381685972214
0.051209256052970886
0.05177750810980797
0.05132151395082474
0.05041380226612091
0.04988628253340721
0.05043578892946243
0.0504683218896389
0.049678001552820206
0.0496336966753006
0.04991423338651657
0.049543168395757675
0.04921828582882881
0.04930911213159561
0.049287229776382446
0.04900844022631645
0.04884527623653412
0.04891512542963028
0.048860348761081696
0.04863739386200905
0.04853829741477966
0.048518385738134384
0.04847942292690277
0.04839819669723511
0.048257015645504
0.048180099576711655
0.0481768436729908
0.04813714697957039
0.04807399958372116
0.04799741134047508
0.047950275242328644
0.047961216419935226
0.048105303198099136
0.0484146885573864
0.048653412610292435
0.048816978931427
0.048236746340990067
0.047788988798856735
0.048020824790000916
0.04813142865896225
0.047846000641584396
0.04759989306330681
0.047759510576725006
0.04785788804292679
0.04758862406015396
0.04743025451898575
0.047528259456157684
0.04754186421632767
0.04738563671708107
0.04726247861981392
0.04730193316936493
0.047331564128398895
0.047238465398550034
0.0471377819776535
0.04710277542471886
0.04711214825510979
0.0471155121922493
0.04704931378364563
0.046974699944257736
0.046932920813560486
0.04694516956806183
0.04699432849884033
0.04708471894264221
0.04728918522596359
0.047519054263830185
0.04778479039669037
0.047588713467121124
0.04714081436395645
0.047086529433727264
0.04732206463813782
0.04739772900938988
0.047034844756126404
0.04684862494468689
0.0470459908246994
0.047078780829906464
0.046872276812791824
0.04671335965394974
0.04679198935627937
0.04687255993485451
0.046768538653850555
0.04662159085273743
0.04657621681690216
0.04662466421723366
0.04665685445070267
0.04659133777022362
0.04649198800325394
0.046430621296167374
0.04641978442668915
0.04643815755844116
0.046457186341285706
0.04646212235093117
0.04642251506447792
0.04636329412460327
0.046303246170282364
0.04626409709453583
0.04626397788524628
0.04629064351320267
0.04632315784692764
0.04631076008081436
0.04627491533756256
0.046195052564144135
0.0461464561522007
0.046170853078365326
0.046268682926893234
0.046424735337495804
0.04664336144924164
0.046923063695430756
0.04736299812793732
0.047429755330085754
0.04737277328968048
0.04677484184503555
0.04700547456741333
0.047376006841659546
0.04684752598404884
0.046364426612854004
0.046663545072078705
0.046824272722005844
0.046496808528900146
0.04630083963274956
0.0464826300740242
0.0465373657643795
0.04629836231470108
0.046189770102500916
0.04628886282444
0.046295471489429474
0.04616181179881096
0.04604214429855347
0.04606672376394272
0.04612292721867561
0.04607723653316498
0.04598584026098251
0.04592016339302063
0.04589707404375076
0.045906078070402145
0.04592307657003403
0.04591493308544159
0.045865628868341446
0.04582008719444275
0.0457938015460968
0.045776207000017166
0.04579830914735794
0.045831773430109024
0.04585575312376022
0.04580935463309288
0.04574456810951233
0.04567883163690567
0.04568026214838028
0.04574698209762573
0.045878149569034576
0.046123117208480835
0.046355951577425
0.04673227667808533
0.0467059426009655
0.04647275060415268
0.04630750045180321
0.0463787280023098
0.04652489721775055
0.046129290014505386
0.04599488899111748
0.04624461755156517
0.04612381011247635
0.04592034965753555
0.04588749259710312
0.045951493084430695
0.04596482962369919
0.04579669609665871
0.04569938778877258
0.0457693412899971
0.04578278586268425
0.04567123204469681
0.045575544238090515
0.04559987783432007
0.045610371977090836
0.045564185827970505
0.04553042724728584
0.045478422194719315
0.04544840008020401
0.04546192288398743
0.04545833170413971
0.04543914273381233
0.045417480170726776
0.04544110596179962
0.04555872827768326
0.04590844362974167
0.04677201434969902
0.047457024455070496
0.047700121998786926
0.04599154368042946
0.04593297466635704
0.046820659190416336
0.04598698392510414
0.045821256935596466
0.04631057381629944
0.04585815221071243
0.04572991281747818
0.04598502069711685
0.04575579613447189
0.04564191773533821
0.045715562999248505
0.045634590089321136
0.045584313571453094
0.04554658755660057
0.04546692967414856
0.04549645259976387
0.0454963743686676
0.045396775007247925
0.045355938374996185
0.04541328549385071
0.04540405049920082
0.04542185366153717
0.04547823220491409
0.04544940963387489
0.045337140560150146
0.04529638588428497
0.04526198282837868
0.04524065926671028
0.045276448130607605
0.045368678867816925
0.045419953763484955
0.045450225472450256
0.045393817126750946
0.04526869207620621
0.04513075575232506
0.04513813927769661
0.04522598162293434
0.04524647817015648
0.04520942270755768
0.045150235295295715
0.04507886990904808
0.04505053162574768
0.045080576092004776
0.04513612017035484
0.04517480731010437
0.04521384835243225
0.045192521065473557
0.0451379120349884
0.04504653438925743
0.04503488540649414
0.04513399675488472
0.045311715453863144
0.04554334655404091
0.04564209282398224
0.045502111315727234
0.04519135504961014
0.04513780027627945
0.04542458802461624
0.0455324724316597
0.045409947633743286
0.04513859003782272
0.045177750289440155
0.045341022312641144
0.04534260556101799
0.04521503299474716
0.04506772756576538
0.04505696892738342
0.04518359154462814
0.04519909992814064
0.04506782814860344
0.04496534541249275
0.04499350115656853
0.045021332800388336
0.04504206031560898
0.04507380723953247
0.04503955692052841
0.0449373796582222
0.04490583762526512
0.04494578018784523
0.045003168284893036
0.04505803808569908
0.04517954960465431
0.04519055038690567
0.045052506029605865
0.044894542545080185
0.04491952061653137
0.044989537447690964
0.04501991719007492
0.045078422874212265
0.044995736330747604
0.04490625113248825
0.04496888816356659
0.04518391937017441
0.045476943254470825
0.04563559219241142
0.04572387784719467
0.04537450522184372
0.04511317238211632
0.0454002246260643
0.04556762054562569
0.04540175199508667
0.04502713307738304
0.04507239907979965
0.04521643742918968
0.045164771378040314
0.0450725220143795
0.04495102912187576
0.04495663195848465
0.045033048838377
0.04498433694243431
0.04491820186376572
0.04487457126379013
0.044856589287519455
0.04489176720380783
0.0450107678771019
0.04522917419672012
0.045588988810777664
0.046156227588653564
0.04607415571808815
0.04552939534187317
0.04530417546629906
0.04559847712516785
0.0460941419005394
0.04591348022222519
0.04550820589065552
0.04516696557402611
0.04543218016624451
0.04562247917056084
0.04526761174201965
0.04512253403663635
0.04522789269685745
0.04517664760351181
0.045203644782304764
0.04514656960964203
0.04496948421001434
0.04491180181503296
0.04498421773314476
0.0449770987033844
0.04499372839927673
0.045114196836948395
0.04520626738667488
0.04522685706615448
0.04529128968715668
0.045273974537849426
0.045236919075250626
0.045320793986320496
0.04566007852554321
0.04560444504022598
0.045553598552942276
0.04537205398082733
0.04520288482308388
0.04544360563158989
0.045428093522787094
0.04519462585449219
0.04496777802705765
0.045103512704372406
0.04525236785411835
0.04515025019645691
0.04506548121571541
0.044923197478055954
0.04502727463841438
0.04527245834469795
0.04533664137125015
0.04546784237027168
0.04550853744149208
0.04534803330898285
0.04532819241285324
0.04529201239347458
0.04532571882009506
0.04513724148273468
0.04524005204439163
0.0453144870698452
0.04516521096229553
0.045196324586868286
0.04507804661989212
0.04488981142640114
0.04489055648446083
0.04504801705479622
0.04508057236671448
0.04508330672979355
0.04523389786481857
0.0452621690928936
0.045104458928108215
0.04512739181518555
0.045126717537641525
0.045064251869916916
0.04502524062991142
0.045124832540750504
0.04502728208899498
0.0450860820710659
0.0452551394701004
0.0451328419148922
0.04504940286278725
0.04495662823319435
0.04483063146471977
0.044859275221824646
0.04506397992372513
0.04510357230901718
0.04504960775375366
0.045002929866313934
0.04474826902151108
0.0446522980928421
0.044812534004449844
0.044815871864557266
0.04479937255382538
0.044818997383117676
0.04471621289849281
0.044554729014635086
0.044565796852111816
0.04459889233112335
0.044574055820703506
0.04461999237537384
0.04464929178357124
0.04463138058781624
0.044612884521484375
0.04467540606856346
0.04479055851697922
0.04500290006399155
0.045321885496377945
0.045420143753290176
0.04509849473834038
0.04472259804606438
0.044873666018247604
0.045103251934051514
0.04550962150096893
0.045839983969926834
0.04585188254714012
0.045510392636060715
0.04562181606888771
0.04541335254907608
0.04573393613100052
0.045970618724823
0.04557264968752861
0.04503622651100159
0.045131221413612366
0.04522575065493584
0.045145224779844284
0.04549426957964897
0.045453667640686035
0.04532645642757416
0.045166656374931335
0.045118220150470734
0.04486840218305588
0.0448746383190155
0.044973134994506836
0.04505712538957596
0.045406147837638855
0.04632837325334549
0.0471351221203804
0.04795639216899872
0.04624804109334946
0.045411065220832825
0.045930586755275726
0.04629446193575859
0.04587629437446594
0.04565932974219322
0.04648928344249725
0.04710441082715988
0.0458606481552124
0.04611797630786896
0.04689568653702736
0.04681910574436188
0.04627655819058418
0.045924387872219086
0.04591463506221771
0.046434186398983
0.04587256535887718
0.04548145830631256
0.045682523399591446
0.04602406173944473
0.046119485050439835
0.04657266288995743
0.04684991389513016
0.04713074862957001
0.04653710499405861
0.04682909697294235
0.046017251908779144
0.04611606523394585
0.04632669687271118
0.046291254460811615
0.04725559055805206
0.046810332685709
0.04714112728834152
0.04603857547044754
0.04631537199020386
0.045959360897541046
0.046049971133470535
0.046444475650787354
