# lbfgs, lr=0.8, alpha = 1000000, beta = 0.1
# best_iter: 66, best_loss = 0.033907171338796616, imsave period = 10
3.864464282989502
0.2981452941894531
0.15329325199127197
0.10193680971860886
0.0764746442437172
0.06713482737541199
0.05991779640316963
0.05501078441739082
0.05195426940917969
0.04957279562950134
0.04797198995947838
0.04640340805053711
0.045059237629175186
0.04404647275805473
0.04311468079686165
0.042214564979076385
0.04152105003595352
0.04076967388391495
0.04018567502498627
0.039607588201761246
0.03913767635822296
0.038703978061676025
0.03831911459565163
0.037897828966379166
0.037545789033174515
0.03723134100437164
0.03692874312400818
0.036630451679229736
0.03638513386249542
0.03612667694687843
0.035952527076005936
0.03573468700051308
0.03557658568024635
0.035395149141550064
0.03524110093712807
0.03509857505559921
0.034976113587617874
0.03486409783363342
0.03476530313491821
0.03465885668992996
0.034592945128679276
0.03450554981827736
0.03452414274215698
0.03436422720551491
0.0343300998210907
0.03427569195628166
0.03422406315803528
0.03421400859951973
0.03416242450475693
0.03413001447916031
0.03464961796998978
0.034065131098032
0.0340346060693264
0.034135602414608
0.034009188413619995
0.034010324627161026
0.03401804342865944
0.03397104889154434
0.03394597768783569
0.03404417634010315
0.03391990438103676
0.033970560878515244
0.03400047495961189
0.03404909744858742
0.03417707607150078
0.03399480879306793
0.033907171338796616
0.03468739241361618
0.03402047976851463
0.03393679857254028
0.034603822976350784
0.03397231921553612
0.041601911187171936
0.03582201153039932
0.0348777174949646
0.034504618495702744
0.03425131365656853
0.03408990800380707
0.0339827835559845
0.03396037966012955
0.03503717854619026
0.03517923131585121
0.03438178822398186
0.03414355590939522
0.03405480831861496
0.03491596877574921
0.034305110573768616
0.03479534387588501
0.03418809920549393
0.0392688512802124
0.06242477893829346
0.04376427084207535
0.03976871445775032
0.037951476871967316
0.036865994334220886
0.036163151264190674
0.03567362576723099
0.03532896190881729
0.0350533202290535
0.03483719378709793
