# adam, lr=0.01, alpha = 1000000, beta = 0.1
# best_iter: 2990, best_loss = 0.046932999044656754, imsave period = 300
6.944305896759033
4.340590953826904
3.2978954315185547
2.7386717796325684
2.349071502685547
2.0847489833831787
1.8991285562515259
1.7410051822662354
1.59912109375
1.478805661201477
1.3773150444030762
1.290976643562317
1.219198226928711
1.1583012342453003
1.103428840637207
1.0540920495986938
1.011016845703125
0.9722514152526855
0.9361511468887329
0.9026923775672913
0.8713299632072449
0.8415614366531372
0.8140496611595154
0.7889217138290405
0.7653378248214722
0.7431470155715942
0.722481369972229
0.7028504014015198
0.6840023994445801
0.6661257743835449
0.6490839123725891
0.6326908469200134
0.6170542240142822
0.60210120677948
0.587668776512146
0.5738067626953125
0.5604914426803589
0.5476314425468445
0.5352393388748169
0.5232441425323486
0.511579155921936
0.5003041625022888
0.4893888533115387
0.4787772297859192
0.4685056209564209
0.4585403800010681
0.4488424062728882
0.43943366408348083
0.43029066920280457
0.42139366269111633
0.41275525093078613
0.40435466170310974
0.396180123090744
0.38823121786117554
0.3804943561553955
0.37296992540359497
0.36564821004867554
0.35851407051086426
0.35157108306884766
0.3448103368282318
0.3382226824760437
0.33180901408195496
0.32555830478668213
0.31946662068367004
0.3135320842266083
0.30774644017219543
0.3021067976951599
0.29661035537719727
0.29125264286994934
0.2860308289527893
0.28093963861465454
0.2759765386581421
0.271136611700058
0.2664155662059784
0.2618124186992645
0.25732219219207764
0.2529425024986267
0.24867111444473267
0.24450360238552094
0.24043864011764526
0.2364729940891266
0.23260387778282166
0.22882908582687378
0.22514551877975464
0.22155128419399261
0.2180439531803131
0.21462148427963257
0.21128159761428833
0.208021879196167
0.20484071969985962
0.2017359584569931
0.19870531558990479
0.1957472562789917
0.19285964965820312
0.19004112482070923
0.18728938698768616
0.1846025586128235
0.18197929859161377
0.17941784858703613
0.17691655457019806
0.17447391152381897
0.17208878695964813
0.16975972056388855
0.16748493909835815
0.1652633547782898
0.1630936563014984
0.16097450256347656
0.1589045226573944
0.15688225626945496
0.15490663051605225
0.15297651290893555
0.1510908603668213
0.14924860000610352
0.14744845032691956
0.14568953216075897
0.14397075772285461
0.14229103922843933
0.14064925909042358
0.13904443383216858
0.13747566938400269
0.13594220578670502
0.13444295525550842
0.13297733664512634
0.1315445899963379
0.13014370203018188
0.12877407670021057
0.12743476033210754
0.12612506747245789
0.12484439462423325
0.12359201908111572
0.12236706912517548
0.12116894125938416
0.11999695003032684
0.11885054409503937
0.11772903800010681
0.11663161218166351
0.11555788666009903
0.11450714617967606
0.11347892880439758
0.11247280240058899
0.11148810386657715
0.11052422225475311
0.10958057641983032
0.1086568534374237
0.10775262117385864
0.10686737298965454
0.10600054264068604
0.10515180230140686
0.10432077944278717
0.10350692272186279
0.10270985960960388
0.1019291803240776
0.1011645495891571
0.10041555762290955
0.09968197345733643
0.09896333515644073
0.09825922548770905
0.09756936877965927
0.09689325094223022
0.09623093903064728
0.09558206051588058
0.09494610130786896
0.09432290494441986
0.0937119573354721
0.09311303496360779
0.09252583980560303
0.09195017069578171
0.09138579666614532
0.09083234518766403
0.09028960764408112
0.08975747227668762
0.08923567086458206
0.08872389793395996
0.08822187781333923
0.08772946149110794
0.08724638819694519
0.0867726281285286
0.08630789071321487
0.08585207164287567
0.08540479838848114
0.08496600389480591
0.08453535288572311
0.08411265909671783
0.08369781076908112
0.08329062163829803
0.08289089798927307
0.08249849826097488
0.08211332559585571
0.08173501491546631
0.08136364817619324
0.08099907636642456
0.08064112812280655
0.08028963953256607
0.0799444243311882
0.07960537075996399
0.07927224785089493
0.07894501835107803
0.07862363755702972
0.07830793410539627
0.07799773663282394
0.0776929184794426
0.0773933082818985
0.07709890604019165
0.07680947333574295
0.07652507722377777
0.07624541223049164
0.07597052305936813
0.0757003128528595
0.07543458789587021
0.07517329603433609
0.07491640746593475
0.07466375827789307
0.07441528141498566
0.07417089492082596
0.07393044233322144
0.07369387149810791
0.07346120476722717
0.07323230057954788
0.07300707697868347
0.07278553396463394
0.07256752997636795
0.07235300540924072
0.07214190810918808
0.07193412631750107
0.0717296451330185
0.07152831554412842
0.07133002579212189
0.07113473862409592
0.0709424614906311
0.07075313478708267
0.07056674361228943
0.07038310170173645
0.07020223140716553
0.07002396136522293
0.06984838098287582
0.06967540830373764
0.0695049837231636
0.06933704763650894
0.06917151808738708
0.06900829821825027
0.0688474103808403
0.06868880987167358
0.06853248178958893
0.06837840378284454
0.06822650879621506
0.06807669252157211
0.06792900711297989
0.06778335571289062
0.06763964891433716
0.06749795377254486
0.06735824793577194
0.06722035259008408
0.06708421558141708
0.06694993376731873
0.06681742519140244
0.06668668985366821
0.06655769050121307
0.06643030792474747
0.06630455702543259
0.06618048995733261
0.06605800986289978
0.0659371018409729
0.06581778079271317
0.06569993495941162
0.06558357179164886
0.0654686987400055
0.06535523384809494
0.0652432069182396
0.06513253599405289
0.06502321362495422
0.06491520255804062
0.06480854749679565
0.0647030845284462
0.06459886580705643
0.06449589878320694
0.06439413130283356
0.06429356336593628
0.0641941949725151
0.0640958845615387
0.06399864703416824
0.06390247493982315
0.06380736082792282
0.06371334195137024
0.06362040340900421
0.06352847814559937
0.0634375661611557
0.0633476972579956
0.06325880438089371
0.0631708949804306
0.06308396905660629
0.0629979819059372
0.06291292607784271
0.06282877177000046
0.06274551153182983
0.06266309320926666
0.06258155405521393
0.06250087916851044
0.062421031296253204
0.062342047691345215
0.06226387992501259
0.062186501920223236
0.06210990995168686
0.06203411519527435
0.06195904314517975
0.06188468635082245
0.06181111931800842
0.06173830106854439
0.061666183173656464
0.06159476935863495
0.061524126678705215
0.0614541620016098
0.061384834349155426
0.06131616607308388
0.061248213052749634
0.06118091940879822
0.061114221811294556
0.06104814261198044
0.06098269298672676
0.06091785803437233
0.06085359677672386
0.06078990176320076
0.06072681024670601
0.06066437438130379
0.060602497309446335
0.06054118275642395
0.060480423271656036
0.060420237481594086
0.060360558331012726
0.060301393270492554
0.06024273484945297
0.06018456071615219
0.06012687832117081
0.060069695115089417
0.060013025999069214
0.05995677784085274
0.05990104004740715
0.05984575301408768
0.0597909539937973
0.059736549854278564
0.05968260020017624
0.05962912365794182
0.05957609787583351
0.059523459523916245
0.05947123467922211
0.0594194233417511
0.05936799943447113
0.05931703746318817
0.05926644057035446
0.059216227382421494
0.059166427701711655
0.059117045253515244
0.05906801298260689
0.05901937559247017
0.058971092104911804
0.05892314016819
0.05887553095817566
0.05882829427719116
0.058781400322914124
0.058734871447086334
0.058688707649707794
0.05864286795258522
0.05859743803739548
0.05855231359601021
0.058507535606622696
0.05846310034394264
0.05841900780797005
0.05837520956993103
0.05833171308040619
0.0582885667681694
0.0582457035779953
0.05820316821336746
0.05816098302602768
0.05811908096075058
0.05807747691869736
0.058036185801029205
0.05799514800310135
0.05795442685484886
0.05791396275162697
0.05787379667162895
0.057833921164274216
0.057794325053691864
0.0577549934387207
0.057715948671102524
0.057677123695611954
0.057638563215732574
0.057600237429142
0.057562217116355896
0.05752449110150337
0.057486966252326965
0.05744969844818115
0.057412683963775635
0.057375892996788025
0.05733931064605713
0.057302966713905334
0.05726681649684906
0.05723094567656517
0.05719529837369919
0.0571599155664444
0.057124752551317215
0.05708981305360794
0.05705513805150986
0.05702067166566849
0.05698641017079353
0.05695245414972305
0.056918665766716
0.05688503384590149
0.056851670145988464
0.056818488985300064
0.05678551644086838
0.056752759963274
0.056720197200775146
0.056687839329242706
0.056655675172805786
0.05662369355559349
0.056591931730508804
0.05656038224697113
0.05652900040149689
0.056497834622859955
0.05646684393286705
0.056436046957969666
0.05640547722578049
0.05637504905462265
0.056344758719205856
0.05631466209888458
0.05628478527069092
0.05625500902533531
0.05622543394565582
0.05619604513049126
0.056166790425777435
0.056137654930353165
0.05610866844654083
0.05607986077666283
0.056051190942525864
0.05602267384529114
0.05599432438611984
0.05596616864204407
0.05593818426132202
0.05591032654047012
0.05588262155652046
0.05585508048534393
0.05582772195339203
0.05580047890543938
0.055773377418518066
0.055746473371982574
0.05571969226002693
0.055693089962005615
0.05566662549972534
0.05564025044441223
0.055614057928323746
0.055587973445653915
0.05556205287575722
0.05553629249334335
0.05551062524318695
0.055485136806964874
0.055459748953580856
0.05543451011180878
0.05540939047932625
0.05538439005613327
0.055359505116939545
0.05533481389284134
0.055310189723968506
0.05528567358851433
0.05526138097047806
0.05523719638586044
0.05521306023001671
0.05518907681107521
0.05516524985432625
0.05514156445860863
0.05511804670095444
0.055094603449106216
0.05507126450538635
0.05504807457327843
0.05502500385046005
0.05500202625989914
0.05497920885682106
0.054956503212451935
0.054933857172727585
0.05491136759519577
0.05488898977637291
0.05486666411161423
0.0548444502055645
0.0548224151134491
0.05480043962597847
0.05477854609489441
0.05475681647658348
0.05473519116640091
0.05471368134021759
0.05469227582216263
0.05467097833752632
0.05464976653456688
0.054628655314445496
0.05460766330361366
0.054586783051490784
0.054566025733947754
0.054545365273952484
0.054524850100278854
0.054504431784152985
0.05448409169912338
0.05446387454867363
0.054443731904029846
0.05442366749048233
0.054403677582740784
0.054383814334869385
0.05436403676867485
0.054344333708286285
0.05432472005486488
0.05430519953370094
0.05428575724363327
0.05426640063524246
0.054247111082077026
0.05422796681523323
0.05420888587832451
0.054189905524253845
0.05417102202773094
0.05415220558643341
0.05413345247507095
0.05411480739712715
0.05409625172615051
0.05407778546214104
0.05405943840742111
0.054041098803281784
0.054022859781980515
0.054004717618227005
0.053986646234989166
0.05396868288516998
0.05395079404115677
0.05393296852707863
0.05391521751880646
0.053897541016340256
0.05387995019555092
0.05386243015527725
0.05384496599435806
0.053827617317438126
0.05381033942103386
0.05379312485456467
0.05377601832151413
0.05375893414020538
0.05374190956354141
0.053724970668554306
0.05370812118053436
0.05369127169251442
0.053674571216106415
0.05365791544318199
0.05364130809903145
0.053624749183654785
0.053608253598213196
0.05359184369444847
0.05357552692294121
0.053559236228466034
0.053543027490377426
0.0535268597304821
0.053510721772909164
0.05349469184875488
0.05347874015569687
0.05346284806728363
0.05344700068235397
0.053431279957294464
0.053415603935718536
0.05339999496936798
0.053384408354759216
0.05336891487240791
0.05335354059934616
0.053338177502155304
0.053322918713092804
0.05330774933099747
0.053292617201805115
0.053277671337127686
0.053262777626514435
0.05324815586209297
0.05323364585638046
0.05321956425905228
0.05320561304688454
0.05319224298000336
0.05317902937531471
0.05316654220223427
0.053153716027736664
0.05314109846949577
0.05312749743461609
0.05311352759599686
0.05309813842177391
0.05308262258768082
0.05306617170572281
0.053050290793180466
0.05303439870476723
0.053019385784864426
0.053004443645477295
0.05299004912376404
0.05297578126192093
0.05296209454536438
0.052948564291000366
0.052935849875211716
0.05292374640703201
0.052913300693035126
0.05290427431464195
0.052897900342941284
0.05289266258478165
0.05288829654455185
0.05288087949156761
0.05286937952041626
0.05285082757472992
0.05282839015126228
0.0528036504983902
0.05278182029724121
0.05276355892419815
0.052749183028936386
0.05273759737610817
0.05272836238145828
0.05272296071052551
0.052722424268722534
0.05272948741912842
0.052742522209882736
0.05275750905275345
0.052762001752853394
0.052747830748558044
0.05270887911319733
0.05265960097312927
0.05261571332812309
0.05259222164750099
0.05258742347359657
0.05259403586387634
0.05260883644223213
0.05262653902173042
0.0526442751288414
0.052649423480033875
0.05263521522283554
0.052593525499105453
0.05253952741622925
0.052489571273326874
0.05246163159608841
0.05245522782206535
0.05246295407414436
0.0524805448949337
0.05250273644924164
0.052527621388435364
0.052542977035045624
0.05254095420241356
0.05250711739063263
0.052450794726610184
0.05238623172044754
0.05234134942293167
0.05232442542910576
0.052329935133457184
0.052349358797073364
0.05237438902258873
0.05240413546562195
0.05242766812443733
0.05243861675262451
0.052417099475860596
0.05236710235476494
0.05229562893509865
0.05223483219742775
0.05220138281583786
0.05219798907637596
0.052214719355106354
0.05224188417196274
0.05227857083082199
0.05231652408838272
0.052349258214235306
0.052353017032146454
0.052320949733257294
0.05224461853504181
0.052159473299980164
0.05209612473845482
0.052076343446969986
0.052091408520936966
0.05212390795350075
0.05216505378484726
0.05220402777194977
0.0522352010011673
0.05223674327135086
0.05220562592148781
0.05213404446840286
0.05205290764570236
0.05198744311928749
0.051959604024887085
0.051964789628982544
0.051989857107400894
0.052029214799404144
0.052076976746320724
0.052132897078990936
0.052175723016262054
0.05219316482543945
0.05215183645486832
0.052065666764974594
0.05195401981472969
0.05187321454286575
0.05184668302536011
0.05186739191412926
0.05191455036401749
0.05196940898895264
0.052027396857738495
0.05206586420536041
0.05207730084657669
0.05203375220298767
0.05195147916674614
0.05184684321284294
0.051769085228443146
0.051738440990448
0.051751136779785156
0.051791273057460785
0.05184447020292282
0.05191151052713394
0.05197802558541298
0.05203501880168915
0.052038099616765976
0.051983028650283813
0.05185910314321518
0.051731839776039124
0.05165015161037445
0.0516410656273365
0.05168427526950836
0.05174785107374191
0.051818057894706726
0.05187244713306427
0.05190409719944
0.051878951489925385
0.05180787667632103
0.051695093512535095
0.05159562826156616
0.051540762186050415
0.05153997242450714
0.051576193422079086
0.05163044109940529
0.051701080054044724
0.0517764575779438
0.05185208469629288
0.05188395828008652
0.051864638924598694
0.051758360117673874
0.051618389785289764
0.05149201303720474
0.05144050344824791
0.051463089883327484
0.05152583122253418
0.05160190537571907
0.05166688561439514
0.05171552300453186
0.051714085042476654
0.05166657641530037
0.05156363546848297
0.051453351974487305
0.051369402557611465
0.051341064274311066
0.051360100507736206
0.051407311111688614
0.051476556807756424
0.05156134068965912
0.05166720598936081
0.051759593188762665
0.05182110145688057
0.05177267640829086
0.051640164107084274
0.051444388926029205
0.051299698650836945
0.0512622706592083
0.05132037773728371
0.05142036825418472
0.05150836333632469
0.05156620591878891
0.05155741423368454
0.051495589315891266
0.0513761043548584
0.05126019939780235
0.05118527263402939
0.051170554012060165
0.051200296729803085
0.05125604569911957
0.05133865028619766
0.051443058997392654
0.051574598997831345
0.05168852582573891
0.051762327551841736
0.05169495940208435
0.05152038112282753
0.051278553903102875
0.05112316086888313
0.05111308768391609
0.05120880529284477
0.051335256546735764
0.051424577832221985
0.05145500600337982
0.051387328654527664
0.051263682544231415
0.05112135782837868
0.05103367567062378
0.05101786181330681
0.05105678364634514
0.05113089084625244
0.051224641501903534
0.051346004009246826
0.05146581307053566
0.05157552659511566
0.051583483815193176
0.051494255661964417
0.051279179751873016
0.05106721445918083
0.05095145106315613
0.05097329989075661
0.05107969790697098
0.05119462311267853
0.051283396780490875
0.051303476095199585
0.05126350745558739
0.05114397779107094
0.05100732296705246
0.05089861899614334
0.05086107552051544
0.05088210478425026
0.05093708261847496
0.051021791994571686
0.05113314837217331
0.05128239095211029
0.05142747983336449
0.051557231694459915
0.05155129358172417
0.05142415314912796
0.05115130916237831
0.050905823707580566
0.050803206861019135
0.0508677177131176
0.05101456120610237
0.05114315450191498
0.05121445283293724
0.051180459558963776
0.05107296630740166
0.050909265875816345
0.05077911913394928
0.05072293430566788
0.05074431747198105
0.0508139431476593
0.050904855132102966
0.051024455577135086
0.05116042494773865
0.05131565406918526
0.05139724910259247
0.05138798803091049
0.051202192902565
0.050957467406988144
0.05074840039014816
0.05067875236272812
0.050739653408527374
0.05087057501077652
0.05101209133863449
0.05109201744198799
0.051097430288791656
0.05099634826183319
0.050856925547122955
0.05070950463414192
0.05061503127217293
0.05058947205543518
0.05062810331583023
0.0507143996655941
0.05082536116242409
0.05096915736794472
0.05112280696630478
0.05129627138376236
0.051374729722738266
0.05134200304746628
0.05109712481498718
0.05079764500260353
0.050580944865942
0.050557442009449005
0.05066823959350586
0.05080687254667282
0.05093112960457802
0.05099865421652794
0.05100374296307564
0.05088088661432266
0.050696611404418945
0.050533488392829895
0.0504801869392395
0.05050584301352501
0.05055182799696922
0.050614725798368454
0.05071862041950226
0.050883952528238297
0.051058329641819
0.051218338310718536
0.05126987397670746
0.05126268044114113
0.051090702414512634
0.050825752317905426
0.05053441971540451
0.05041617527604103
0.05051685869693756
0.050700269639492035
0.050832051783800125
0.05086065083742142
0.050853997468948364
0.05079134926199913
0.050671275705099106
0.05048249661922455
0.050353433936834335
0.05034922808408737
0.05041496455669403
0.05046941339969635
0.05051541328430176
0.05065662041306496
0.050932712852954865
0.051341019570827484
0.05170271918177605
0.0520072802901268
0.05199257284402847
0.05179306119680405
0.051205750554800034
0.05061487480998039
0.050412148237228394
0.05074426531791687
0.05118938907980919
0.05125442519783974
0.05102302134037018
0.050739776343107224
0.05059356614947319
0.05048006400465965
0.05041047930717468
0.050528671592473984
0.05074169114232063
0.05083596706390381
0.05072689428925514
0.05062249302864075
0.0505867637693882
0.050524696707725525
0.050340358167886734
0.05020488053560257
0.05022260919213295
0.05028335750102997
0.05027702823281288
0.05025685206055641
0.050350841134786606
0.05055243521928787
0.05082196369767189
0.05113353580236435
0.05160890519618988
0.05204325169324875
0.05230395495891571
0.05179500952363014
0.050943803042173386
0.05030564218759537
0.05037713795900345
0.05079137906432152
0.05103146284818649
0.0510733500123024
0.05095895007252693
0.050728075206279755
0.050377074629068375
0.05019418150186539
0.050375353544950485
0.05063791945576668
0.05066891759634018
0.050499726086854935
0.050420086830854416
0.050399843603372574
0.05028284713625908
0.05009115859866142
0.050050582736730576
0.0501476526260376
0.05018724501132965
0.05015998333692551
0.05021017789840698
0.05043204128742218
0.05072450637817383
0.05106326937675476
0.051386553794145584
0.05178038030862808
0.05181356519460678
0.0514211542904377
0.05057204142212868
0.050076160579919815
0.05022776871919632
0.050619982182979584
0.050823990255594254
0.050773706287145615
0.050690554082393646
0.05050891637802124
0.05020878463983536
0.050013210624456406
0.05012873560190201
0.05037572234869003
0.05043404921889305
0.050334058701992035
0.050270289182662964
0.05029825121164322
0.050205886363983154
0.05001124367117882
0.04989488050341606
0.04993361607193947
0.04996804520487785
0.04990854859352112
0.049867480993270874
0.04993145540356636
0.050057295709848404
0.050187673419713974
0.05041634291410446
0.05084646865725517
0.051561132073402405
0.05217745155096054
0.052505746483802795
0.05188573896884918
0.050974518060684204
0.050223346799612045
0.05016389861702919
0.050590261816978455
0.05100823566317558
0.051140207797288895
0.050765469670295715
0.05020701140165329
0.049939949065446854
0.05016576871275902
0.05053209885954857
0.050582826137542725
0.05034499987959862
0.050052039325237274
0.04995100572705269
0.049953900277614594
0.049962516874074936
0.05001351609826088
0.05013163387775421
0.0502438098192215
0.050198886543512344
0.050060201436281204
0.04993337765336037
0.049905478954315186
0.04987400397658348
0.04977748915553093
0.049681197851896286
0.04967256635427475
0.04972243309020996
0.049747295677661896
0.04974302276968956
0.04978043958544731
0.049932532012462616
0.05018701031804085
0.05054968222975731
0.05094362422823906
0.05140342190861702
0.0515570305287838
0.05139021947979927
0.05061955377459526
0.04989100247621536
0.04973364621400833
0.050136763602495193
0.05058266222476959
0.05063989758491516
0.050407178699970245
0.050104010850191116
0.0499567836523056
0.04987554997205734
0.04985404759645462
0.049959447234869
0.050130609422922134
0.05020052567124367
0.05002338066697121
0.04979315772652626
0.04969485476613045
0.04972323775291443
0.04970566928386688
0.04960490018129349
0.049557723104953766
0.04962610453367233
0.04972834512591362
0.049790896475315094
0.049886882305145264
0.050124939531087875
0.05058915168046951
0.05108464136719704
0.05149918049573898
0.05137759819626808
0.05097826570272446
0.05032232031226158
0.04988212510943413
0.04979262128472328
0.0500100813806057
0.05037716031074524
0.050576820969581604
0.05044781416654587
0.04996895417571068
0.049594976007938385
0.049604594707489014
0.04984140396118164
0.050010647624731064
0.050007164478302
0.049980100244283676
0.04996189475059509
0.0499102957546711
0.0497102290391922
0.049501240253448486
0.04944409430027008
0.049537114799022675
0.049619823694229126
0.04960468411445618
0.04961344599723816
0.04976882040500641
0.05010705068707466
0.05048775672912598
0.05086419731378555
0.051065295934677124
0.051262907683849335
0.05111173540353775
0.050675779581069946
0.04991120845079422
0.04950837790966034
0.049762338399887085
0.050266414880752563
0.05048435926437378
0.05026198551058769
0.050037682056427
0.04995488002896309
0.04984979331493378
0.04961595684289932
0.049472156912088394
0.049635931849479675
0.049870386719703674
0.04990396648645401
0.04979125037789345
0.04982113465666771
0.04996786639094353
0.050022855401039124
0.04982137307524681
0.04962444305419922
0.04958457499742508
0.049616843461990356
0.04952636733651161
0.049351222813129425
0.049283482134342194
0.04934856295585632
0.04938754439353943
0.049338437616825104
0.049299538135528564
0.049373503774404526
0.04956309124827385
0.04982748255133629
0.05028346925973892
0.05101333558559418
0.05220389738678932
0.05308875814080238
0.05341244488954544
0.051959261298179626
0.05033727362751961
0.049739524722099304
0.0503741018474102
0.05107996612787247
0.05112851411104202
0.05095052346587181
0.05081455782055855
0.05066666752099991
0.05005925893783569
0.04969022423028946
0.050071459263563156
0.050507426261901855
0.05034070461988449
0.04984278604388237
0.049832601100206375
0.0500001385807991
0.04975869506597519
0.0494050569832325
0.049440957605838776
0.049607254564762115
0.04950856789946556
0.049324627965688705
0.04938875138759613
0.04956873878836632
0.04961347207427025
0.04970758035778999
0.05010901018977165
0.05091942474246025
0.051723308861255646
0.052408069372177124
0.052223313599824905
0.05166637524962425
0.050541866570711136
0.049746137112379074
0.04972556233406067
0.05046170949935913
0.051163047552108765
0.05088696628808975
0.0500301793217659
0.0494690015912056
0.0496707409620285
0.05002668872475624
0.050015028566122055
0.049920715391635895
0.04990093410015106
0.049793705344200134
0.049474842846393585
0.0492422953248024
0.04937885329127312
0.04960515722632408
0.049595173448324203
0.04945521429181099
0.04949065297842026
0.04962002858519554
0.049611181020736694
0.04940750077366829
0.04929821193218231
0.049334753304719925
0.04934000223875046
0.04920676723122597
0.049078963696956635
0.04908061772584915
0.049127887934446335
0.04908813536167145
0.04900558292865753
0.048981718719005585
0.04901740327477455
0.04903614521026611
0.049007598310709
0.0489981472492218
0.04907737299799919
0.04930435121059418
0.04972841590642929
0.05050687864422798
0.051598891615867615
0.05306852236390114
0.05358109623193741
0.05309220403432846
0.050889208912849426
0.04940421134233475
0.04974230006337166
0.051106348633766174
0.0519418902695179
0.05130196362733841
0.05028694123029709
0.04987876117229462
0.050127267837524414
0.050314586609601974
0.05014422535896301
0.05013351887464523
0.05016405135393143
0.049838703125715256
0.04938066005706787
0.049367137253284454
0.04976016283035278
0.0498940534889698
0.04963957890868187
0.04946018010377884
0.04959297925233841
0.04959035664796829
0.04932135343551636
0.04908924549818039
0.04915215075016022
0.049239322543144226
0.04911848157644272
0.04896894097328186
0.04898671433329582
0.04907054454088211
0.04905232414603233
0.04896940290927887
0.04898330196738243
0.049143288284540176
0.04936685785651207
0.04970306530594826
0.050231289118528366
0.05113046616315842
0.05186215043067932
0.0521274171769619
0.051011472940444946
0.04968903958797455
0.04919366538524628
0.04970267415046692
0.050259243696928024
0.050274983048439026
0.05009409412741661
0.04995465651154518
0.049815017729997635
0.049399856477975845
0.04918716475367546
0.0494852252304554
0.0497831366956234
0.04963432997465134
0.04922528192400932
0.04915601387619972
0.04929742217063904
0.049201078712940216
0.04894477128982544
0.04889136180281639
0.049030616879463196
0.0490567646920681
0.04892905801534653
0.0488952212035656
0.04905259236693382
0.0492326095700264
0.04940167814493179
0.04966628924012184
0.050229866057634354
0.050797514617443085
0.0511123463511467
0.05057511851191521
0.049768202006816864
0.04921947792172432
0.04923597723245621
0.04940973222255707
0.04952353984117508
0.04969003424048424
0.04981201887130737
0.04968010634183884
0.04918445274233818
0.048849038779735565
0.048964567482471466
0.049212876707315445
0.04925210028886795
0.04914746806025505
0.04923142492771149
0.049431852996349335
0.049474749714136124
0.049253154546022415
0.049050308763980865
0.04903621971607208
0.049074165523052216
0.04893023148179054
0.04873831942677498
0.04870210215449333
0.04879727214574814
0.048836350440979004
0.048768237233161926
0.0487506166100502
0.048880986869335175
0.0491354763507843
0.04944410175085068
0.04988861829042435
0.05044178664684296
0.05117689445614815
0.05140621215105057
0.051026783883571625
0.049779944121837616
0.04891320317983627
0.04899757355451584
0.049611251801252365
0.05001957714557648
0.04992644116282463
0.04979278892278671
0.04977181553840637
0.04965640604496002
0.04925641417503357
0.04886360093951225
0.04900413006544113
0.049397215247154236
0.049463577568531036
0.04920211061835289
0.04913035035133362
0.049330294132232666
0.04942293092608452
0.0491512306034565
0.04892251268029213
0.04898042604327202
0.04910688102245331
0.049000900238752365
0.048784784972667694
0.04874151200056076
0.04885680228471756
0.04886210709810257
0.04874289408326149
0.048669807612895966
0.048766281455755234
0.04891497269272804
0.04902167245745659
0.04913375526666641
0.04944122955203056
0.04991850629448891
0.050469107925891876
0.05056723952293396
0.05028821527957916
0.04961057007312775
0.04915642365813255
0.04900333657860756
0.0490095317363739
0.04909702390432358
0.049277521669864655
0.04955393821001053
0.04962574318051338
0.04935193061828613
0.048872798681259155
0.04865369573235512
0.04876212030649185
0.04889705404639244
0.048877932131290436
0.04884692654013634
0.04900927096605301
0.0492638424038887
0.0494408942759037
0.049381501972675323
0.04932352155447006
0.04934641346335411
0.04944141209125519
0.04930587112903595
0.048929911106824875
0.048593971878290176
0.048588406294584274
0.04875646531581879
0.04881707578897476
0.04875324293971062
0.048772141337394714
0.04900220409035683
0.04927846044301987
0.04948153346776962
0.049519360065460205
0.04965555667877197
0.04981737211346626
0.04992351308465004
0.04958280548453331
0.048995550721883774
0.0485929399728775
0.04866570234298706
0.04890289157629013
0.04897935315966606
0.04894144833087921
0.0490276999771595
0.049324024468660355
0.049521736800670624
0.049469172954559326
0.04915213957428932
0.049006443470716476
0.04906182363629341
0.04907342046499252
0.048835061490535736
0.04853600636124611
0.04848528653383255
0.04862640053033829
0.048667728900909424
0.0485648550093174
0.048511162400245667
0.0486595593392849
0.04897724464535713
0.04937320947647095
0.05003843456506729
0.051068104803562164
0.05276738107204437
0.0538019984960556
0.053964655846357346
0.05165012180805206
0.049603451043367386
0.049258019775152206
0.050327032804489136
0.0512147918343544
0.0512213408946991
0.051231544464826584
0.05180739238858223
0.05262558534741402
0.051432523876428604
0.049618106335401535
0.049192190170288086
0.05017745494842529
0.050324946641922
0.04940807819366455
0.049570415169000626
0.050614163279533386
0.05101849138736725
0.05124635994434357
0.05284438282251358
0.05424090847373009
0.054306406527757645
0.05186423659324646
0.050448864698410034
0.05015977472066879
0.05006485432386398
0.0504986047744751
0.05154457688331604
0.052180394530296326
0.051053550094366074
0.049567196518182755
0.049406182020902634
0.05000846087932587
0.04995189234614372
0.049728408455848694
0.05018104240298271
0.05039669945836067
0.04987609386444092
0.04916142672300339
0.04923461377620697
0.049393244087696075
0.049002066254615784
0.04872637242078781
0.04895424842834473
0.04912929609417915
0.048983488231897354
0.04899958521127701
0.04938926175236702
0.0498444065451622
0.050021007657051086
0.05028202012181282
0.05040153115987778
0.05018364638090134
0.04929104819893837
0.04860683158040047
0.048705071210861206
0.04915110021829605
0.04930388554930687
0.049163080751895905
0.04911242797970772
0.04903039336204529
0.048771679401397705
0.04847666621208191
0.04852437973022461
0.04877392575144768
0.04882007837295532
0.048707641661167145
0.04867710545659065
0.048808079212903976
0.048825740814208984
0.048647016286849976
0.048459094017744064
0.04845006391406059
0.04847057908773422
0.04838517680764198
0.048258066177368164
0.04824625700712204
0.048312053084373474
0.04832177981734276
0.04827871918678284
0.048278458416461945
0.04840143024921417
0.04861992225050926
0.04893629997968674
0.04934469237923622
0.04993732273578644
0.05040833353996277
0.05061662942171097
0.04993407055735588
0.04895927011966705
0.04834231361746788
0.04857304319739342
0.04916571080684662
0.04943161457777023
0.049320969730615616
0.04904639348387718
0.04892052337527275
0.048808470368385315
0.04856974631547928
0.048455581068992615
0.04863793030381203
0.048899147659540176
0.04886513948440552
0.04859798029065132
0.04843379557132721
0.04850413650274277
0.048510272055864334
0.04834601283073425
0.04818245768547058
0.04821225628256798
0.0483119897544384
0.048289455473423004
0.04819623380899429
0.04818367958068848
0.04831878840923309
0.048529334366321564
0.04882439225912094
0.04930032044649124
0.0501822829246521
0.05116833373904228
0.05204301327466965
0.05144849419593811
0.050091199576854706
0.04871392995119095
0.04863472655415535
0.04939963296055794
0.04990522563457489
0.049928102642297745
0.04971000552177429
0.04975255951285362
0.049699053168296814
0.049093097448349
0.04854317009449005
0.04873359948396683
0.04929082840681076
0.049326203763484955
0.04891348257660866
0.04880023002624512
0.04910774528980255
0.04907454177737236
0.04868375509977341
0.04845031350851059
0.04863254725933075
0.04872773215174675
0.04849834367632866
0.048305217176675797
0.04841506481170654
0.048548322170972824
0.048498786985874176
0.04839508980512619
0.04854167252779007
0.04886556416749954
0.04918184503912926
0.049353066831827164
0.04957933723926544
0.04973285272717476
0.04974626749753952
0.04919437691569328
0.048508357256650925
0.048185210675001144
0.04840853810310364
0.048739224672317505
0.04880281910300255
0.048785969614982605
0.048898838460445404
0.04911068081855774
0.04905671626329422
0.04863525927066803
0.048238158226013184
0.04825194180011749
0.048412125557661057
0.0483626052737236
0.04817238077521324
0.048178549855947495
0.04839956387877464
0.04856262728571892
0.0486651211977005
0.04890165850520134
0.04954460635781288
0.05030268430709839
0.0509069561958313
0.05057573318481445
0.049854084849357605
0.049076713621616364
0.048841532319784164
0.048798948526382446
0.048856884241104126
0.049135830253362656
0.04955431818962097
0.049752622842788696
0.04923900216817856
0.04854540154337883
0.04827530309557915
0.0485021211206913
0.04870215058326721
0.04860234633088112
0.04857547953724861
0.048867546021938324
0.049310650676488876
0.0494772307574749
0.049317147582769394
0.04909554123878479
0.04918370023369789
0.04914700984954834
0.04878443852066994
0.048244576901197433
0.048149097710847855
0.048416584730148315
0.04852665588259697
0.048422958701848984
0.04842042922973633
0.04876988008618355
0.049212630838155746
0.04949972778558731
0.04953262209892273
0.049679696559906006
0.049755532294511795
0.04963533952832222
0.048908986151218414
0.04824579134583473
0.04817508906126022
0.04855953902006149
0.04883797466754913
0.04879739508032799
0.048853836953639984
0.0491907075047493
0.04956134781241417
0.049444425851106644
0.04889131337404251
0.048459287732839584
0.04854443669319153
0.04861525818705559
0.04836980253458023
0.04807865992188454
0.04817129671573639
0.04844352975487709
0.04849274456501007
0.04847551882266998
0.04875202476978302
0.04951449856162071
0.05036431550979614
0.05112089216709137
0.05119394510984421
0.051133960485458374
0.05038625746965408
0.049510471522808075
0.048609428107738495
0.048615243285894394
0.049545563757419586
0.05042128637433052
0.05061110854148865
0.04989229887723923
0.04935791343450546
0.04918617010116577
0.04900142922997475
0.048690315335989
0.048618532717227936
0.049112968146800995
0.049583550542593
0.049527257680892944
0.049079492688179016
0.048975568264722824
0.049122635275125504
0.04904106259346008
0.04847545176744461
0.048147108405828476
0.048311103135347366
0.0484745055437088
0.04832581803202629
0.04810686409473419
0.04820391535758972
0.04849044606089592
0.048723168671131134
0.04900260269641876
0.04978020116686821
0.050988055765628815
0.052419815212488174
0.05241861566901207
0.051495347172021866
0.04964796081185341
0.04885391891002655
0.049157340079545975
0.04968860372900963
0.05013228952884674
0.05042778700590134
0.05076209828257561
0.05039127171039581
0.04926597326993942
0.048418059945106506
0.04876565933227539
0.04962744936347008
0.049819111824035645
0.04948875680565834
0.049365244805812836
0.04969943314790726
0.04949110746383667
0.04879099130630493
0.04826493188738823
0.04848068207502365
0.048748962581157684
0.048484355211257935
0.04817219451069832
0.04829399287700653
0.04861408844590187
0.04874641075730324
0.048927802592515945
0.04964465647935867
0.05112411826848984
0.0523466095328331
0.053067803382873535
0.051807381212711334
0.050322987139225006
0.04916161298751831
0.04905115067958832
0.04974526911973953
0.050601527094841
0.05120822787284851
0.05059628561139107
0.04930049926042557
0.04843905195593834
0.04886379837989807
0.049795180559158325
0.050049878656864166
0.04961797595024109
0.04897739738225937
0.04883517324924469
0.048831645399332047
0.04870016500353813
0.048564501106739044
0.04873910918831825
0.04914127290248871
0.04919642582535744
0.04890235513448715
0.04852290451526642
0.04853532463312149
0.04866345226764679
0.048505280166864395
0.0481482669711113
0.04799766466021538
0.048122942447662354
0.048201389610767365
0.048054683953523636
0.04791109636425972
0.047963984310626984
0.04809320345520973
0.04816044121980667
0.04819484055042267
0.04846663773059845
0.049076251685619354
0.050017017871141434
0.05072430521249771
0.051016684621572495
0.0502193346619606
0.04938039928674698
0.04877346754074097
0.04869533330202103
0.04885607212781906
0.049223966896533966
0.049671340733766556
0.04954390972852707
0.04887088015675545
0.04813199117779732
0.04814615845680237
0.04865651577711105
0.048878636211156845
0.04872506111860275
0.04851935803890228
0.04861341044306755
0.04869338124990463
0.04841028153896332
0.04799029603600502
0.047891732305288315
0.04809810593724251
0.04819592460989952
0.04803775995969772
0.04791748896241188
0.04806947708129883
0.04831251874566078
0.04847615212202072
0.048582497984170914
0.048944272100925446
0.04944406822323799
0.049845267087221146
0.0495109036564827
0.048761796206235886
0.04814497008919716
0.04815148934721947
0.04836507514119148
0.048418786376714706
0.04839736223220825
0.0485280305147171
0.048751771450042725
0.04862299561500549
0.04820774495601654
0.04784803465008736
0.04789840057492256
0.048088595271110535
0.048050254583358765
0.04788878560066223
0.04788826033473015
0.04812827706336975
0.04837952181696892
0.048538193106651306
0.048692215234041214
0.04909933730959892
0.04951321333646774
0.04969489574432373
0.04911499843001366
0.048348505049943924
0.04792221263051033
0.048058900982141495
0.04832695424556732
0.04835635423660278
0.04833092540502548
0.048472221940755844
0.04874880239367485
0.04877611622214317
0.04839039593935013
0.04793128743767738
0.04787595570087433
0.04805580899119377
0.04806177318096161
0.04783262684941292
0.047725263983011246
0.04788266494870186
0.048059917986392975
0.04812907427549362
0.048224568367004395
0.048711758106946945
0.049613650888204575
0.05079900473356247
0.05134834349155426
0.05129389837384224
0.0501943863928318
0.04943740367889404
0.048989713191986084
0.04895269498229027
0.049090709537267685
0.04963177442550659
0.050479959696531296
0.05055571347475052
0.049737922847270966
0.04844953119754791
0.048170022666454315
0.048715315759181976
0.049010176211595535
0.04890936613082886
0.048880815505981445
0.04948469623923302
0.05016816407442093
0.05013774335384369
0.04928603023290634
0.04877838119864464
0.048986561596393585
0.04915103688836098
0.048500288277864456
0.0479573979973793
0.04817301779985428
0.04852408170700073
0.04841214418411255
0.04814271256327629
0.048433445394039154
0.049131400883197784
0.049833834171295166
0.05041952803730965
0.051458001136779785
0.05205722525715828
0.051984041929244995
0.0499616414308548
0.048320092260837555
0.04836028814315796
0.049414195120334625
0.05009099841117859
0.04995859041810036
0.050274744629859924
0.05118042975664139
0.051527343690395355
0.05027657002210617
0.048521701246500015
0.04855656996369362
0.049544092267751694
0.04928716644644737
0.04855729267001152
0.04901186004281044
0.05006568133831024
0.05070888623595238
0.05114692822098732
0.052994877099990845
0.05426473915576935
0.05372587591409683
0.05061042308807373
0.04921010881662369
0.04967186599969864
0.05032377690076828
0.050644002854824066
0.05161323770880699
0.053595732897520065
0.05371416360139847
0.05203840881586075
0.04951922222971916
0.04950884357094765
0.0504441037774086
0.04997280240058899
0.04950304329395294
0.0504009947180748
0.05192217975854874
0.052339039742946625
0.052048418670892715
0.05200738459825516
0.05236322432756424
0.05046758055686951
0.04872508719563484
0.04904676228761673
0.050024040043354034
0.05006885528564453
0.04986756667494774
0.05102941021323204
0.052209366112947464
0.05178196728229523
0.050335370004177094
0.050007060170173645
0.04987496882677078
0.049194931983947754
0.0485963448882103
0.04923632740974426
0.05006115511059761
0.04987203702330589
0.049897752702236176
0.050572872161865234
0.05081808567047119
0.04970112442970276
0.048788052052259445
0.048850592225790024
0.048881206661462784
0.04851013794541359
0.04856766387820244
0.049089789390563965
0.04920854791998863
0.04896680638194084
0.04881209135055542
0.04893924668431282
0.048751939088106155
0.04819940775632858
0.04795638099312782
0.04815739020705223
0.04814218729734421
0.04795825108885765
0.048014186322689056
0.04819634184241295
0.04827827587723732
0.0482141375541687
0.04822424054145813
0.048305440694093704
0.0483504943549633
0.04815173149108887
0.04785924032330513
0.047736234962940216
0.04776748642325401
0.047717832028865814
0.047651637345552444
0.047694504261016846
0.0477939210832119
0.04786714166402817
0.04786866530776024
0.047863688319921494
0.047865673899650574
0.04790801554918289
0.047867145389318466
0.0477139912545681
0.047558531165122986
0.04751323536038399
0.0475178025662899
0.047514740377664566
0.04749513417482376
0.047486528754234314
0.047527313232421875
0.0476188100874424
0.04773229360580444
0.0478208065032959
0.04793785139918327
0.04806757718324661
0.0482010617852211
0.04816623032093048
0.047969307750463486
0.04764421656727791
0.04744062200188637
0.04746574908494949
0.04760768264532089
0.04769688844680786
0.047700174152851105
0.0477154515683651
0.047767091542482376
0.047812364995479584
0.047731634229421616
0.047564733773469925
0.047411009669303894
0.047399330884218216
0.04746770113706589
0.04747858643531799
0.04740944504737854
0.04734182357788086
0.04735709726810455
0.04742823913693428
0.047510191798210144
0.04761622101068497
0.04785601422190666
0.04835895821452141
0.0492657795548439
0.05022618919610977
0.050996121019124985
0.05042312666773796
0.049293652176856995
0.0481577031314373
0.04802218824625015
0.04861100763082504
0.0491049624979496
0.04923214018344879
0.04902530461549759
0.04896777123212814
0.048876527696847916
0.04845385625958443
0.04798346757888794
0.047972921282052994
0.048477135598659515
0.04879266023635864
0.04859975352883339
0.048215970396995544
0.04821648448705673
0.04835909605026245
0.048239801079034805
0.04778147488832474
0.047580741345882416
0.04775312915444374
0.04786679893732071
0.047710683196783066
0.047494374215602875
0.04750523343682289
0.047631338238716125
0.0476369671523571
0.04754676669836044
0.04756111279129982
0.04782997444272041
0.0484343022108078
0.04938530921936035
0.05098241940140724
0.052584532648324966
0.05416405573487282
0.05293572321534157
0.050545576959848404
0.04824667423963547
0.048417020589113235
0.05032574012875557
0.05213868245482445
0.05305320397019386
0.05226362869143486
0.05179746448993683
0.05139107257127762
0.05138183385133743
0.05016424506902695
0.04994187504053116
0.051952581852674484
0.05346793681383133
0.05325641855597496
0.05138475447893143
0.05154353007674217
0.0519084669649601
0.05015680938959122
0.0485990047454834
0.04939301684498787
0.0504264235496521
0.05004661902785301
0.04999469220638275
0.05172598361968994
0.05415944382548332
0.05441179499030113
0.054720308631658554
0.0540250763297081
0.05259517580270767
0.04969531670212746
0.04894992709159851
0.05116470158100128
0.05304102599620819
0.05346464738249779
0.05351964384317398
0.05466894060373306
0.05299887806177139
0.05028940364718437
0.04901621490716934
0.05051432549953461
0.05174215883016586
0.05111343041062355
0.05210500210523605
0.05515582859516144
0.05714729055762291
0.05482587218284607
0.05292205139994621
0.05254937335848808
0.05179430544376373
0.04976515471935272
0.05099724233150482
0.05393478646874428
0.054230011999607086
0.05517039820551872
0.056702449917793274
0.05603151395916939
0.05144951120018959
0.04978099465370178
0.051537033170461655
0.05237974226474762
0.05212533846497536
0.053677476942539215
0.056489720940589905
0.054897986352443695
0.05280093103647232
0.05258339270949364
0.05197778344154358
0.049772415310144424
0.04992825165390968
0.051645055413246155
0.05148116871714592
0.05141729861497879
0.05269929766654968
0.05326845496892929
0.051686450839042664
0.05094773322343826
0.050476089119911194
0.049788154661655426
0.04921562597155571
0.04943381994962692
0.050128236413002014
0.04997260868549347
0.049697354435920715
0.050069328397512436
0.04992949217557907
0.04886429384350777
0.048753201961517334
0.0488458126783371
0.04844459146261215
0.04837959259748459
0.04854990541934967
0.04861762374639511
0.04859163612127304
0.04847315698862076
0.04842230677604675
0.04846442863345146
0.04813660308718681
0.04788273945450783
0.047921743243932724
0.047868020832538605
0.04773738607764244
0.04774847254157066
0.04778227582573891
0.04779346287250519
0.04781121760606766
0.04775746911764145
0.04775257408618927
0.04778015613555908
0.04771164059638977
0.04757498577237129
0.04752475023269653
0.04748329147696495
0.047430217266082764
0.04740017652511597
0.0473690927028656
0.047357913106679916
0.04738877713680267
0.04741040989756584
0.04740876331925392
0.04744672402739525
0.04750624671578407
0.047569066286087036
0.04760462045669556
0.04760090261697769
0.04751403629779816
0.04741501808166504
0.04732529819011688
0.04725822061300278
0.047229159623384476
0.04724806919693947
0.04729486629366875
0.047345202416181564
0.04739296808838844
0.04740326851606369
0.047379761934280396
0.04732995107769966
0.0472823828458786
0.0472271703183651
0.04718150943517685
0.047151945531368256
0.047144804149866104
0.04716268181800842
0.04720006138086319
0.04725125804543495
0.04731135442852974
0.047400813549757004
0.04750625789165497
0.047612693160772324
0.047631390392780304
0.047544341534376144
0.04735047370195389
0.047187142074108124
0.04714430123567581
0.04720166698098183
0.04727295786142349
0.0473121739923954
0.047336649149656296
0.04735882952809334
0.0473845973610878
0.04735663905739784
0.047267526388168335
0.04714991897344589
0.04709603637456894
0.047116078436374664
0.047151532024145126
0.047155726701021194
0.047130219638347626
0.04713216796517372
0.047201573848724365
0.04735777527093887
0.0475764274597168
0.047852952033281326
0.04811505973339081
0.048382870852947235
0.048460885882377625
0.04834714159369469
0.047878608107566833
0.0474100224673748
0.04725313559174538
0.047514624893665314
0.04789033904671669
0.047994669526815414
0.0478263683617115
0.04755869880318642
0.04745427146553993
0.047451674938201904
0.04739217460155487
0.04731037840247154
0.04732416570186615
0.04747908189892769
0.047617003321647644
0.04761268571019173
0.047480449080467224
0.0474044531583786
0.047432221472263336
0.047471798956394196
0.04737086221575737
0.04720661789178848
0.04711180552840233
0.04714978113770485
0.04721090570092201
0.04718479514122009
0.04709954932332039
0.047044653445482254
0.04706280305981636
0.047101400792598724
0.04709550365805626
0.047051530331373215
0.047010038048028946
0.04700762778520584
0.04703403636813164
0.04706751927733421
0.04711342602968216
0.047237545251846313
0.04757707193493843
0.04838472604751587
0.049759507179260254
0.0516989603638649
0.05259481817483902
0.052420102059841156
0.05007399991154671
0.048347968608140945
0.04822933301329613
0.04934731870889664
0.05058415234088898
0.050786592066287994
0.05035766214132309
0.04958522319793701
0.04925582930445671
0.049149900674819946
0.048830386251211166
0.04896264523267746
0.04955845698714256
0.0498625785112381
0.049050334841012955
0.04803144931793213
0.04792264103889465
0.04838014394044876
0.04838956892490387
0.048071395605802536
0.04819459468126297
0.048685938119888306
0.048991452902555466
0.04871373251080513
0.04858245328068733
0.04876586049795151
0.04890597611665726
0.048393405973911285
0.047704413533210754
0.04756421223282814
0.04783998057246208
0.04786204174160957
0.047647152096033096
0.047663696110248566
0.04794122278690338
0.0481262169778347
0.047969575971364975
0.04781893268227577
0.0478622242808342
0.04800894111394882
0.047890804708004
0.0475444495677948
0.047318585216999054
0.04737577959895134
0.047435566782951355
0.047335706651210785
0.04720469191670418
0.04724247008562088
0.04739130288362503
0.04747448489069939
0.04753044620156288
0.04767180234193802
0.04806104302406311
0.04853527992963791
0.04888218641281128
0.048665501177310944
0.04816605895757675
0.0476764515042305
0.04755900800228119
0.04757513850927353
0.04759132117033005
0.0476631298661232
0.047834496945142746
0.04799124598503113
0.04783780872821808
0.04747267812490463
0.04717833176255226
0.04720976948738098
0.04737307131290436
0.04738957807421684
0.047310419380664825
0.04732058197259903
0.047537513077259064
0.04781032353639603
0.04799423739314079
0.04799175634980202
0.04798191413283348
0.04799734428524971
0.048022057861089706
0.04775717854499817
0.04735201597213745
0.04709700122475624
0.047211628407239914
0.047458868473768234
0.047529127448797226
0.047479357570409775
0.047499097883701324
0.04772888496518135
0.04796857014298439
0.047978147864341736
0.047691669315099716
0.04742177203297615
0.04740145802497864
0.047521110624074936
0.0474281944334507
0.047175128012895584
0.04703453183174133
0.04713195934891701
0.04724353179335594
0.04719146713614464
0.04709593951702118
0.04713325947523117
0.04736986383795738
0.04774598032236099
0.04829949140548706
0.0490286648273468
0.05011069029569626
0.050830960273742676
0.05107134208083153
0.04968121647834778
0.048099227249622345
0.047397881746292114
0.04806783050298691
0.049199428409338
0.049742452800273895
0.049787264317274094
0.049532998353242874
0.049691759049892426
0.049860939383506775
0.04905277118086815
0.04798070713877678
0.047960344702005386
0.04904445633292198
0.049521252512931824
0.049060508608818054
0.048973314464092255
0.05000695586204529
0.05038141831755638
0.049769435077905655
0.04877099394798279
0.048920366913080215
0.04915089160203934
0.048530444502830505
0.04775427654385567
0.047765083611011505
0.04816114529967308
0.04811862111091614
0.0477185882627964
0.04779219627380371
0.048404984176158905
0.04887053370475769
0.049481067806482315
0.05072909966111183
0.05290992930531502
0.05345049500465393
0.05214174836874008
0.04933728277683258
0.048516739159822464
0.049122486263513565
0.04989946261048317
0.0503745973110199
0.05088585615158081
0.05223748832941055
0.05259759724140167
0.051460232585668564
0.04874449595808983
0.048377592116594315
0.049678534269332886
0.049599211663007736
0.04884280264377594
0.04921700805425644
0.05083315074443817
0.052286311984062195
0.053671516478061676
0.054588109254837036
0.055575814098119736
0.05352073535323143
0.050978101789951324
0.048678237944841385
0.0495242141187191
0.05202772468328476
0.05280812084674835
0.05392240732908249
0.05640145018696785
0.05854684114456177
0.055466096848249435
0.05119118094444275
0.05002414807677269
0.05154332518577576
0.0533909872174263
0.05433840677142143
0.05701010674238205
0.06383409351110458
0.07315649837255478
0.06520524621009827
0.06101159751415253
0.06023335084319115
0.06121782958507538
0.05811156705021858
0.05396260693669319
0.05555662512779236
0.06064537912607193
0.07418584823608398
0.1009899228811264
0.16153210401535034
0.12061416357755661
0.1406080424785614
0.09296606481075287
0.1282593458890915
0.1378859281539917
0.21990899741649628
0.16032849252223969
0.1869124472141266
0.1279078722000122
0.15135478973388672
0.1392178237438202
0.14178946614265442
0.10647578537464142
0.1183134987950325
0.13070735335350037
0.1344858705997467
0.1266854703426361
0.17362290620803833
0.13442310690879822
0.10794055461883545
0.10088086128234863
0.10413847863674164
0.104654960334301
0.10081743448972702
0.09909956902265549
0.08568321168422699
0.08449872583150864
0.08797841519117355
0.08303827047348022
0.08321796357631683
0.0821574479341507
0.07750959694385529
0.07487575709819794
0.07495038956403732
0.07203799486160278
0.07093462347984314
0.07127904891967773
0.06928849220275879
0.06842714548110962
0.06806804239749908
0.0663377046585083
0.06504055857658386
0.06454498320817947
0.06294059753417969
0.062056899070739746
0.061706800013780594
0.060707639902830124
0.06016876921057701
0.05985458195209503
0.05907920002937317
0.05849655717611313
0.058139413595199585
0.05742231756448746
0.05692233145236969
0.05661243200302124
0.0561164990067482
0.05576144531369209
0.055524688214063644
0.055141717195510864
0.054791159927845
0.05455611273646355
0.05422167852520943
0.05392726510763168
0.053736139088869095
0.053492847830057144
0.053256578743457794
0.053082067519426346
0.0528738833963871
0.052655406296253204
0.052498623728752136
0.052330125123262405
0.052154067903757095
0.05202027037739754
0.051880836486816406
0.05172748491168022
0.051599983125925064
0.051479924470186234
0.05134986713528633
0.05123944580554962
0.05113895609974861
0.0510285459458828
0.05092855542898178
0.05083772540092468
0.05074238404631615
0.050652459263801575
0.05057300999760628
0.05049164965748787
0.050411660224199295
0.05033933371305466
0.05026724189519882
0.050195466727018356
0.05012969672679901
0.05006655678153038
0.05000320449471474
0.049943357706069946
0.04988668113946915
0.049829818308353424
0.04977511614561081
0.049723733216524124
0.04967312142252922
0.04962373897433281
0.04957691580057144
0.049531348049640656
0.049486346542835236
0.0494433268904686
0.049401745200157166
0.04936089366674423
0.04932142794132233
0.04928339272737503
0.04924612492322922
0.04920966178178787
0.04917459189891815
0.04914039373397827
0.04910697042942047
0.049074556678533554
0.04904307797551155
0.04901229962706566
0.048982225358486176
0.04895307868719101
0.04892456904053688
0.04889668524265289
0.048869479447603226
0.04884294793009758
0.04881693050265312
0.0487915575504303
0.048766784369945526
0.04874248430132866
0.048718731850385666
0.04869551956653595
0.048672787845134735
0.04865051060914993
0.048628732562065125
0.04860742390155792
0.048586633056402206
0.04856625571846962
0.048546332865953445
0.0485268235206604
0.04850766062736511
0.04848885536193848
0.04847043752670288
0.048452384769916534
0.04843465983867645
0.048417285084724426
0.04840020835399628
0.04838347062468529
0.04836701974272728
0.04835086688399315
0.04833498224616051
0.048319365829229355
0.048303984105587006
0.04828893393278122
0.048274096101522446
0.04825951159000397
0.048245180398225784
0.04823105037212372
0.04821718856692314
0.048203472048044205
0.04818997532129288
0.04817667603492737
0.04816361144185066
0.04815070703625679
0.048137981444597244
0.04812551289796829
0.04811321943998337
0.04810110107064247
0.04808908700942993
0.0480773039162159
0.04806569218635559
0.04805427044630051
0.04804298281669617
0.048031896352767944
0.04802098497748375
0.048010241240262985
0.047999635338783264
0.047989245504140854
0.04797901213169098
0.04796905070543289
0.047959234565496445
0.04794975742697716
0.0479404479265213
0.04793170839548111
0.04792312532663345
0.04791518300771713
0.047907378524541855
0.04790007695555687
0.04789244011044502
0.0478849783539772
0.04787657409906387
0.047867871820926666
0.047858066856861115
0.04784825071692467
0.047837961465120316
0.04782819375395775
0.04781847447156906
0.047809481620788574
0.04780065640807152
0.047792304307222366
0.04778411611914635
0.0477762408554554
0.0477684885263443
0.04776124283671379
0.047754183411598206
0.04774787276983261
0.0477420873939991
0.04773775115609169
0.04773426428437233
0.04773220792412758
0.04772993177175522
0.04772729426622391
0.0477217473089695
0.04771353304386139
0.04770183563232422
0.047689393162727356
0.047676894813776016
0.0476665273308754
0.04765795171260834
0.0476510189473629
0.0476452000439167
0.047640360891819
0.047637179493904114
0.04763568565249443
0.04763730987906456
0.04764082655310631
0.04764582961797714
0.047647882252931595
0.047644421458244324
0.04763157293200493
0.04761355742812157
0.047594036906957626
0.04757947102189064
0.047570791095495224
0.047567203640937805
0.04756753519177437
0.04757068678736687
0.04757768660783768
0.047586020082235336
0.047593943774700165
0.04759436473250389
0.04758487269282341
0.0475638210773468
0.04754006862640381
0.04752014949917793
0.047509487718343735
0.04750664159655571
0.04750901460647583
0.047515999525785446
0.04752577841281891
0.047538548707962036
0.047547951340675354
0.04755014181137085
0.04753734916448593
0.04751358553767204
0.04748491197824478
0.0474637933075428
0.04745406657457352
0.04745444655418396
0.04746171087026596
0.04747256264090538
0.04748659208416939
0.04749823361635208
0.04750460013747215
0.04749688133597374
0.04747660830616951
0.04744753614068031
0.04742266982793808
0.047407932579517365
0.04740455746650696
0.04740925878286362
0.047419093549251556
0.04743429273366928
0.04745111241936684
0.04746762663125992
0.04747277870774269
0.04746316745877266
0.04743471369147301
0.04740075767040253
0.04737314581871033
0.04736147075891495
0.04736349359154701
0.04737407714128494
0.04739104211330414
0.04741010442376137
0.04742918908596039
0.04743820056319237
0.04743324592709541
0.047408025711774826
0.04737347364425659
0.04734079912304878
0.04732315242290497
0.047321029007434845
0.047329530119895935
0.04734547436237335
0.04736560955643654
0.047389786690473557
0.04740846902132034
0.04741596803069115
0.04740011692047119
0.04736649990081787
0.04732469096779823
0.04729459062218666
0.0472835935652256
0.04728926718235016
0.04730577394366264
0.047327738255262375
0.047354381531476974
0.047378286719322205
0.047394152730703354
0.04738723114132881
0.04735898599028587
0.04731375724077225
0.04727383330464363
0.04725198820233345
0.047251343727111816
0.047265492379665375
0.047287922352552414
0.0473179817199707
0.047349561005830765
0.04737766832113266
0.04738500341773033
0.047366801649332047
0.04732025787234306
0.047268301248550415
0.04723035544157028
0.047219809144735336
0.047231417149305344
0.04725535959005356
0.04728709161281586
0.047318629920482635
0.04734645038843155
0.04735492542386055
0.04734016954898834
0.04729719087481499
0.04724617302417755
0.0472051240503788
0.04718977212905884
0.047197189182043076
0.047218307852745056
0.047249291092157364
0.047285012900829315
0.04732397943735123
0.04735082760453224
0.04735691845417023
0.04732540249824524
0.047269582748413086
0.04720763489603996
0.04717045649886131
0.047165535390377045
0.047184742987155914
0.04721859097480774
0.047257982194423676
0.047300491482019424
0.04733093082904816
0.04734149947762489
0.047313835471868515
0.047259118407964706
0.04719337075948715
0.04714972898364067
0.04713907837867737
0.04715554788708687
0.04718831181526184
0.04722808673977852
0.04727404937148094
0.047313395887613297
0.04733811318874359
0.04732495918869972
0.04727788642048836
0.047205131500959396
0.04714434593915939
0.047116704285144806
0.047124575823545456
0.04715525358915329
0.04719670116901398
0.04724673554301262
0.047294873744249344
0.047333598136901855
0.047336697578430176
0.04730135202407837
0.04722649231553078
0.04715075343847275
0.047102633863687515
0.047097012400627136
0.04712308570742607
0.047165267169475555
0.04721745103597641
0.047268860042095184
0.04731418192386627
0.047328438609838486
0.04730690270662308
0.04723956808447838
0.04715900868177414
0.04709484055638313
0.04707316309213638
0.04708926007151604
0.04712752252817154
0.04717954993247986
0.04723672196269035
0.047296393662691116
0.04733332619071007
0.04733768105506897
0.04728308692574501
0.047195661813020706
0.04710615426301956
0.047059714794158936
0.04706304520368576
0.047099534422159195
0.04715336859226227
0.04721240699291229
0.04727404564619064
0.04731721431016922
0.04733189567923546
0.047290150076150894
0.04721067100763321
0.04711541160941124
0.047052592039108276
0.047037407755851746
0.04706066474318504
0.047106724232435226
0.04716408997774124
0.047233324497938156
0.04730025678873062
0.04735514149069786
0.04735622927546501
0.047302499413490295
0.04719524085521698
0.04709414020180702
0.047035809606313705
0.047033295035362244
0.047069039195775986
0.04712529107928276
0.04719698056578636
0.0472717210650444
0.047340668737888336
0.04736597463488579
0.04734489321708679
0.047258809208869934
0.04715236648917198
0.04705881327390671
0.04701647907495499
0.04702659696340561
0.04707261547446251
0.0471436083316803
0.04722514748573303
0.04731161892414093
0.04736772179603577
0.047385722398757935
0.04732952639460564
0.04723102226853371
0.047111667692661285
0.04702814295887947
0.04700227454304695
0.04703277349472046
0.04710214212536812
0.04718799144029617
0.047281838953495026
0.047356244176626205
0.04740384966135025
0.04737984761595726
0.04730179160833359
0.04716968536376953
0.047048963606357574
0.04698603227734566
0.04699959233403206
0.047067102044820786
0.04715335741639137
0.04724248871207237
0.04731212928891182
0.047359004616737366
0.04734782874584198
0.047287717461586
0.0471700094640255
0.04705074056982994
0.046973180025815964
0.04696741700172424
0.04701768234372139
0.0470929779112339
0.047180887311697006
0.04727379232645035
0.047384925186634064
0.04747578874230385
0.047522347420454025
0.04743816703557968
0.04725564643740654
0.04705796390771866
0.04697776585817337
0.047019556164741516
0.047099821269512177
0.04715655744075775
0.04719322919845581
0.0472598522901535
0.04734932631254196
0.047415267676115036
0.04736487194895744
0.04723002761602402
0.04709111526608467
0.04705347120761871
0.04707774147391319
0.047066740691661835
0.04699720814824104
0.046932999044656754
0.046944402158260345
0.047003939747810364
0.04704836383461952
0.04707552120089531
0.04716363921761513
0.04739997908473015
0.04784102365374565
0.04838838800787926
0.04893619567155838
