# lbfgs, lr=0.8, alpha = 1000000, beta = 0.1
# best_iter: 99, best_loss = 0.03442690894007683, imsave period = 10
1.2411309480667114
0.39602792263031006
0.27692508697509766
0.1959899514913559
0.15118421614170074
0.12616972625255585
0.10163794457912445
0.078052818775177
0.06017553433775902
0.04962984472513199
0.04432375729084015
0.04202020913362503
0.040671128779649734
0.03975421190261841
0.039080582559108734
0.03854629024863243
0.03808857873082161
0.03774351626634598
0.03744467347860336
0.03717346861958504
0.03695228323340416
0.03674570471048355
0.036570027470588684
0.03641059249639511
0.03626864403486252
0.03614475578069687
0.03603366017341614
0.03593438118696213
0.03584473207592964
0.0357648991048336
0.03569049388170242
0.0356239452958107
0.03556375578045845
0.035508908331394196
0.03545957803726196
0.03541345149278641
0.03537091612815857
0.0353323258459568
0.035295139998197556
0.03526119142770767
0.03522941470146179
0.03519931808114052
0.035170771181583405
0.035143978893756866
0.035118088126182556
0.03509408235549927
0.0350707471370697
0.03504836931824684
0.035026662051677704
0.035006165504455566
0.03498610854148865
0.03496701270341873
0.034947898238897324
0.03492945060133934
0.034911442548036575
0.03489452973008156
0.034877974539995193
0.03486218675971031
0.03484661877155304
0.034831587225198746
0.03481682389974594
0.03480246663093567
0.034788332879543304
0.034774795174598694
0.03476167842745781
0.03474899008870125
0.03473631292581558
0.03472408652305603
0.03471191227436066
0.03469996154308319
0.03468826413154602
0.03467683121562004
0.03466577082872391
0.03465500846505165
0.03464435413479805
0.03463386371731758
0.0346236377954483
0.03461354598402977
0.034603603184223175
0.034594032913446426
0.03458448871970177
0.03457510471343994
0.03456571698188782
0.03455670177936554
0.034547675400972366
0.034538790583610535
0.034530043601989746
0.03452148288488388
0.03451294079422951
0.03450463339686394
0.034496475011110306
0.0344884917140007
0.034480493515729904
0.03447254002094269
0.03446481376886368
0.03445684164762497
0.03444921225309372
0.03444167599081993
0.034434251487255096
0.03442690894007683
