# lbfgs, lr=0.8, alpha = 1000000, beta = 0.1
# best_iter: 99, best_loss = 0.312846839427948, imsave period = 10
21.20901870727539
1.9247437715530396
1.1082981824874878
0.8223556280136108
0.6860718131065369
0.6074468493461609
0.5540035963058472
0.5186017751693726
0.4932078719139099
0.4723254144191742
0.454825758934021
0.4425307512283325
0.4305307865142822
0.42223846912384033
0.41461849212646484
0.40939152240753174
0.40449589490890503
0.3968980014324188
0.3927159309387207
0.3907005786895752
0.38379207253456116
0.3809957802295685
0.3768603801727295
0.37502795457839966
0.3768672049045563
0.3691585958003998
0.3689010739326477
0.36561068892478943
0.3623697757720947
0.36378929018974304
0.35891973972320557
0.3576885461807251
0.3577744960784912
0.35607749223709106
0.35158032178878784
0.35137978196144104
0.3496030271053314
0.3478960394859314
0.347622275352478
0.3460817337036133
0.34467434883117676
0.348827987909317
0.3433038890361786
0.34102460741996765
0.3495003581047058
0.3428659439086914
0.3393838405609131
0.33748599886894226
0.33721068501472473
0.3357280492782593
0.33699706196784973
0.33476316928863525
0.3341416120529175
0.3341507911682129
0.7211388349533081
0.3447294235229492
0.33638402819633484
0.3323192894458771
0.3301366865634918
0.32882604002952576
0.32813313603401184
0.3371233344078064
0.3269682824611664
0.3371412754058838
0.3277877867221832
0.3256702125072479
0.328926146030426
0.3289717137813568
0.3248210549354553
0.3235029876232147
0.3244996666908264
0.3259437680244446
0.3228349983692169
0.32170724868774414
0.3335154354572296
0.33579185605049133
0.32508382201194763
0.32209956645965576
0.3204248547554016
0.3193594217300415
0.31874099373817444
0.32267576456069946
0.31789323687553406
0.31950512528419495
0.3175622820854187
0.3213462829589844
0.31792134046554565
0.31654733419418335
0.32117897272109985
0.33653751015663147
0.32160305976867676
0.3176625967025757
0.31588733196258545
0.3147992491722107
0.31410762667655945
0.31388041377067566
0.3136838674545288
0.3661828637123108
0.313992440700531
0.312846839427948
