# adam, lr=0.01, alpha = 1000000, beta = 0.1
# best_iter: 2993, best_loss = 0.03338418900966644, imsave period = 300
4.3947978019714355
2.930967092514038
2.2666385173797607
1.900408387184143
1.6600829362869263
1.4788156747817993
1.3292291164398193
1.200543999671936
1.0880266427993774
0.988704264163971
0.9008214473724365
0.8232131004333496
0.7539307475090027
0.6922711730003357
0.6368799805641174
0.5871345400810242
0.5424302816390991
0.5020752549171448
0.46562886238098145
0.43296486139297485
0.40359067916870117
0.3770768642425537
0.35311946272850037
0.33144912123680115
0.31176164746284485
0.29383978247642517
0.2775466740131378
0.2627420425415039
0.24924923479557037
0.2369217425584793
0.22567041218280792
0.21539700031280518
0.2059752345085144
0.19732514023780823
0.1893734335899353
0.18205592036247253
0.17531543970108032
0.16909855604171753
0.16337451338768005
0.15808150172233582
0.15318815410137177
0.14864793419837952
0.1444299817085266
0.1405041515827179
0.13684631884098053
0.13343334197998047
0.13024646043777466
0.12726640701293945
0.12447550892829895
0.12185865640640259
0.11940105259418488
0.1170891523361206
0.11491306126117706
0.11286244541406631
0.11092904210090637
0.10910230129957199
0.10737093538045883
0.10572705417871475
0.10416629910469055
0.10268282145261765
0.10126958787441254
0.09992096573114395
0.09863347560167313
0.09740372002124786
0.09622780978679657
0.09510168433189392
0.09402140229940414
0.0929836630821228
0.09198707342147827
0.09102882444858551
0.09010624885559082
0.08921658992767334
0.08835811913013458
0.087528757750988
0.08672736585140228
0.08595219254493713
0.08520182967185974
0.08447454869747162
0.08376908302307129
0.08308416604995728
0.08241914957761765
0.08177276700735092
0.08114366233348846
0.08053166419267654
0.07993581891059875
0.07935480773448944
0.07878819108009338
0.07823562622070312
0.07769626379013062
0.07716970145702362
0.07665488123893738
0.0761517882347107
0.07565993070602417
0.07517915964126587
0.07470864057540894
0.07424819469451904
0.07379735261201859
0.07335589081048965
0.0729236751794815
0.07249988615512848
0.07208416610956192
0.07167647778987885
0.07127656042575836
0.07088421285152435
0.07049915939569473
0.0701206773519516
0.06974898278713226
0.06938406080007553
0.0690256804227829
0.0686735063791275
0.06832772493362427
0.06798791885375977
0.0676538348197937
0.06732533872127533
0.06700219959020615
0.06668443977832794
0.06637204438447952
0.06606478989124298
0.06576245278120041
0.06546488404273987
0.06517212837934494
0.06488408148288727
0.06460040807723999
0.06432090699672699
0.06404540687799454
0.06377410888671875
0.06350686401128769
0.0632435530424118
0.06298445165157318
0.06272885948419571
0.06247686222195625
0.06222864240407944
0.06198403984308243
0.06174318492412567
0.06150589883327484
0.061271797865629196
0.0610409639775753
0.06081348657608032
0.060589298605918884
0.060368314385414124
0.060150474309921265
0.059935666620731354
0.059723809361457825
0.05951463803648949
0.05930837243795395
0.05910506099462509
0.05890441685914993
0.05870634689927101
0.05851082503795624
0.05831793695688248
0.05812744051218033
0.05793936923146248
0.05775374919176102
0.0575704425573349
0.05738954246044159
0.05721103399991989
0.05703476071357727
0.056860730051994324
0.0566888228058815
0.05651889368891716
0.05635109916329384
0.056185394525527954
0.05602176487445831
0.05586015433073044
0.05570055916905403
0.05554281175136566
0.05538707971572876
0.0552331916987896
0.05508135259151459
0.05493149906396866
0.054783374071121216
0.0546371191740036
0.05449248105287552
0.05434951186180115
0.05420821160078049
0.05406865477561951
0.05393083393573761
0.05379444733262062
0.053659722208976746
0.05352645367383957
0.05339471995830536
0.05326468497514725
0.053136132657527924
0.05300893634557724
0.05288324132561684
0.05275893583893776
0.05263601616024971
0.05251447483897209
0.052394382655620575
0.052275482565164566
0.05215780436992645
0.0520414263010025
0.05192624032497406
0.05181223154067993
0.051699548959732056
0.05158799886703491
0.05147767812013626
0.05136851221323013
0.05126067250967026
0.05115378648042679
0.051048144698143005
0.05094364285469055
0.05084005743265152
0.05073753744363785
0.050636060535907745
0.050535645335912704
0.05043626204133034
0.0503380112349987
0.05024069920182228
0.05014434829354286
0.050049059092998505
0.04995478689670563
0.04986146464943886
0.049769073724746704
0.04967760294675827
0.049587100744247437
0.049497492611408234
0.04940885305404663
0.04932117834687233
0.04923427477478981
0.04914839565753937
0.049063146114349365
0.04897889867424965
0.04889544099569321
0.048812802881002426
0.04873098060488701
0.04865000396966934
0.04856984317302704
0.048490434885025024
0.04841179773211479
0.04833393916487694
0.04825671389698982
0.04818034544587135
0.048104748129844666
0.048029787838459015
0.047955505549907684
0.047881852835416794
0.04780903831124306
0.04773683845996857
0.04766533151268959
0.04759445786476135
0.04752418026328087
0.04745461791753769
0.04738577455282211
0.04731748253107071
0.04724991321563721
0.04718289524316788
0.04711655527353287
0.04705073684453964
0.0469856858253479
0.04692113772034645
0.04685712605714798
0.04679368436336517
0.04673081263899803
0.04666851460933685
0.04660683497786522
0.04654558748006821
0.046484898775815964
0.046424753963947296
0.0463651642203331
0.04630615562200546
0.04624764621257782
0.046189501881599426
0.046131882816553116
0.04607483744621277
0.04601813852787018
0.045962121337652206
0.04590649530291557
0.04585131257772446
0.04579656943678856
0.045742206275463104
0.04568832367658615
0.04563480615615845
0.04558186233043671
0.045529335737228394
0.04547727108001709
0.045425523072481155
0.045374300330877304
0.04532340541481972
0.045272864401340485
0.04522302746772766
0.04517333582043648
0.0451241172850132
0.04507526755332947
0.04502677917480469
0.04497884213924408
0.044931136071681976
0.04488387331366539
0.04483693093061447
0.04479033499956131
0.04474426805973053
0.044698406010866165
0.04465287923812866
0.04460771381855011
0.04456298053264618
0.04451848939061165
0.04447440803050995
0.044430673122406006
0.04438730701804161
0.0443442165851593
0.04430150240659714
0.044259212911129
0.044217128306627274
0.044175371527671814
0.04413397237658501
0.044092897325754166
0.044052015990018845
0.044011496007442474
0.043971359729766846
0.04393140599131584
0.04389186576008797
0.043852634727954865
0.043813660740852356
0.043774913996458054
0.043736547231674194
0.04369843006134033
0.04366059601306915
0.04362306743860245
0.043585650622844696
0.043548598885536194
0.043511874973773956
0.0434754304587841
0.04343920573592186
0.04340336099267006
0.04336761683225632
0.04333209618926048
0.04329700767993927
0.04326203092932701
0.043227437883615494
0.04319312050938606
0.043158844113349915
0.04312485456466675
0.043091222643852234
0.04305773228406906
0.043024491518735886
0.04299154505133629
0.042958781123161316
0.0429263561964035
0.042893990874290466
0.04286188632249832
0.04283005744218826
0.04279840365052223
0.0427670031785965
0.04273577034473419
0.04270467162132263
0.04267390817403793
0.042643267661333084
0.04261288046836853
0.042582616209983826
0.04255250096321106
0.04252270609140396
0.042493075132369995
0.042463645339012146
0.04243434593081474
0.042405322194099426
0.042376358062028885
0.042347632348537445
0.04231911152601242
0.04229075089097023
0.04226253181695938
0.04223459213972092
0.04220670461654663
0.04217910394072533
0.04215154051780701
0.04212423041462898
0.04209710285067558
0.042070139199495316
0.04204331710934639
0.04201669245958328
0.04199010506272316
0.04196375608444214
0.041937462985515594
0.04191156476736069
0.04188571125268936
0.04186002537608147
0.04183445870876312
0.04180917143821716
0.04178393632173538
0.0417589470744133
0.0417339988052845
0.04170931130647659
0.04168471693992615
0.04166027531027794
0.041636064648628235
0.04161197319626808
0.04158800095319748
0.04156418517231941
0.041540514677762985
0.04151696711778641
0.041493553668260574
0.041470255702733994
0.04144711047410965
0.04142404720187187
0.041401129215955734
0.04137839376926422
0.041355788707733154
0.041333362460136414
0.04131098464131355
0.041288722306489944
0.041266538202762604
0.04124465584754944
0.04122282192111015
0.041201189160346985
0.04117957502603531
0.04115811735391617
0.04113674908876419
0.0411156490445137
0.04109443724155426
0.04107361286878586
0.04105273634195328
0.04103246331214905
0.04101204127073288
0.04099254682660103
0.040972523391246796
0.04095420241355896
0.04093474894762039
0.040917254984378815
0.040897056460380554
0.04087955132126808
0.040858443826436996
0.040840134024620056
0.040818504989147186
0.04079960659146309
0.04077839106321335
0.04075952246785164
0.0407392643392086
0.04072079434990883
0.040701188147068024
0.04068363830447197
0.04066493734717369
0.04064903408288956
0.04063140228390694
0.040617384016513824
0.04059917479753494
0.040585339069366455
0.04056449234485626
0.040548019111156464
0.04052572324872017
0.0405077189207077
0.04048638418316841
0.040468234568834305
0.04044860601425171
0.040430694818496704
0.04041201248764992
0.040394674986600876
0.0403769388794899
0.040361396968364716
0.040345605462789536
0.04033450037240982
0.04032190516591072
0.040316686034202576
0.04030296579003334
0.04029659554362297
0.040272291749715805
0.04025532677769661
0.0402274951338768
0.040207840502262115
0.04018694907426834
0.04016929119825363
0.04015352949500084
0.04013782739639282
0.040127042680978775
0.040115490555763245
0.040114663541316986
0.04010672867298126
0.040110718458890915
0.04008927196264267
0.04007675126194954
0.04004094749689102
0.040018144994974136
0.039993464946746826
0.039976298809051514
0.0399625264108181
0.039948202669620514
0.039942629635334015
0.03993367403745651
0.03993837535381317
0.03992730379104614
0.039928533136844635
0.03989838808774948
0.039878904819488525
0.039843618869781494
0.03982273489236832
0.03980252146720886
0.039786480367183685
0.03977589309215546
0.03976432979106903
0.039766404777765274
0.03976291045546532
0.03977753221988678
0.03976433724164963
0.039762914180755615
0.03971991315484047
0.03969380632042885
0.03966004401445389
0.03964264690876007
0.03963042050600052
0.03961803391575813
0.039616797119379044
0.03961038589477539
0.03962324932217598
0.039613012224435806
0.03962041810154915
0.039586856961250305
0.03956837207078934
0.03952749818563461
0.0395045131444931
0.03948335349559784
0.03946855664253235
0.03945951908826828
0.03944917023181915
0.03945692256093025
0.03946030139923096
0.03949142247438431
0.0394848994910717
0.03950115665793419
0.03945004567503929
0.03942369297146797
0.039374932646751404
0.039352960884571075
0.039340849965810776
0.03933205083012581
0.039336275309324265
0.039330191910266876
0.03935391828417778
0.039346035569906235
0.03936218470335007
0.03931741043925285
0.039300862699747086
0.0392562560737133
0.03923383727669716
0.03920695558190346
0.03918861597776413
0.039177656173706055
0.0391656793653965
0.0391695499420166
0.03917562589049339
0.039229534566402435
0.03925999253988266
0.03934314101934433
0.03928539529442787
0.0392790213227272
0.03918221965432167
0.03914856165647507
0.039118215441703796
0.03911173716187477
0.03913070261478424
0.03912849724292755
0.03916418179869652
0.03914651274681091
0.039175935089588165
0.0391070730984211
0.039082448929548264
0.03901895508170128
0.039000920951366425
0.0389850027859211
0.038968514651060104
0.03896348550915718
0.03895625099539757
0.03899448737502098
0.03902214765548706
0.03912586718797684
0.03912423551082611
0.039189793169498444
0.03904610872268677
0.03899843990802765
0.0389237254858017
0.03891788795590401
0.03892688453197479
0.03892763704061508
0.03897101804614067
0.03895796835422516
0.03901171684265137
0.038954123854637146
0.03896242752671242
0.03887755796313286
0.038860246539115906
0.038806021213531494
0.03878588229417801
0.03876275569200516
0.038741838186979294
0.03872010111808777
0.038695868104696274
0.03868134692311287
0.038672879338264465
0.03871273994445801
0.038779884576797485
0.03900326415896416
0.0391092412173748
0.03943371772766113
0.039161428809165955
0.03918421268463135
0.03890768811106682
0.03890286386013031
0.03889096900820732
0.03891417756676674
0.038934387266635895
0.03887617215514183
0.038962580263614655
0.039070434868335724
0.0394548624753952
0.03926798701286316
0.039564672857522964
0.03917863219976425
0.039573486894369125
0.03926539793610573
0.03958399221301079
0.03944985195994377
0.04028794914484024
0.03985470533370972
0.04169882461428642
0.04032400622963905
0.04543008282780647
0.04124483838677406
0.048555806279182434
0.043960440903902054
0.049176476895809174
0.04631844907999039
0.05002022162079811
0.047592319548130035
0.051266200840473175
0.0479213148355484
0.052926719188690186
0.048196520656347275
0.054813310503959656
0.04886578768491745
0.05538567900657654
0.04979303106665611
0.05605105310678482
0.05042937397956848
0.056849002838134766
0.05114326253533363
0.05667605251073837
0.05135427787899971
0.05659521371126175
0.05128324776887894
0.055838294327259064
0.05123765766620636
0.05566312372684479
0.051076069474220276
0.055863507091999054
0.05076107382774353
0.05531488358974457
0.050473786890506744
0.054612599313259125
0.05021977797150612
0.05390750616788864
0.0497979074716568
0.05356365442276001
0.04941318929195404
0.05279199033975601
0.048938244581222534
0.052208900451660156
0.048519521951675415
0.05190982669591904
0.04819583147764206
0.051527239382267
0.047820404171943665
0.050727974623441696
0.047404393553733826
0.050245027989149094
0.04714084416627884
0.05027368664741516
0.04687071964144707
0.04988627880811691
0.04664427042007446
0.04970378428697586
0.046387314796447754
0.04877021163702011
0.046034883707761765
0.04818940535187721
0.04571136459708214
0.04774468392133713
0.045477934181690216
0.0478406697511673
0.04520300775766373
0.04741896688938141
0.0448295921087265
0.04660709947347641
0.04452698677778244
0.046067677438259125
0.044239819049835205
0.04563010856509209
0.043928440660238266
0.045249078422784805
0.04357565939426422
0.044819485396146774
0.04323912784457207
0.044369474053382874
0.04295670613646507
0.044068943709135056
0.04269393905997276
0.04375798627734184
0.042404308915138245
0.04330357164144516
0.04210056737065315
0.04287630319595337
0.04186058044433594
0.042556241154670715
0.04165630042552948
0.04233149066567421
0.04137822240591049
0.041986607015132904
0.041134387254714966
0.04161182790994644
0.040921878069639206
0.04133528470993042
0.040698226541280746
0.04106937348842621
0.040489066392183304
0.04081456735730171
0.040286388248205185
0.04057679697871208
0.04008210822939873
0.04029643535614014
0.03987446427345276
0.04002021998167038
0.03967851400375366
0.03978525847196579
0.03949102759361267
0.039555083960294724
0.0393061637878418
0.039343755692243576
0.03912907838821411
0.03914232179522514
0.038959112018346786
0.038958147168159485
0.038796089589595795
0.038770146667957306
0.03863826021552086
0.0385979525744915
0.038489457219839096
0.038443922996520996
0.038356367498636246
0.03830970078706741
0.03823613375425339
0.03819114714860916
0.03812749683856964
0.03808703273534775
0.03803165629506111
0.03799624741077423
0.03794695809483528
0.037917643785476685
0.03787270933389664
0.03784649819135666
0.03780316561460495
0.03777583688497543
0.037733785808086395
0.03770529106259346
0.03766690939664841
0.03763856738805771
0.037606071680784225
0.03757978603243828
0.03755224496126175
0.037528250366449356
0.03750373423099518
0.0374816358089447
0.03745967149734497
0.03743959590792656
0.037419531494379044
0.03740235045552254
0.037385549396276474
0.03737533465027809
0.03736777976155281
0.03737877309322357
0.0373915396630764
0.03743376582860947
0.037432294338941574
0.03744200989603996
0.03736972063779831
0.03732187673449516
0.03728167340159416
0.037276461720466614
0.03728926554322243
0.03728761896491051
0.03728948161005974
0.03725544735789299
0.0372314415872097
0.03719770163297653
0.03718055784702301
0.03716933727264404
0.03716130927205086
0.037160973995923996
0.03715471923351288
0.037160925567150116
0.03715316951274872
0.03715554252266884
0.037132635712623596
0.03711701184511185
0.03708779439330101
0.03707089275121689
0.037056080996990204
0.03704635426402092
0.037040725350379944
0.037034034729003906
0.03703692555427551
0.03703511506319046
0.03704679012298584
0.03704230859875679
0.037048015743494034
0.037025392055511475
0.037011127918958664
0.03698195144534111
0.03696521744132042
0.036951079964637756
0.03694312274456024
0.036940354853868484
0.03693690150976181
0.03694531321525574
0.03695005923509598
0.036973971873521805
0.03697426617145538
0.03698765113949776
0.03695453330874443
0.03693472594022751
0.03689980506896973
0.036883480846881866
0.03687424212694168
0.036870572715997696
0.03687871992588043
0.036881789565086365
0.03690410777926445
0.03690623119473457
0.03692549094557762
0.0368996299803257
0.03688615560531616
0.036843907088041306
0.0368250235915184
0.03681031987071037
0.036804016679525375
0.036805469542741776
0.03680512309074402
0.036824509501457214
0.03683406114578247
0.03686956688761711
0.036865584552288055
0.03688068315386772
0.0368349514901638
0.036810144782066345
0.03676892817020416
0.03675432503223419
0.03674781322479248
0.036745887249708176
0.03675847128033638
0.03676539659500122
0.036802027374506
0.03681030496954918
0.036846257746219635
0.03681051358580589
0.03679771348834038
0.03674270585179329
0.03671909123659134
0.036698345094919205
0.03669138625264168
0.036694787442684174
0.03669692575931549
0.03672543913125992
0.03674415126442909
0.0368102565407753
0.03681514784693718
0.03685913234949112
0.03678469359874725
0.03675618767738342
0.0366935059428215
0.036678072065114975
0.03667217120528221
0.036670833826065063
0.03669073432683945
0.03670113533735275
0.036757130175828934
0.03676927462220192
0.036821670830249786
0.03676505386829376
0.036745745688676834
0.03666405752301216
0.03663991764187813
0.03662119433283806
0.03661840781569481
0.03662699833512306
0.03663023188710213
0.03667716681957245
0.03670366853475571
0.03679727017879486
0.03677644208073616
0.0368085615336895
0.03670760989189148
0.03668569400906563
0.036632437258958817
0.036612369120121
0.03659740835428238
0.036591436713933945
0.03662070259451866
0.036643821746110916
0.03673552721738815
0.03677232563495636
0.03689826279878616
0.03681468218564987
0.03681693971157074
0.03665531426668167
0.036625321954488754
0.036601465195417404
0.036611080169677734
0.03665095567703247
0.036668889224529266
0.03677044436335564
0.03678347170352936
0.03692376986145973
0.03685588389635086
0.03689507395029068
0.036719322204589844
0.03666418790817261
0.03659358620643616
0.03659985214471817
0.03662384673953056
0.03661898523569107
0.036635175347328186
0.03663606196641922
0.036790646612644196
0.03689563274383545
0.03718201071023941
0.036936938762664795
0.0369841568171978
0.03679594770073891
0.03693253919482231
0.0368913896381855
0.036854617297649384
0.03676363825798035
0.03682246059179306
0.0368819534778595
0.03707612305879593
0.036967016756534576
0.03725571185350418
0.03723525255918503
0.03775680437684059
0.03739774227142334
0.03758379817008972
0.03715340048074722
0.03771829232573509
0.03742150217294693
0.037853531539440155
0.03758194297552109
0.03907385095953941
0.03875557705760002
0.04297740012407303
0.03879060596227646
0.048085376620292664
0.04139076545834541
0.0482310876250267
0.045066025108098984
0.04962644726037979
0.047189854085445404
0.052023328840732574
0.04772355407476425
0.0557233951985836
0.048711784183979034
0.058571957051754
0.050807494670152664
0.061724867671728134
0.053217098116874695
0.06322316825389862
0.054866060614585876
0.06360667943954468
0.056529633700847626
0.06487290561199188
0.057464517652988434
0.0645330548286438
0.05751313269138336
0.06450284272432327
0.05746050924062729
0.06440144032239914
0.05748099088668823
0.06501737236976624
0.05724823474884033
0.0636572539806366
0.0568854957818985
0.06304586678743362
0.05630391836166382
0.06173642724752426
0.055841073393821716
0.06179828569293022
0.05511775240302086
0.060884274542331696
0.05444738268852234
0.05975910276174545
0.05380105599761009
0.05903155356645584
0.053100213408470154
0.05827990919351578
0.0526159293949604
0.05783795565366745
0.05207071825861931
0.0570552833378315
0.05138322338461876
0.05555788800120354
0.05087927728891373
0.05492075905203819
0.050345528870821
0.05486290156841278
0.04975270852446556
0.05421731621026993
0.049349136650562286
0.05320294573903084
0.04876571521162987
0.05210678279399872
0.0481899231672287
0.05159226432442665
0.047883763909339905
0.05161210149526596
0.047475725412368774
0.05144306644797325
0.04700110852718353
0.05059409886598587
0.04671288654208183
0.049749620258808136
0.04638579860329628
0.049026548862457275
0.045926306396722794
0.048313867300748825
0.04551207646727562
0.04780196398496628
0.04512282833456993
0.047395192086696625
0.044663988053798676
0.046707432717084885
0.044161226600408554
0.045944374054670334
0.043832045048475266
0.0457647331058979
0.043512728065252304
0.0455692894756794
0.043182309716939926
0.045143600553274155
0.04293894022703171
0.044872790575027466
0.04261498525738716
0.0441969595849514
0.04233705624938011
0.043617233633995056
0.04211189225316048
0.043290723115205765
0.04183050990104675
0.04297269508242607
0.04153704270720482
0.04257291555404663
0.041216202080249786
0.042121753096580505
0.040873169898986816
0.04165254905819893
0.04059166461229324
0.04125853627920151
0.04032216593623161
0.04093729704618454
0.040059786289930344
0.040605559945106506
0.03979659825563431
0.04024181142449379
0.03952459245920181
0.03988447040319443
0.0392635203897953
0.03955533355474472
0.039038993418216705
0.03928029164671898
0.038797907531261444
0.038948945701122284
0.03853558748960495
0.03860962390899658
0.038301270455121994
0.03833155706524849
0.038094665855169296
0.03810643404722214
0.03789979964494705
0.03789598122239113
0.037709251046180725
0.03768051043152809
0.037513118237257004
0.037464577704668045
0.03733315318822861
0.03727635741233826
0.03717537596821785
0.03711773082613945
0.0370367094874382
0.03698202967643738
0.03691331297159195
0.03686617687344551
0.036807335913181305
0.03677062690258026
0.03672095388174057
0.03669477626681328
0.03664951026439667
0.03662750869989395
0.03657713532447815
0.036545053124427795
0.036491189152002335
0.03645319491624832
0.036410797387361526
0.036379750818014145
0.036351848393678665
0.03632568567991257
0.03630535304546356
0.03628221154212952
0.03626883402466774
0.03624945878982544
0.036241594702005386
0.0362204872071743
0.0362090989947319
0.03618006780743599
0.03615922853350639
0.036128900945186615
0.036107804626226425
0.03608689457178116
0.036070797592401505
0.036057136952877045
0.03604345768690109
0.03603527322411537
0.036025580018758774
0.03602474182844162
0.03601885959506035
0.036023885011672974
0.03601306676864624
0.03601038455963135
0.03598526865243912
0.03596699982881546
0.03594052791595459
0.035925183445215225
0.03591355308890343
0.03590543195605278
0.035902488976716995
0.03589760884642601
0.03590168058872223
0.035898178815841675
0.03590335696935654
0.035890430212020874
0.03588363528251648
0.03585975244641304
0.03584440052509308
0.035826414823532104
0.035816315561532974
0.035808682441711426
0.03580227121710777
0.03580090403556824
0.03579876571893692
0.035807833075523376
0.03581143170595169
0.03582761064171791
0.035820767283439636
0.03582049906253815
0.03579147160053253
0.035772647708654404
0.035750605165958405
0.035741399973630905
0.03573772683739662
0.0357351079583168
0.03574037179350853
0.035741500556468964
0.03575628995895386
0.03575550392270088
0.03576614335179329
0.035747893154621124
0.035738907754421234
0.03571149334311485
0.03569591045379639
0.03568175435066223
0.035675227642059326
0.035673968493938446
0.03567222133278847
0.03568144142627716
0.03568751737475395
0.035712409764528275
0.035716671496629715
0.035733334720134735
0.03570544347167015
0.0356890894472599
0.03565547615289688
0.03563970327377319
0.03563033789396286
0.03562822937965393
0.03563570976257324
0.03563771769404411
0.035655677318573
0.035659294575452805
0.035679273307323456
0.035663723945617676
0.03566086292266846
0.03562704846262932
0.0356108695268631
0.03559068962931633
0.0355813130736351
0.035576045513153076
0.035572897642850876
0.03557973727583885
0.03558539226651192
0.03561212494969368
0.035628773272037506
0.03567495942115784
0.035668134689331055
0.03567370027303696
0.03561492636799812
0.03558577969670296
0.03555900603532791
0.03555424138903618
0.03556215390563011
0.03556802496314049
0.035593196749687195
0.035596705973148346
0.0356203056871891
0.035600192844867706
0.035595186054706573
0.03555237129330635
0.03553327918052673
0.035512056201696396
0.035504791885614395
0.035503700375556946
0.0355026014149189
0.03551758825778961
0.03552958369255066
0.035573411732912064
0.03559421747922897
0.03564731404185295
0.03561777248978615
0.03561022877693176
0.03554033115506172
0.03550947085022926
0.03548872843384743
0.03548980876803398
0.03550541028380394
0.03551393747329712
0.03554902225732803
0.03555368259549141
0.03558683395385742
0.03555513918399811
0.035548873245716095
0.03549753874540329
0.03547794744372368
0.03545405715703964
0.03544393181800842
0.035439345985651016
0.03543674200773239
0.03545206040143967
0.035468295216560364
0.03552796691656113
0.03557232767343521
0.03567603603005409
0.03565020486712456
0.03566039353609085
0.035538215190172195
0.03549596667289734
0.03546543046832085
0.03547070920467377
0.03550085425376892
0.03551790490746498
0.03557499498128891
0.03556838631629944
0.03560129553079605
0.03553731366991997
0.03551516681909561
0.03545285016298294
0.035436324775218964
0.035415299236774445
0.03540654480457306
0.03540666028857231
0.03540514037013054
0.035436734557151794
0.03547019883990288
0.03557633236050606
0.03562739118933678
0.03577275946736336
0.03569285571575165
0.035689737647771835
0.035532016307115555
0.03547614440321922
0.03545784577727318
0.035486795008182526
0.03554943576455116
0.03555898368358612
0.035617269575595856
0.03557327389717102
0.035600487142801285
0.03550869971513748
0.03547253459692001
0.03540995344519615
0.03540228679776192
0.03540985658764839
0.0354117713868618
0.03543485701084137
0.035444602370262146
0.035556450486183167
0.03565659373998642
0.03590894117951393
0.035874515771865845
0.035913337022066116
0.03559607267379761
0.035536810755729675
0.03551916778087616
0.03556399419903755
0.035589467734098434
0.035558223724365234
0.03563722223043442
0.035666871815919876
0.0357888899743557
0.035650622099637985
0.035621561110019684
0.03554173558950424
0.03560934215784073
0.03556428849697113
0.03551269322633743
0.03545558452606201
0.03549141809344292
0.03551805764436722
0.03558076545596123
0.03554001823067665
0.03567648306488991
0.035746194422245026
0.03597526252269745
0.03582972660660744
0.03577215597033501
0.035550806671381
0.03560055419802666
0.03557250648736954
0.035522472113370895
0.035458412021398544
0.03544710949063301
0.03551562875509262
0.03553090989589691
0.035606756806373596
0.03565536066889763
0.036007240414619446
0.03605229780077934
0.036303333938121796
0.03581853210926056
0.03577598184347153
0.03565070405602455
0.03575380891561508
0.03566751629114151
0.035581063479185104
0.03558173030614853
0.03559441119432449
0.03560493886470795
0.03556684032082558
0.035712845623493195
0.03594076260924339
0.03669866546988487
0.036595817655324936
0.03719024360179901
0.036067672073841095
0.036442145705223083
0.0361221507191658
0.03649796545505524
0.03628392145037651
0.036915089935064316
0.03718877583742142
0.03963413089513779
0.038059502840042114
0.04435516148805618
0.03791414946317673
0.0470414012670517
0.04184776917099953
0.04781864583492279
0.04515921697020531
0.050502628087997437
0.046964846551418304
0.05399998277425766
0.0477384589612484
0.05792002007365227
0.049694743007421494
0.06101587787270546
0.052688028663396835
0.06478269398212433
0.05559226870536804
0.06700131297111511
0.058030206710100174
0.06994850933551788
0.06044406071305275
0.07141734659671783
0.06254097819328308
0.07305772602558136
0.06395594030618668
0.07402165979146957
0.0645931214094162
0.07416291534900665
0.06481800973415375
0.07377155125141144
0.06504671275615692
0.0743434727191925
0.06512168049812317
0.07454393804073334
0.0650513544678688
0.07401928305625916
0.06460560858249664
0.07249610126018524
0.06409256160259247
0.07161372900009155
0.06325016915798187
0.06979022920131683
0.06204621121287346
0.06847038865089417
0.06066722795367241
0.06647616624832153
0.05943889170885086
0.06503507494926453
0.05817652493715286
0.06374531239271164
0.057027652859687805
0.06257963180541992
0.055888831615448
0.061327941715717316
0.05470804497599602
0.05967341363430023
0.05383973568677902
0.05848149210214615
0.052880749106407166
0.057399727404117584
0.051910996437072754
0.056158050894737244
0.05100426822900772
0.05522084981203079
0.05030113086104393
0.05450458079576492
0.04966010898351669
0.05411364883184433
0.04904439300298691
0.053195416927337646
0.048354193568229675
0.05174867808818817
0.04779524728655815
0.05131669342517853
0.047359295189380646
0.050753213465213776
0.046776317059993744
0.049985382705926895
0.04615446925163269
0.04877770319581032
0.04561249166727066
0.04810069501399994
0.04518403485417366
0.04784685745835304
0.044796280562877655
0.04752284288406372
0.044261857867240906
0.04670560732483864
0.04379229620099068
0.045986197888851166
0.04351093992590904
0.04575873911380768
0.043192312121391296
0.0452909879386425
0.04281030222773552
0.04466318339109421
0.04241771250963211
0.04385536164045334
0.04204341396689415
0.04322843998670578
0.0416388101875782
0.042618297040462494
0.04123128205537796
0.0421370305120945
0.04081803187727928
0.04156474396586418
0.04037413001060486
0.04096287116408348
0.03996748477220535
0.04048490524291992
0.03963521122932434
0.04014141112565994
0.03933607041835785
0.039825938642024994
0.03899972140789032
0.03935148939490318
0.038646891713142395
0.0388508215546608
0.03834454342722893
0.0384625643491745
0.03808307647705078
0.0381443127989769
0.03782018646597862
0.037847813218832016
0.0375560037791729
0.03754207864403725
0.037292540073394775
0.03724781051278114
0.03704879432916641
0.0369870625436306
0.03683331236243248
0.036765147000551224
0.03664384409785271
0.03657995164394379
0.03647923842072487
0.03642521798610687
0.03633810207247734
0.03629145398736
0.03621223196387291
0.0361659899353981
0.036089785397052765
0.03604084998369217
0.03597370162606239
0.03592566400766373
0.03587092086672783
0.0358271561563015
0.03578239306807518
0.03574248030781746
0.03570469841361046
0.03566846251487732
0.03563520312309265
0.03560231626033783
0.03557421267032623
0.035545408725738525
0.03552360087633133
0.03550037741661072
0.0354873389005661
0.03547002375125885
0.03546576574444771
0.035447560250759125
0.035439491271972656
0.03540656715631485
0.035381950438022614
0.03534655645489693
0.03532355651259422
0.03530440852046013
0.035290349274873734
0.035280849784612656
0.03526824712753296
0.035261932760477066
0.035247936844825745
0.03524067997932434
0.03522323817014694
0.035211917012929916
0.035192422568798065
0.0351787693798542
0.03516177088022232
0.035149164497852325
0.03513602539896965
0.035125043243169785
0.03511449694633484
0.03510429710149765
0.035095952451229095
0.035087570548057556
0.03508336842060089
0.03507976233959198
0.03508564829826355
0.03509014844894409
0.03510935232043266
0.03510969877243042
0.03511775657534599
0.0350884310901165
0.035068362951278687
0.03503851592540741
0.035025887191295624
0.035020336508750916
0.035017937421798706
0.035022806376218796
0.03501996397972107
0.0350259505212307
0.03501586243510246
0.035011984407901764
0.03499149531126022
0.03497912362217903
0.03496270999312401
0.0349535197019577
0.03494623303413391
0.03494058549404144
0.03493883088231087
0.034936536103487015
0.034943848848342896
0.03494841605424881
0.03496608883142471
0.03496666997671127
0.03497585281729698
0.034952566027641296
0.03493719547986984
0.034910235553979874
0.03489845246076584
0.034892383962869644
0.03489014506340027
0.03489495441317558
0.03489576652646065
0.034908585250377655
0.03490734100341797
0.0349162220954895
0.03490064665675163
0.03489351645112038
0.034870490431785583
0.03485816717147827
0.034845154732465744
0.03483886271715164
0.03483542799949646
0.03483210876584053
0.034835852682590485
0.034839555621147156
0.03485853597521782
0.03486863896250725
0.03489530459046364
0.034886185079813004
0.034885719418525696
0.03484899550676346
0.034828171133995056
0.03480837866663933
0.034804075956344604
0.03480694442987442
0.034807946532964706
0.034820567816495895
0.034823767840862274
0.03484228253364563
0.034835077822208405
0.03483869135379791
0.034813668578863144
0.03480202332139015
0.03477923944592476
0.03476803004741669
0.03476008400321007
0.03475607559084892
0.034757740795612335
0.03475850075483322
0.034775398671627045
0.03479114919900894
0.03483310341835022
0.03484400361776352
0.03487511724233627
0.03483932465314865
0.034820448607206345
0.03477172553539276
0.034753717482089996
0.03474971279501915
0.034754566848278046
0.034771375358104706
0.034775055944919586
0.03479806333780289
0.03479035943746567
0.03479848429560661
0.03476570174098015
0.034751057624816895
0.03472503274679184
0.03471505641937256
0.0347050242125988
0.0346987247467041
0.03469996154308319
0.0347016379237175
0.03472018614411354
0.03473764285445213
0.03479040041565895
0.034814491868019104
0.03486645966768265
0.034820958971977234
0.03479908034205437
0.034733846783638
0.03471300005912781
0.03470653295516968
0.03471236675977707
0.03473701328039169
0.03474324569106102
0.03476957231760025
0.03475239872932434
0.03475436195731163
0.03471623733639717
0.03470107540488243
0.034671954810619354
0.034661028534173965
0.03465289995074272
0.03464759141206741
0.03464971482753754
0.03465201333165169
0.03467729315161705
0.0347033329308033
0.034776560962200165
0.03480968251824379
0.034880779683589935
0.03481506556272507
0.034780461341142654
0.03469301015138626
0.034671906381845474
0.03467944264411926
0.034697335213422775
0.034737177193164825
0.03473793342709541
0.034768424928188324
0.03472867235541344
0.0347156897187233
0.034664735198020935
0.03464611619710922
0.034627772867679596
0.034621767699718475
0.0346234105527401
0.03462367504835129
0.034649867564439774
0.03467520326375961
0.03475591540336609
0.03479757532477379
0.03489583730697632
0.03483196347951889
0.034811124205589294
0.034693844616413116
0.03466007858514786
0.03465322405099869
0.03467050567269325
0.03471212834119797
0.03471963107585907
0.034762345254421234
0.03472992032766342
0.034733373671770096
0.034667789936065674
0.0346432626247406
0.03460799902677536
0.03459886834025383
0.03459300845861435
0.03458831086754799
0.034600626677274704
0.034612737596035004
0.03467436879873276
0.03472281992435455
0.03484950214624405
0.03485013172030449
0.034902095794677734
0.03475017473101616
0.03469230234622955
0.03462760150432587
0.034633293747901917
0.03466711938381195
0.03468874841928482
0.034748468548059464
0.034734684973955154
0.03477057069540024
0.03469960764050484
0.034677259624004364
0.03461064398288727
0.034593649208545685
0.034577421844005585
0.034571193158626556
0.03457498922944069
0.03457631170749664
0.03461991250514984
0.03466535732150078
0.03480453044176102
0.03486015647649765
0.035006485879421234
0.03485610708594322
0.03481017425656319
0.03465484827756882
0.034637466073036194
0.03465498611330986
0.034683823585510254
0.034754034131765366
0.034761883318424225
0.03484705090522766
0.034785665571689606
0.03479769453406334
0.03467685729265213
0.03464776277542114
0.034603290259838104
0.03459687903523445
0.03459186851978302
0.03458436205983162
0.03461107611656189
0.03463951125741005
0.03477856144309044
0.0348835252225399
0.03517166152596474
0.03509286418557167
0.035192862153053284
0.034835364669561386
0.03479153290390968
0.03472420573234558
0.034759361296892166
0.03482712805271149
0.03485585004091263
0.03501167893409729
0.035013098269701004
0.035213664174079895
0.035025082528591156
0.03503193333745003
0.03481605276465416
0.0348314605653286
0.03476812690496445
0.03475121036171913
0.03472889959812164
0.03470546007156372
0.03471299633383751
0.0347161628305912
0.03485075384378433
0.03504491597414017
0.03570320084691048
0.03576461970806122
0.03655117377638817
0.03546755760908127
0.03583379089832306
0.03534941375255585
0.03577698394656181
0.03555745631456375
0.03613113984465599
0.03625937178730965
0.03802048787474632
0.03705562651157379
0.041524648666381836
0.03718927875161171
0.046149156987667084
0.039325688034296036
0.04732051119208336
0.043220147490501404
0.04850015789270401
0.045550305396318436
0.05122154951095581
0.046836741268634796
0.054556362330913544
0.04771114140748978
0.05865864455699921
0.04949155077338219
0.06135949492454529
0.0524948388338089
0.06421668827533722
0.055269427597522736
0.066147580742836
0.05773724615573883
0.0680064857006073
0.059303004294633865
0.07065677642822266
0.06095030903816223
0.07150010019540787
0.06224210560321808
0.07421587407588959
0.06406697630882263
0.0762452483177185
0.06499730795621872
0.0748993456363678
0.06568098813295364
0.07664573192596436
0.06608230620622635
0.07620562613010406
0.06647948920726776
0.07576575875282288
0.06605195254087448
0.07527607679367065
0.06586052477359772
0.07590462267398834
0.06559495627880096
0.07428142428398132
0.06470391154289246
0.07219475507736206
0.06400055438280106
0.07092710584402084
0.062686026096344
0.07029464840888977
0.06186569109559059
0.06861700117588043
0.06050438806414604
0.06613047420978546
0.05882812663912773
0.06472048163414001
0.057728178799152374
0.06317222118377686
0.056474439799785614
0.06228015944361687
0.055204469710588455
0.0604453980922699
0.05405395105481148
0.05938345566391945
0.053076740354299545
0.05803842097520828
0.0522247850894928
0.056791938841342926
0.05126872658729553
0.055867452174425125
0.05054081976413727
0.05496618524193764
0.04978064447641373
0.05404995381832123
0.048969753086566925
0.05292689800262451
0.048385538160800934
0.05230795964598656
0.04778951779007912
0.05151296406984329
0.04713062942028046
0.05063161626458168
0.046551547944545746
0.049778081476688385
0.046031687408685684
0.04911758378148079
0.04546666517853737
0.04848432168364525
0.04496224224567413
0.04766034707427025
0.04447874799370766
0.04670947790145874
0.04389980062842369
0.04592867195606232
0.04338671639561653
0.04526079446077347
0.04291167110204697
0.044595520943403244
0.04236048460006714
0.04378429800271988
0.041862986981868744
0.04321672022342682
0.041401129215955734
0.0425434336066246
0.04091794788837433
0.04186222329735756
0.04044492542743683
0.04121867194771767
0.04003788158297539
0.040740519762039185
0.039663635194301605
0.04030775651335716
0.03926314786076546
0.03972417488694191
0.038834504783153534
0.03909732401371002
0.0384259894490242
0.0385625883936882
0.038062382489442825
0.038134824484586716
0.03774231672286987
0.037822283804416656
0.03747587278485298
0.0375635102391243
0.03719020634889603
0.03720793500542641
0.03687918931245804
0.03682888299226761
0.03659418225288391
0.036514949053525925
0.03636115789413452
0.03627245873212814
0.036153681576251984
0.03606779873371124
0.035964805632829666
0.035887543112039566
0.0357995368540287
0.035736486315727234
0.035662535578012466
0.03562241420149803
0.03556135669350624
0.03554018959403038
0.035478994250297546
0.03545067459344864
0.035367485135793686
0.03531249612569809
0.03523973748087883
0.0351937860250473
0.03515627607703209
0.03512296453118324
0.03509937599301338
0.03506552428007126
0.035041674971580505
0.03500276803970337
0.034974005073308945
0.034934721887111664
0.03490558639168739
0.034874219447374344
0.034848831593990326
0.03482479229569435
0.03480266034603119
0.034783538430929184
0.03476373106241226
0.03474854305386543
0.034731343388557434
0.034720662981271744
0.034705750644207
0.03469835966825485
0.034683067351579666
0.03467443957924843
0.03465457260608673
0.03464098274707794
0.03461923822760582
0.03460376709699631
0.03458559885621071
0.034571923315525055
0.03455875441431999
0.034547287970781326
0.034537289291620255
0.03452722728252411
0.034520432353019714
0.034513235092163086
0.03451231122016907
0.03450902923941612
0.034514419734478
0.034509286284446716
0.034510571509599686
0.03449246287345886
0.03448021784424782
0.0344582200050354
0.034445736557245255
0.0344339944422245
0.034426361322402954
0.0344218872487545
0.0344170406460762
0.0344180166721344
0.03441634029150009
0.03442412614822388
0.034422364085912704
0.034429095685482025
0.03441522642970085
0.034406986087560654
0.03438444063067436
0.03437159210443497
0.03435969352722168
0.03435354307293892
0.0343509316444397
0.03434816747903824
0.034352369606494904
0.03435223922133446
0.034361496567726135
0.03435767441987991
0.03435993939638138
0.03434271737933159
0.03433195874094963
0.034313544631004333
0.03430425375699997
0.03429672122001648
0.03429211303591728
0.03429112583398819
0.03428970277309418
0.034296970814466476
0.03430093079805374
0.034317176789045334
0.03431769832968712
0.03432608023285866
0.03430517762899399
0.03429209813475609
0.03426876291632652
0.034258998930454254
0.0342535674571991
0.03425159677863121
0.03425619378685951
0.034257519990205765
0.034270063042640686
0.03427095338702202
0.034281883388757706
0.03426959738135338
0.034265026450157166
0.03424261882901192
0.03423082083463669
0.03421757370233536
0.034211788326501846
0.034208543598651886
0.03420598804950714
0.03421054780483246
0.034214578568935394
0.034233223646879196
0.03424372896552086
0.034269943833351135
0.03426248952746391
0.034263305366039276
0.03422776982188225
0.034208789467811584
0.034189678728580475
0.034185245633125305
0.03418852016329765
0.03419043496251106
0.034205351024866104
0.034209925681352615
0.034229934215545654
0.03422277420759201
0.03422693908214569
0.03420061245560646
0.03418661281466484
0.034164685755968094
0.03415554016828537
0.03415025770664215
0.034147609025239944
0.03415129333734512
0.03415369242429733
0.03417180851101875
0.03418214991688728
0.03421229496598244
0.034211415797472
0.03422463685274124
0.03419196605682373
0.03417332097887993
0.03414212912321091
0.03413207828998566
0.034129008650779724
0.034128785133361816
0.03413853794336319
0.03414439782500267
0.03417091444134712
0.03417792543768883
0.03420379012823105
0.03418596461415291
0.034183137118816376
0.034144964069128036
0.03412637114524841
0.03410741314291954
0.034102991223335266
0.03410493582487106
0.03410494700074196
0.0341188944876194
0.0341280922293663
0.0341610349714756
0.0341673269867897
0.03419395908713341
0.03416740521788597
0.03415801376104355
0.0341159924864769
0.03409603610634804
0.03408303111791611
0.03408227115869522
0.034089453518390656
0.03409232944250107
0.034116800874471664
0.034130536019802094
0.0341726690530777
0.034165799617767334
0.03417874500155449
0.03413581848144531
0.03411657735705376
0.034081682562828064
0.03406830132007599
0.03406437113881111
0.034065816551446915
0.03407846763730049
0.03408456966280937
0.034120459109544754
0.03413701057434082
0.03418402373790741
0.034163862466812134
0.034169238060712814
0.03411627560853958
0.03409271687269211
0.034060534089803696
0.03405127301812172
0.03405581787228584
0.034060604870319366
0.03408094495534897
0.034091103821992874
0.034137312322854996
0.0341462641954422
0.03418287634849548
0.03413659706711769
0.034120671451091766
0.03407273441553116
0.03405505046248436
0.03403683006763458
0.03403158485889435
0.034041471779346466
0.034047484397888184
0.034076545387506485
0.034091658890247345
0.03414829075336456
0.034151967614889145
0.03418384864926338
0.034120671451091766
0.03409653529524803
0.034049391746520996
0.0340336374938488
0.034024678170681
0.03402522951364517
0.034046754240989685
0.03405947610735893
0.034102682024240494
0.034111957997083664
0.0341605618596077
0.03412744030356407
0.03412192687392235
0.034054242074489594
0.03403134644031525
0.03400963917374611
0.034004323184490204
0.034007418900728226
0.034009747207164764
0.03404136374592781
0.03406543284654617
0.034138116985559464
0.034155186265707016
0.03421834111213684
0.03414778411388397
0.03412109240889549
0.03403760492801666
0.03401707857847214
0.03401422128081322
0.03402337431907654
0.034055229276418686
0.0340680368244648
0.03412627428770065
0.034122638404369354
0.03416163846850395
0.0341021902859211
0.03408529609441757
0.03402118384838104
0.03400278463959694
0.03398311883211136
0.03397674113512039
0.033978838473558426
0.03397829458117485
0.03401097655296326
0.03404339402914047
0.03414664790034294
0.03419391065835953
0.034321561455726624
0.03424079716205597
0.03422817960381508
0.03408677875995636
0.034045543521642685
0.03402787446975708
0.03404585272073746
0.034090522676706314
0.0341033861041069
0.034179024398326874
0.03417539969086647
0.034243322908878326
0.034153420478105545
0.034125927835702896
0.034041088074445724
0.0340309701859951
0.03401279076933861
0.034000229090452194
0.03400216996669769
0.03400545194745064
0.034062646329402924
0.034113481640815735
0.03427440673112869
0.03432849794626236
0.03450736030936241
0.03433145955204964
0.03429952636361122
0.0341065376996994
0.034093037247657776
0.03410390391945839
0.03413231298327446
0.0342150442302227
0.03423313796520233
0.03436493128538132
0.03431214392185211
0.034370057284832
0.03421434015035629
0.0341777466237545
0.03408236801624298
0.034073106944561005
0.03405917435884476
0.034051403403282166
0.034068331122398376
0.03407560661435127
0.03419119864702225
0.03429529815912247
0.034607525914907455
0.03458943963050842
0.03480168431997299
0.0344439372420311
0.03444032743573189
0.034241922199726105
0.03423171490430832
0.03424854949116707
0.034279730170965195
0.03435790166258812
0.03435513749718666
0.03456815332174301
0.034634482115507126
0.03495530039072037
0.03458176180720329
0.034613627940416336
0.034373823553323746
0.03447025269269943
0.034376922994852066
0.03434799611568451
0.03431127220392227
0.034349601715803146
0.03435733914375305
0.034484267234802246
0.03454306721687317
0.03511625528335571
0.035223983228206635
0.036035533994436264
0.03515803813934326
0.03533706068992615
0.03475149720907211
0.03525777906179428
0.03493109345436096
0.035166043788194656
0.03522786870598793
0.03616565838456154
0.036102164536714554
0.038387879729270935
0.0360238291323185
0.040608152747154236
0.03644581511616707
0.04475606605410576
0.03915973752737045
0.0476471409201622
0.04303191602230072
0.049899183213710785
0.045283302664756775
0.0519195981323719
0.046849921345710754
0.0540282316505909
0.04836001992225647
0.05839283764362335
0.0501958429813385
0.06175476312637329
0.05226289853453636
0.06414730846881866
0.05539809912443161
0.06686276942491531
0.05777599662542343
0.06918951869010925
0.06005226448178291
0.07232499122619629
0.062383152544498444
0.07660926878452301
0.06469544023275375
0.07888205349445343
0.06769683957099915
0.08157695084810257
0.07009325921535492
0.08484392613172531
0.07203492522239685
0.0851469486951828
0.07392381131649017
0.08540798723697662
0.07453520596027374
0.08626782894134521
0.0741894468665123
0.08494161069393158
0.07423628866672516
0.08471010625362396
0.07366481423377991
0.08411663770675659
0.07286235690116882
0.08174888044595718
0.07180661708116531
0.07937494665384293
0.06979167461395264
0.07682390511035919
0.06780481338500977
0.07427296787500381
0.06579085439443588
0.07208503782749176
0.06385794281959534
0.06994637846946716
0.06171710789203644
0.06763678789138794
0.059911035001277924
0.06563936173915863
0.05832415819168091
0.06367965042591095
0.056679483503103256
0.061717912554740906
0.05515371263027191
0.059762924909591675
0.05390340834856033
0.05820918455719948
0.05258694291114807
0.05721740424633026
0.051409266889095306
0.0560586117208004
0.05054180324077606
0.054948970675468445
0.049557652324438095
0.05344884842634201
0.0487736277282238
0.05232856050133705
0.04798663780093193
0.051445864140987396
0.047228872776031494
0.050652772188186646
0.04651308432221413
0.049584947526454926
0.04569234699010849
0.04836314916610718
0.045053496956825256
0.047616440802812576
0.04459361359477043
0.04708625003695488
0.04392464831471443
0.04591512680053711
0.04320472106337547
0.04489913210272789
0.04269210621714592
0.04433533549308777
0.04212994873523712
0.043629616498947144
0.0415780246257782
0.04295244812965393
0.04109079763293266
0.04228818789124489
0.04064669832587242
0.04174693301320076
0.04017197713255882
0.04108186811208725
0.039698902517557144
0.04035612940788269
0.03926198184490204
0.03972024843096733
0.03884167596697807
0.039155587553977966
0.03842718154191971
0.038623787462711334
0.038002826273441315
0.03810116648674011
0.03759276494383812
0.03761741518974304
0.037215787917375565
0.03718484938144684
0.0368645153939724
0.036791667342185974
0.03654341399669647
0.03645329177379608
0.036254409700632095
0.03616325929760933
0.0360005646944046
0.03591485694050789
0.03577857464551926
0.03569858893752098
0.03557935729622841
0.03550596907734871
0.03540166839957237
0.03533359616994858
0.035245541483163834
0.035181961953639984
0.035106632858514786
0.035049621015787125
0.03498470410704613
0.034932445734739304
0.034876395016908646
0.034829504787921906
0.03478042408823967
0.03473854064941406
0.03469523414969444
0.03465785086154938
0.03461955115199089
0.03458650782704353
0.03455255925655365
0.03452378883957863
0.034493546932935715
0.0344688817858696
0.03444194048643112
0.034420959651470184
0.03439665213227272
0.034379396587610245
0.034356698393821716
0.034340474754571915
0.03431744500994682
0.03430010378360748
0.034276820719242096
0.03425891324877739
0.03423771262168884
0.03422095254063606
0.03420325368642807
0.03418793901801109
0.03417251631617546
0.03415842726826668
0.034144919365644455
0.034131694585084915
0.03411954641342163
0.03410744294524193
0.034096792340278625
0.03408609330654144
0.03407793864607811
0.03406951203942299
0.034066539257764816
0.03406260162591934
0.034067556262016296
0.03406494855880737
0.0340711809694767
0.03405734524130821
0.03404926881194115
0.0340249165892601
0.03401012346148491
0.03399461507797241
0.03398602083325386
0.03398047387599945
0.0339750200510025
0.033975016325712204
0.03397146239876747
0.033975664526224136
0.03397003561258316
0.033970702439546585
0.03395616635680199
0.033947329968214035
0.033930208534002304
0.03392016142606735
0.033909864723682404
0.03390318155288696
0.03389850631356239
0.03389376774430275
0.03389332443475723
0.03389155864715576
0.03389766067266464
0.03389774262905121
0.03390609845519066
0.033897947520017624
0.033895839005708694
0.03387681394815445
0.03386556729674339
0.03385144844651222
0.03384479507803917
0.03384029120206833
0.03383658081293106
0.033837802708148956
0.033837273716926575
0.03384554386138916
0.033847060054540634
0.0338580496609211
0.033849991858005524
0.03384864330291748
0.03382829204201698
0.033817093819379807
0.03380283713340759
0.0337965190410614
0.03379279375076294
0.033789992332458496
0.03379267826676369
0.03379357233643532
0.03380446881055832
0.03380759805440903
0.033821240067481995
0.03381253033876419
0.03381086140871048
0.0337880477309227
0.03377614915370941
0.03376191109418869
0.03375604376196861
0.03375302627682686
0.03375071659684181
0.03375531733036041
0.03375758230686188
0.03377128764986992
0.03377506509423256
0.033790480345487595
0.03378022089600563
0.03377757593989372
0.033752523362636566
0.033739667385816574
0.033725716173648834
0.033720895648002625
0.03371996432542801
0.03371921181678772
0.03372657671570778
0.03373006731271744
0.03374712914228439
0.03374912962317467
0.03376297652721405
0.03374718502163887
0.03374100849032402
0.03371579572558403
0.03370370715856552
0.03369264304637909
0.033688537776470184
0.03368868678808212
0.03368865326046944
0.03369928523898125
0.033706434071063995
0.033731646835803986
0.033738233149051666
0.03376084938645363
0.03374185413122177
0.03373362123966217
0.03369830176234245
0.033682793378829956
0.03367188945412636
0.03367060795426369
0.0336761511862278
0.03367820382118225
0.03369450569152832
0.03369835764169693
0.03372024744749069
0.03371308371424675
0.033719610422849655
0.03369203954935074
0.03367774561047554
0.0336545929312706
0.03364572301506996
0.033640384674072266
0.033637791872024536
0.03364286571741104
0.03364666923880577
0.033668190240859985
0.03368108719587326
0.03371628746390343
0.033715590834617615
0.03372783958911896
0.03368842229247093
0.03366706147789955
0.033636391162872314
0.03362865746021271
0.0336296409368515
0.0336320586502552
0.03364735469222069
0.033653341233730316
0.03367896378040314
0.03367636352777481
0.03369051218032837
0.03366437181830406
0.033654097467660904
0.03362360969185829
0.033611416816711426
0.03360097110271454
0.033596646040678024
0.033597417175769806
0.03359774127602577
0.033613529056310654
0.03362645208835602
0.03366563469171524
0.033680979162454605
0.033721428364515305
0.033694151788949966
0.033683307468891144
0.033628832548856735
0.03360772877931595
0.033595748245716095
0.03359765186905861
0.033611398190259933
0.03361823409795761
0.03364916518330574
0.03365226462483406
0.03367744758725166
0.03365267068147659
0.03364653140306473
0.03360685333609581
0.03358989581465721
0.03357229009270668
0.03356701135635376
0.03356816619634628
0.03356822207570076
0.03358576074242592
0.03360198065638542
0.03365334868431091
0.0336766354739666
0.03373095020651817
0.03369656577706337
0.03368557244539261
0.033616092056035995
0.03358907997608185
0.03357497602701187
0.03358063846826553
0.033600591123104095
0.03360620513558388
0.033641401678323746
0.03364202752709389
0.033669281750917435
0.03363340348005295
0.03362223505973816
0.03358069062232971
0.03356624022126198
0.03354785218834877
0.03354083374142647
0.03354290872812271
0.03354345262050629
0.033562831580638885
0.033582448959350586
0.033648837357759476
0.03368585929274559
0.03377203643321991
0.03372885659337044
0.033726684749126434
0.03363136202096939
0.033595308661460876
0.033571757376194
0.03358037769794464
0.03361004963517189
0.03361834958195686
0.03365836292505264
0.03364908695220947
0.03367992118000984
0.0336308553814888
0.03361364081501961
0.03356585651636124
0.03355524316430092
0.03353910893201828
0.03352819383144379
0.033526260405778885
0.03352610021829605
0.033548712730407715
0.03357136249542236
0.03365440294146538
0.03371385484933853
0.033849477767944336
0.03379475697875023
0.03379220888018608
0.033650245517492294
0.03361218795180321
0.03358978033065796
0.03360433131456375
0.03365286439657211
0.033666178584098816
0.03371879458427429
0.033681731671094894
0.03369399905204773
0.033621981739997864
0.03359569236636162
0.03355005383491516
0.0335407629609108
0.0335349403321743
0.03352958709001541
0.03354085236787796
0.03354877978563309
0.03361238166689873
0.033665355294942856
0.03380344808101654
0.03380953520536423
0.0338871106505394
0.033723410218954086
0.03366434946656227
0.03357844799757004
0.03358303755521774
0.03361930698156357
0.0336436964571476
0.03371194005012512
0.03369671106338501
0.03373545780777931
0.03365863114595413
0.03363572433590889
0.0335661917924881
0.03354872018098831
0.033525411039590836
0.03351673483848572
0.03351695090532303
0.03351229801774025
0.033542461693286896
0.033574774861335754
0.033691488206386566
0.03376093879342079
0.03394757956266403
0.033862438052892685
0.033890753984451294
0.03368480131030083
0.03363591432571411
0.03359759598970413
0.03361867740750313
0.03366757184267044
0.03368300944566727
0.03377210721373558
0.033763375133275986
0.03385458141565323
0.03374912217259407
0.033725954592227936
0.033617161214351654
0.033613014966249466
0.03358133137226105
0.03356311470270157
0.03355587273836136
0.03354983031749725
0.033585384488105774
0.03362156078219414
0.03378904610872269
0.03392596170306206
0.034305185079574585
0.034146904945373535
0.034251876175403595
0.033848825842142105
0.03384514898061752
0.033780403435230255
0.0337972454726696
0.033857982605695724
0.033895403146743774
0.03407151252031326
0.03407659754157066
0.03434953838586807
0.03416815027594566
0.034238167107105255
0.03389415889978409
0.0339123010635376
0.03381616622209549
0.033821627497673035
0.03381333872675896
0.03378858044743538
0.03382032364606857
0.03383679315447807
0.03408026695251465
0.034312255680561066
0.035096753388643265
0.03477388247847557
0.035359613597393036
0.03434601053595543
0.03476059064269066
0.03435935825109482
0.03478742763400078
0.034644726663827896
0.035413723438978195
0.03550751879811287
0.03787198290228844
0.036168694496154785
0.04143734276294708
0.03610739856958389
0.04498589411377907
0.03896546736359596
0.04605664685368538
0.04232671856880188
0.04797942191362381
0.04473021626472473
0.05115087330341339
0.04584987461566925
0.05385565012693405
0.046846143901348114
0.05641433596611023
0.048618122935295105
0.05916488543152809
0.0512477308511734
0.06246820464730263
0.053226638585329056
0.0646178275346756
0.05596453323960304
0.06712215393781662
0.058138422667980194
0.0698566734790802
0.059837911278009415
0.07228207588195801
0.06189384311437607
0.07493963837623596
0.06431718170642853
0.07766398787498474
0.06606784462928772
0.07869890332221985
0.06795302778482437
0.0815887600183487
0.06966082751750946
0.08275283873081207
0.07061178982257843
0.08234530687332153
0.07168067246675491
0.08352865278720856
0.07222713530063629
0.08412465453147888
0.07211743295192719
0.08317407965660095
0.0717354342341423
0.08130021393299103
0.070771723985672
0.07916299998760223
0.06978781521320343
0.07717548310756683
0.06770209968090057
0.07513096928596497
0.06605587899684906
0.07286585867404938
0.06437700986862183
0.07102303206920624
0.06229429692029953
0.06891828030347824
0.06115346401929855
0.06750429421663284
0.05943779647350311
0.06541025638580322
0.05771467462182045
0.06342443078756332
0.05625376105308533
0.061705462634563446
0.05484782159328461
0.059917159378528595
0.05374974012374878
0.05868906527757645
0.052527256309986115
0.057993337512016296
0.05158271640539169
0.05689666420221329
0.050797007977962494
0.05572842061519623
0.050043798983097076
0.05437625199556351
0.04919477552175522
0.0531533807516098
0.048355843871831894
0.0518050454556942
0.047474682331085205
0.05085020139813423
0.04660811647772789
0.04988282918930054
0.045888759195804596
0.04888983815908432
0.0451178140938282
0.047720279544591904
0.044456809759140015
0.046797823160886765
0.043841402977705
0.04620307311415672
0.0432622991502285
0.04555116221308708
0.042727455496788025
0.04497819393873215
0.04216807335615158
0.04404265433549881
0.04163563996553421
0.04308005049824715
0.0411081500351429
0.04223458468914032
0.04058986157178879
0.04160752519965172
0.04009545221924782
0.04092874750494957
0.03964317589998245
0.04037702456116676
0.03914305195212364
0.039735160768032074
0.03864043205976486
0.03903665393590927
0.038191117346286774
0.03841172903776169
0.03773830085992813
0.037861306220293045
0.03733809292316437
0.03741077333688736
0.036968693137168884
0.036982212215662
0.0366058424115181
0.0365714356303215
0.036259882152080536
0.03618493303656578
0.03595177084207535
0.035861462354660034
0.03568066656589508
0.03558630123734474
0.03544062003493309
0.03535144031047821
0.03522877395153046
0.035148415714502335
0.035044338554143906
0.03497707471251488
0.034886684268713
0.03482995927333832
0.03475029394030571
0.03469867631793022
0.034623704850673676
0.03457224741578102
0.03450412303209305
0.03445377200841904
0.03439600393176079
0.03434949368238449
0.034302838146686554
0.03426140919327736
0.034222543239593506
0.034184958785772324
0.03415241464972496
0.03411922603845596
0.034092262387275696
0.034063179045915604
0.03404146805405617
0.03401532024145126
0.033997561782598495
0.03397253155708313
0.033954814076423645
0.03392758220434189
0.03390749543905258
0.033880870789289474
0.03386073559522629
0.033838193863630295
0.033819835633039474
0.033801645040512085
0.03378508239984512
0.03376995772123337
0.033755090087652206
0.03374239802360535
0.03372934088110924
0.0337199941277504
0.033709440380334854
0.033704809844493866
0.03369667008519173
0.03369579836726189
0.03368564695119858
0.03368131443858147
0.03366357833147049
0.03365180641412735
0.03363264352083206
0.03362029418349266
0.0336071215569973
0.03359750285744667
0.0335894338786602
0.03358150273561478
0.033577028661966324
0.0335717499256134
0.033572740852832794
0.033570218831300735
0.03357597067952156
0.033569999039173126
0.03356964886188507
0.03355250507593155
0.033541757613420486
0.033523671329021454
0.03351392224431038
0.03350523114204407
0.03349921479821205
0.03349631279706955
0.033492498099803925
0.033495012670755386
0.03349382430315018
0.033501170575618744
0.03349745646119118
0.03349956125020981
0.0334840789437294
0.0334748812019825
0.03345787897706032
0.03344908729195595
0.03344058617949486
0.03343532234430313
0.03343240171670914
0.03342907130718231
0.03343193233013153
0.03343269228935242
0.03344253823161125
0.03344353660941124
0.03345317021012306
0.03344208002090454
0.03343672305345535
0.033415235579013824
0.03340448811650276
0.03339356184005737
0.033388637006282806
0.03338645398616791
0.03338418900966644
0.03338870778679848
0.03338967263698578
0.03340071067214012
0.03340095654129982
0.03340993449091911
0.0333976075053215
