# lbfgs, lr=0.8, alpha = 1000000, beta = 0.1
# best_iter: 98, best_loss = 0.25263917446136475, imsave period = 10
204.36602783203125
24.40012550354004
5.879425048828125
2.281494617462158
1.281624674797058
0.855881929397583
0.6728614568710327
0.5549830794334412
0.49557358026504517
0.44974303245544434
0.42298969626426697
0.4021143913269043
0.3880053162574768
0.3741757273674011
0.3619435131549835
0.35238927602767944
0.3442152142524719
0.3370720446109772
0.33172816038131714
0.3263247609138489
0.32124990224838257
0.31732359528541565
0.31322231888771057
0.309968501329422
0.3065376579761505
0.30354416370391846
0.300812304019928
0.29907190799713135
0.29628974199295044
0.30357033014297485
0.2933957874774933
0.29060646891593933
0.2885437607765198
0.2882983386516571
0.28559422492980957
0.31639885902404785
0.28311803936958313
0.2817789614200592
0.2816382646560669
0.2806221842765808
0.30039462447166443
0.2834462821483612
0.2796704173088074
0.2767309844493866
0.2751999795436859
0.27380868792533875
0.2761806547641754
0.2732385993003845
0.27201128005981445
22.239660263061523
3.2004072666168213
0.5884511470794678
0.40350502729415894
0.3511095643043518
0.32651519775390625
0.3122384548187256
0.303477019071579
0.2950127422809601
0.28918230533599854
0.28501564264297485
0.2812442183494568
0.278149276971817
0.27549323439598083
0.27286338806152344
0.2708495259284973
0.2692892551422119
0.26800891757011414
0.2665054202079773
0.26526859402656555
0.26539528369903564
0.26734524965286255
0.263092041015625
0.26213181018829346
0.26206615567207336
0.2619876563549042
0.26062119007110596
0.26436737179756165
0.2595267593860626
0.25855863094329834
0.2594020366668701
0.2579493820667267
0.25725916028022766
0.25771376490592957
0.2566085457801819
0.2577471435070038
0.25666147470474243
0.25560322403907776
7.834052085876465
0.27441543340682983
0.26328328251838684
0.2593945264816284
0.2570607662200928
0.2556528151035309
0.25468912720680237
0.25387996435165405
0.2548576295375824
0.25330257415771484
0.2622067332267761
0.25263917446136475
44.311607360839844
