# lbfgs, lr=0.8, alpha = 1000000, beta = 0.1
# best_iter: 99, best_loss = 0.06846117973327637, imsave period = 10
13.286515235900879
0.8135287761688232
0.3489978015422821
0.17975935339927673
0.1150532066822052
0.08980913460254669
0.08216237276792526
0.07769450545310974
0.0752294510602951
0.07363829761743546
0.07259201258420944
0.07182338833808899
0.07129208743572235
0.07089962810277939
0.070607490837574
0.07038156688213348
0.07020164281129837
0.07005391269922256
0.06993003189563751
0.06982585042715073
0.06973639130592346
0.06965745985507965
0.06958886981010437
0.06952746957540512
0.06947215646505356
0.06942199170589447
0.069376140832901
0.0693344846367836
0.06929585337638855
0.06926067918539047
0.06922763586044312
0.06919724494218826
0.06916909664869308
0.06914296746253967
0.069118432700634
0.0690951943397522
0.0690731331706047
0.06905188411474228
0.0690319761633873
0.06901268661022186
0.06899427622556686
0.06897683441638947
0.0689600259065628
0.06894391775131226
0.06892851740121841
0.06891379505395889
0.06889952719211578
0.0688856840133667
0.0688721090555191
0.06885910034179688
0.06884652376174927
0.06883440911769867
0.0688224509358406
0.06881104409694672
0.06879982352256775
0.06878893822431564
0.06877828389406204
0.06876766681671143
0.06875739991664886
0.06874721497297287
0.06873732060194016
0.06872771680355072
0.06871823221445084
0.06870894134044647
0.06869994848966599
0.06869106739759445
0.06868226826190948
0.06867369264364243
0.06866519898176193
0.06865695863962173
0.0686488151550293
0.06864091008901596
0.06863314658403397
0.06862548738718033
0.06861788034439087
0.06861039996147156
0.06860316544771194
0.0685959979891777
0.06858891248703003
0.06858199089765549
0.06857506185770035
0.06856828182935715
0.06856165826320648
0.06855515390634537
0.06854873895645142
0.06854248046875
0.06853625923395157
0.06853006035089493
0.06852395832538605
0.06851791590452194
0.06851193308830261
0.06850602477788925
0.06850018352270126
0.0684945210814476
0.06848879158496857
0.06848317384719849
0.0684775561094284
0.06847202777862549
0.06846654415130615
0.06846117973327637
