# adam, lr=0.01, alpha = 1000000, beta = 0.1
# best_iter: 2996, best_loss = 0.13857850432395935, imsave period = 300
10.26632308959961
5.237394332885742
3.9722158908843994
3.4112119674682617
3.088961124420166
2.883680820465088
2.7420618534088135
2.6334457397460938
2.5379555225372314
2.444512367248535
2.348628520965576
2.250338554382324
2.151092290878296
2.0529091358184814
1.9573208093643188
1.8654156923294067
1.7780253887176514
1.6954270601272583
1.617996096611023
1.5455882549285889
1.478030800819397
1.4150667190551758
1.3563084602355957
1.3015494346618652
1.2504713535308838
1.2026641368865967
1.1578668355941772
1.115807294845581
1.0763747692108154
1.039284110069275
1.0044121742248535
0.9714966416358948
0.940372109413147
0.9110552668571472
0.8833784461021423
0.8571208119392395
0.8322967886924744
0.8087581992149353
0.7864668369293213
0.7653374075889587
0.745262086391449
0.7262389063835144
0.7081915140151978
0.6910168528556824
0.6746793389320374
0.6592086553573608
0.6444947719573975
0.630471408367157
0.6170920133590698
0.6043252348899841
0.5921372175216675
0.5805215835571289
0.5694214105606079
0.5587867498397827
0.5486500263214111
0.5389548540115356
0.529654860496521
0.5207445025444031
0.5121845602989197
0.5039647817611694
0.49604758620262146
0.48844659328460693
0.481136679649353
0.47409743070602417
0.467301607131958
0.46076613664627075
0.4544636905193329
0.44837647676467896
0.44250404834747314
0.43683451414108276
0.43136101961135864
0.42607051134109497
0.4209408760070801
0.4159799814224243
0.41118112206459045
0.4065302610397339
0.4020330309867859
0.39766189455986023
0.3934095501899719
0.3892935514450073
0.3852856755256653
0.3814017176628113
0.3776247799396515
0.3739517629146576
0.37038037180900574
0.36690405011177063
0.36352041363716125
0.3602306842803955
0.3570299744606018
0.3539082109928131
0.35086381435394287
0.3478948473930359
0.34500646591186523
0.3421872556209564
0.3394370675086975
0.33675211668014526
0.33413150906562805
0.33156752586364746
0.32906240224838257
0.3266206681728363
0.32423776388168335
0.3219015896320343
0.3196139931678772
0.3173774480819702
0.3151891231536865
0.3130423426628113
0.3109413683414459
0.30888310074806213
0.3068707585334778
0.30490002036094666
0.3029695749282837
0.30107828974723816
0.29921942949295044
0.29739701747894287
0.2956104278564453
0.29386138916015625
0.2921428680419922
0.29045844078063965
0.2888071537017822
0.2871866822242737
0.28559643030166626
0.2840365767478943
0.2824995517730713
0.2809906601905823
0.2795085906982422
0.27805158495903015
0.2766180634498596
0.27521175146102905
0.27382826805114746
0.2724651098251343
0.27112507820129395
0.26980483531951904
0.2685050964355469
0.2672317624092102
0.26597848534584045
0.26474353671073914
0.26352769136428833
0.26233434677124023
0.26115792989730835
0.2599957287311554
0.2588549852371216
0.2577335834503174
0.2566348910331726
0.25554949045181274
0.2544781565666199
0.25342413783073425
0.2523874044418335
0.25136688351631165
0.2503631114959717
0.24937064945697784
0.2483927607536316
0.247428297996521
0.24647706747055054
0.24553830921649933
0.2446182668209076
0.2437109500169754
0.24281397461891174
0.24193063378334045
0.24105960130691528
0.2402009814977646
0.23935404419898987
0.2385188341140747
0.237695574760437
0.23688063025474548
0.23607733845710754
0.23528462648391724
0.23450274765491486
0.23373034596443176
0.23296985030174255
0.23221918940544128
0.23147785663604736
0.23074458539485931
0.23002450168132782
0.22930923104286194
0.2286081612110138
0.22791655361652374
0.22722935676574707
0.2265525609254837
0.22588352859020233
0.22522494196891785
0.2245716154575348
0.2239304780960083
0.2232956886291504
0.2226649522781372
0.22204585373401642
0.22143438458442688
0.22082680463790894
0.22022777795791626
0.2196371704339981
0.219054713845253
0.21847939491271973
0.21790996193885803
0.21734663844108582
0.21679115295410156
0.21624329686164856
0.21569949388504028
0.21516716480255127
0.21464046835899353
0.2141142338514328
0.2135990858078003
0.21308842301368713
0.21258360147476196
0.21208396553993225
0.21159157156944275
0.21110117435455322
0.2106197327375412
0.210142582654953
0.20967110991477966
0.20920410752296448
0.20874445140361786
0.20828856527805328
0.20783771574497223
0.20739175379276276
0.20694859325885773
0.20651303231716156
0.20607930421829224
0.20564989745616913
0.205227330327034
0.20480793714523315
0.2043916881084442
0.2039812207221985
0.20357419550418854
0.20317237079143524
0.20277491211891174
0.20238137245178223
0.20198974013328552
0.20160341262817383
0.20121897757053375
0.2008407711982727
0.2004646211862564
0.20009452104568481
0.1997242271900177
0.1993609368801117
0.19900017976760864
0.1986435502767563
0.1982889175415039
0.19794140756130219
0.19759143888950348
0.1972489058971405
0.19690819084644318
0.19657355546951294
0.1962386667728424
0.19591541588306427
0.1955874264240265
0.1952691227197647
0.19494527578353882
0.194632425904274
0.19431200623512268
0.19400030374526978
0.1936858594417572
0.193381205201149
0.19307364523410797
0.19277600944042206
0.19247432053089142
0.19218523800373077
0.19188657402992249
0.19160354137420654
0.19131524860858917
0.19103577733039856
0.190749853849411
0.19047564268112183
0.19018863141536713
0.18991586565971375
0.18963183462619781
0.18936170637607574
0.1890856772661209
0.18882068991661072
0.1885523647069931
0.18829436600208282
0.18803168833255768
0.18778468668460846
0.18752874433994293
0.1872907280921936
0.18703851103782654
0.1868000030517578
0.18654292821884155
0.18629562854766846
0.18603193759918213
0.18578839302062988
0.18553686141967773
0.18529652059078217
0.1850559264421463
0.18482255935668945
0.1845901608467102
0.1843712031841278
0.1841571033000946
0.18397298455238342
0.18377941846847534
0.1835920512676239
0.1833454966545105
0.18311089277267456
0.18284490704536438
0.18261665105819702
0.1823967844247818
0.18218745291233063
0.18199802935123444
0.181809663772583
0.1816502809524536
0.1814669966697693
0.18128104507923126
0.18102477490901947
0.18079480528831482
0.18055669963359833
0.18035733699798584
0.1801733821630478
0.17999839782714844
0.17985406517982483
0.17969238758087158
0.1795392483472824
0.1793147623538971
0.17909881472587585
0.17885251343250275
0.1786576360464096
0.17847906053066254
0.17831408977508545
0.17817969620227814
0.17803621292114258
0.17791642248630524
0.1777314692735672
0.17753413319587708
0.1772802770137787
0.1770823746919632
0.17690066993236542
0.176742285490036
0.17661118507385254
0.17648324370384216
0.17637979984283447
0.17622822523117065
0.17606285214424133
0.17581897974014282
0.17561373114585876
0.17542490363121033
0.17527201771736145
0.1751444786787033
0.17502188682556152
0.1749330312013626
0.17481066286563873
0.17467989027500153
0.1744541972875595
0.1742478907108307
0.17404375970363617
0.17389528453350067
0.17377007007598877
0.17365683615207672
0.17358407378196716
0.17349928617477417
0.17341314256191254
0.1732214093208313
0.17300356924533844
0.17276960611343384
0.17262855172157288
0.1725330948829651
0.17244836688041687
0.17238789796829224
0.1722572147846222
0.1721085011959076
0.17187535762786865
0.17169030010700226
0.1715312898159027
0.1714121699333191
0.17132911086082458
0.17125537991523743
0.17121851444244385
0.1711234450340271
0.17099086940288544
0.17075151205062866
0.17055270075798035
0.17039071023464203
0.17029054462909698
0.17023234069347382
0.1701802909374237
0.17015452682971954
0.1700432002544403
0.16987672448158264
0.1696266233921051
0.16945265233516693
0.16932682693004608
0.16924327611923218
0.16920119524002075
0.1691576987504959
0.1691279262304306
0.16900195181369781
0.16883106529712677
0.1685853898525238
0.16842302680015564
0.16832223534584045
0.16826075315475464
0.16824379563331604
0.16821342706680298
0.16817538440227509
0.16800729930400848
0.16780725121498108
0.16757716238498688
0.16745665669441223
0.16738823056221008
0.1673496663570404
0.1673460602760315
0.1673097312450409
0.16724729537963867
0.16704624891281128
0.1668408066034317
0.1666443943977356
0.1665509194135666
0.16650661826133728
0.1664791703224182
0.166489839553833
0.1664479374885559
0.16635246574878693
0.16612976789474487
0.16592642664909363
0.16576676070690155
0.16569212079048157
0.16567257046699524
0.1656673401594162
0.16569189727306366
0.16563761234283447
0.16551172733306885
0.16525138914585114
0.16506430506706238
0.16496066749095917
0.16492915153503418
0.1649431735277176
0.16494692862033844
0.16493156552314758
0.1647910624742508
0.16459496319293976
0.16436462104320526
0.16424767673015594
0.16420193016529083
0.1641891598701477
0.16422894597053528
0.1642570048570633
0.16423197090625763
0.16404637694358826
0.16381415724754333
0.16360005736351013
0.16353391110897064
0.16353939473628998
0.16355498135089874
0.16357068717479706
0.16350160539150238
0.16334906220436096
0.16311109066009521
0.16295689344406128
0.16286399960517883
0.1628185510635376
0.16283023357391357
0.1628638654947281
0.16294170916080475
0.16293705999851227
0.1628003716468811
0.16249653697013855
0.16229857504367828
0.16223789751529694
0.16226813197135925
0.1623305082321167
0.1623176634311676
0.16222316026687622
0.16198691725730896
0.16179785132408142
0.16166263818740845
0.16161683201789856
0.16162921488285065
0.16166599094867706
0.16176073253154755
0.1618080735206604
0.16172415018081665
0.16143099963665009
0.16119378805160522
0.16108040511608124
0.1611003875732422
0.1611616462469101
0.16116935014724731
0.16110911965370178
0.16091327369213104
0.16072535514831543
0.16055741906166077
0.1604878306388855
0.160455584526062
0.1604657620191574
0.16058051586151123
0.16076761484146118
0.16092602908611298
0.1608322709798813
0.16045019030570984
0.16007888317108154
0.16010361909866333
0.16025671362876892
0.16030289232730865
0.16019012033939362
0.1598910391330719
0.15969449281692505
0.15962380170822144
0.15964943170547485
0.1597367823123932
0.15978464484214783
0.15978069603443146
0.15959472954273224
0.15935009717941284
0.1591426432132721
0.15909859538078308
0.15912531316280365
0.1591673493385315
0.15924957394599915
0.15924930572509766
0.15915820002555847
0.15890730917453766
0.15871433913707733
0.15859131515026093
0.15857252478599548
0.1586235612630844
0.15869967639446259
0.15882374346256256
0.1588703691959381
0.15874715149402618
0.15841975808143616
0.15820831060409546
0.15814676880836487
0.15819913148880005
0.1583017259836197
0.15833677351474762
0.15829087793827057
0.15808093547821045
0.15787538886070251
0.15770259499549866
0.1576605886220932
0.15769067406654358
0.15776385366916656
0.15794065594673157
0.1581352800130844
0.15818378329277039
0.15793569386005402
0.1575412005186081
0.15733718872070312
0.1574324071407318
0.15757958590984344
0.1575935333967209
0.15746784210205078
0.15719276666641235
0.15702006220817566
0.15693724155426025
0.1569397896528244
0.15701824426651
0.15712252259254456
0.15727949142456055
0.15735244750976562
0.15719278156757355
0.1568196564912796
0.15660430490970612
0.15659815073013306
0.1567080020904541
0.15682554244995117
0.1568337380886078
0.15671806037425995
0.1564294844865799
0.15626110136508942
0.15617728233337402
0.15619198977947235
0.15628094971179962
0.1564198136329651
0.15662048757076263
0.1567545384168625
0.15656256675720215
0.15612579882144928
0.15590529143810272
0.15595805644989014
0.15612582862377167
0.15622684359550476
0.15616147220134735
0.15594519674777985
0.15563702583312988
0.1555483043193817
0.15558278560638428
0.15566588938236237
0.15583182871341705
0.15597771108150482
0.15600213408470154
0.1557733714580536
0.15543702244758606
0.15523092448711395
0.155289888381958
0.1554144024848938
0.1555282473564148
0.1555686593055725
0.1554030478000641
0.15517835319042206
0.1549316942691803
0.1548812985420227
0.15491297841072083
0.1549772173166275
0.15514647960662842
0.15535062551498413
0.1554703265428543
0.15536223351955414
0.1549873799085617
0.15463943779468536
0.15466156601905823
0.15479761362075806
0.1549210548400879
0.1549745500087738
0.15481840074062347
0.1546037346124649
0.15434660017490387
0.1542891412973404
0.15431617200374603
0.15435992181301117
0.15453925728797913
0.15480221807956696
0.15504534542560577
0.15511640906333923
0.15467847883701324
0.15416179597377777
0.15416660904884338
0.15436238050460815
0.15451426804065704
0.15448996424674988
0.1542017161846161
0.1539619266986847
0.15381383895874023
0.15385526418685913
0.15398551523685455
0.15411528944969177
0.1542927622795105
0.15435291826725006
0.15412937104701996
0.15372532606124878
0.15353995561599731
0.1535663604736328
0.15370133519172668
0.15381015837192535
0.15387149155139923
0.1538536697626114
0.1535898745059967
0.1533653438091278
0.15320928394794464
0.15320594608783722
0.1532732993364334
0.15335747599601746
0.15361100435256958
0.15396836400032043
0.1540963053703308
0.15390589833259583
0.15336471796035767
0.15306410193443298
0.1532537192106247
0.15340544283390045
0.1534644365310669
0.15341314673423767
0.15308383107185364
0.15289783477783203
0.15278053283691406
0.15281589329242706
0.15294568240642548
0.15307404100894928
0.15334919095039368
0.1536378711462021
0.1535036563873291
0.15304997563362122
0.15265649557113647
0.152655690908432
0.15288278460502625
0.15297740697860718
0.15294413268566132
0.15283611416816711
0.15249919891357422
0.15235067903995514
0.15230920910835266
0.15237225592136383
0.15253381431102753
0.15273579955101013
0.15309756994247437
0.15342916548252106
0.15311077237129211
0.15247520804405212
0.15220794081687927
0.1523960828781128
0.15264052152633667
0.15263275802135468
0.15244852006435394
0.15228144824504852
0.15198522806167603
0.15193600952625275
0.15200524032115936
0.15211977064609528
0.15235784649848938
0.1525910347700119
0.1527734100818634
0.15269184112548828
0.1521504670381546
0.15174689888954163
0.15184679627418518
0.1520453840494156
0.15218450129032135
0.15221479535102844
0.1520828753709793
0.15188685059547424
0.151525616645813
0.15149076282978058
0.15158711373806
0.15164637565612793
0.15187542140483856
0.1522320955991745
0.15263235569000244
0.15281942486763
0.15207570791244507
0.15147680044174194
0.15164195001125336
0.15180175006389618
0.1518259197473526
0.1517907977104187
0.15159298479557037
0.15144190192222595
0.15115422010421753
0.15115222334861755
0.15126143395900726
0.15129327774047852
0.1515510529279709
0.15206047892570496
0.152603417634964
0.1529141068458557
0.15194740891456604
0.1512652039527893
0.1515781581401825
0.15168379247188568
0.1516426056623459
0.15159273147583008
0.15126308798789978
0.1511065512895584
0.15096130967140198
0.15100237727165222
0.1511661559343338
0.1512015461921692
0.15148940682411194
0.15193158388137817
0.1519862413406372
0.15161249041557312
0.1509605348110199
0.15082694590091705
0.15108376741409302
0.15105392038822174
0.15104839205741882
0.1511528640985489
0.1508568823337555
0.150645911693573
0.15045535564422607
0.15044796466827393
0.15043315291404724
0.150295227766037
0.15029902756214142
0.15044710040092468
0.15093322098255157
0.1521160900592804
0.15326660871505737
0.1540178805589676
0.15220025181770325
0.15101666748523712
0.15202784538269043
0.1522558331489563
0.15156075358390808
0.15122643113136292
0.15116803348064423
0.15133336186408997
0.15137173235416412
0.15120993554592133
0.15108519792556763
0.15065614879131317
0.15047937631607056
0.1503528505563736
0.15032529830932617
0.15041598677635193
0.15052026510238647
0.150953471660614
0.15169371664524078
0.15198667347431183
0.15161576867103577
0.15044239163398743
0.15035493671894073
0.1510155349969864
0.15083959698677063
0.15036970376968384
0.15027351677417755
0.15015621483325958
0.15011700987815857
0.1501021832227707
0.15014907717704773
0.1502215564250946
0.14992110431194305
0.14983391761779785
0.14977845549583435
0.1497078835964203
0.14959047734737396
0.1494569033384323
0.14942675828933716
0.14954526722431183
0.1496206372976303
0.1499687284231186
0.15061533451080322
0.15111839771270752
0.15123750269412994
0.14996539056301117
0.14948196709156036
0.1500745415687561
0.15009631216526031
0.14981287717819214
0.1497274935245514
0.14952772855758667
0.14941060543060303
0.14929597079753876
0.1493905484676361
0.14957892894744873
0.14953555166721344
0.14971929788589478
0.14992786943912506
0.1498577892780304
0.14946779608726501
0.14904293417930603
0.1490008533000946
0.14918096363544464
0.14919866621494293
0.14926883578300476
0.1494835764169693
0.1494792252779007
0.1493562012910843
0.1489269882440567
0.14885763823986053
0.14885710179805756
0.1487373411655426
0.1486825942993164
0.14864620566368103
0.14882740378379822
0.14933094382286072
0.15019139647483826
0.15171468257904053
0.1515277773141861
0.15002040565013885
0.14947006106376648
0.15013538300991058
0.15087607502937317
0.15041357278823853
0.14944827556610107
0.14943119883537292
0.14969775080680847
0.1498418152332306
0.14974647760391235
0.14943483471870422
0.1493188738822937
0.14895974099636078
0.14888858795166016
0.1488552838563919
0.14893299341201782
0.1492350995540619
0.1495038866996765
0.14991244673728943
0.15012714266777039
0.14957262575626373
0.14879778027534485
0.1486014723777771
0.14899183809757233
0.14933675527572632
0.14923125505447388
0.14880496263504028
0.14854761958122253
0.14841407537460327
0.1484997570514679
0.1485474556684494
0.14862468838691711
0.1488250344991684
0.14880385994911194
0.14871543645858765
0.1482526808977127
0.14809562265872955
0.1480841338634491
0.1480683982372284
0.14812242984771729
0.14811603724956512
0.14843717217445374
0.14917577803134918
0.14993895590305328
0.15058529376983643
0.14928634464740753
0.14835761487483978
0.14893467724323273
0.14905914664268494
0.1488775908946991
0.14878669381141663
0.14861351251602173
0.148580402135849
0.1481461077928543
0.14813515543937683
0.1483525186777115
0.1482834368944168
0.14847363531589508
0.1487971842288971
0.149490624666214
0.15019893646240234
0.1493545025587082
0.14831803739070892
0.1483912467956543
0.14863795042037964
0.1487092673778534
0.14851926267147064
0.14842866361141205
0.1485028713941574
0.147940531373024
0.14780963957309723
0.14786118268966675
0.14784535765647888
0.1479204148054123
0.14797762036323547
0.14870096743106842
0.15038053691387177
0.15149681270122528
0.15178492665290833
0.149324432015419
0.1490820050239563
0.1505352407693863
0.1494007259607315
0.14875857532024384
0.1493772566318512
0.1488943099975586
0.14848566055297852
0.14848186075687408
0.1484670490026474
0.14842791855335236
0.14810052514076233
0.14844344556331635
0.14930251240730286
0.15029194951057434
0.1515950858592987
0.150750070810318
0.14882750809192657
0.14917810261249542
0.14958231151103973
0.14973947405815125
0.14966116845607758
0.14876136183738708
0.14874796569347382
0.14857995510101318
0.1485912948846817
0.14883972704410553
0.14904166758060455
0.14946816861629486
0.14924228191375732
0.14894458651542664
0.1482248157262802
0.14796413481235504
0.14800262451171875
0.14802224934101105
0.14837303757667542
0.14874260127544403
0.1490752100944519
0.14899247884750366
0.14816904067993164
0.14749571681022644
0.14767083525657654
0.14792987704277039
0.148014098405838
0.14784473180770874
0.14767847955226898
0.14778904616832733
0.14738602936267853
0.14722616970539093
0.14703355729579926
0.1470724493265152
0.14729125797748566
0.14743953943252563
0.14811861515045166
0.14940747618675232
0.15008148550987244
0.14978481829166412
0.1476224809885025
0.14794692397117615
0.14924593269824982
0.14824645221233368
0.147530660033226
0.14803415536880493
0.14776380360126495
0.1473531275987625
0.14729207754135132
0.1473570317029953
0.14738008379936218
0.14701376855373383
0.14718791842460632
0.14779363572597504
0.14860805869102478
0.14982250332832336
0.1495630145072937
0.1481914520263672
0.14794650673866272
0.14816582202911377
0.14870576560497284
0.14858001470565796
0.14778970181941986
0.1476910561323166
0.1475173830986023
0.14763198792934418
0.14782826602458954
0.14803187549114227
0.14833414554595947
0.14807045459747314
0.1477549523115158
0.14706633985042572
0.14694887399673462
0.14705941081047058
0.14704880118370056
0.14736728370189667
0.14775952696800232
0.14833006262779236
0.14886590838432312
0.14803993701934814
0.1469188928604126
0.14680147171020508
0.14731450378894806
0.14762528240680695
0.14734578132629395
0.14698438346385956
0.14710785448551178
0.14682872593402863
0.1466931849718094
0.14648550748825073
0.1465602070093155
0.14691555500030518
0.1470603346824646
0.14759770035743713
0.14821435511112213
0.14845435321331024
0.14799898862838745
0.14667516946792603
0.14679491519927979
0.1476278454065323
0.1475384384393692
0.14708726108074188
0.14698666334152222
0.1468164026737213
0.14683982729911804
0.14647141098976135
0.14647738635540009
0.1468721181154251
0.14685598015785217
0.14711955189704895
0.14727026224136353
0.14787408709526062
0.14836148917675018
0.1473672091960907
0.14645786583423615
0.14662158489227295
0.1468467265367508
0.14683982729911804
0.14660750329494476
0.14671121537685394
0.14715765416622162
0.14662857353687286
0.14655692875385284
0.14657974243164062
0.14682605862617493
0.14702215790748596
0.1467590183019638
0.14665673673152924
0.14687146246433258
0.1465197652578354
0.14636312425136566
0.14592939615249634
0.14593932032585144
0.14599816501140594
0.1458444595336914
0.14574238657951355
0.14559809863567352
0.14551275968551636
0.14548775553703308
0.14548689126968384
0.14583414793014526
0.14710335433483124
0.15050853788852692
0.15735071897506714
0.15439748764038086
0.1490352749824524
0.14967530965805054
0.1519167423248291
0.15248991549015045
0.1507623791694641
0.15019895136356354
0.15160112082958221
0.14990729093551636
0.14939607679843903
0.14917677640914917
0.14942044019699097
0.14988970756530762
0.1509726643562317
0.15354955196380615
0.15579824149608612
0.15252278745174408
0.15258246660232544
0.15048862993717194
0.1510523110628128
0.1519918143749237
0.15175165235996246
0.15240368247032166
0.15214809775352478
0.15179771184921265
0.15024520456790924
0.15016376972198486
0.14937567710876465
0.14941082894802094
0.1492803543806076
0.1495228409767151
0.15047387778759003
0.15215900540351868
0.15328644216060638
0.15113642811775208
0.15024353563785553
0.14926348626613617
0.15019996464252472
0.15081728994846344
0.15017031133174896
0.1494332253932953
0.1486324965953827
0.148757204413414
0.14853425323963165
0.14842478930950165
0.14807792007923126
0.1480957269668579
0.14900541305541992
0.14944398403167725
0.1504059135913849
0.14951179921627045
0.14876067638397217
0.14808939397335052
0.1477068066596985
0.1482820212841034
0.14830192923545837
0.14844034612178802
0.14799048006534576
0.1472884714603424
0.1467437893152237
0.1467435508966446
0.14684602618217468
0.1470448076725006
0.1473657488822937
0.14759185910224915
0.1476277858018875
0.1468978375196457
0.14638438820838928
0.14616072177886963
0.14651864767074585
0.1468108594417572
0.14682434499263763
0.1465410739183426
0.14586584270000458
0.14562569558620453
0.14558830857276917
0.14573146402835846
0.14596424996852875
0.14620865881443024
0.1462877094745636
0.14597192406654358
0.14548607170581818
0.1450977474451065
0.1452082097530365
0.14543572068214417
0.14565452933311462
0.1456136554479599
0.14540046453475952
0.14514854550361633
0.14484600722789764
0.14486587047576904
0.14489804208278656
0.14504729211330414
0.14528405666351318
0.14562517404556274
0.1457541137933731
0.1453263908624649
0.1448718011379242
0.14458923041820526
0.144784614443779
0.1451074481010437
0.14529916644096375
0.14536547660827637
0.1451781988143921
0.14479194581508636
0.14453689754009247
0.14447835087776184
0.14471212029457092
0.14500008523464203
0.14526112377643585
0.14532460272312164
0.14493639767169952
0.14438991248607635
0.14428098499774933
0.14447858929634094
0.1447550356388092
0.1448691189289093
0.14481566846370697
0.1445467174053192
0.1442418396472931
0.14427365362644196
0.1443033516407013
0.14443685114383698
0.14443138241767883
0.14454370737075806
0.1448066085577011
0.14502063393592834
0.1450517326593399
0.14439323544502258
0.1441693902015686
0.14422108232975006
0.14436644315719604
0.1446022242307663
0.14467892050743103
0.1450568437576294
0.1457372009754181
0.14594247937202454
0.14574681222438812
0.1444520503282547
0.14445888996124268
0.14522218704223633
0.1450711041688919
0.14483267068862915
0.14500421285629272
0.14514292776584625
0.14536117017269135
0.14446987211704254
0.1444453001022339
0.14469711482524872
0.1447400450706482
0.14489270746707916
0.145136296749115
0.14614439010620117
0.14756354689598083
0.14808060228824615
0.14715993404388428
0.14529769122600555
0.14541248977184296
0.14623060822486877
0.1463925540447235
0.14708630740642548
0.1468081921339035
0.14651046693325043
0.14571551978588104
0.14536690711975098
0.14533770084381104
0.1453976333141327
0.14596723020076752
0.14680422842502594
0.1478329300880432
0.14802588522434235
0.14676235616207123
0.14528819918632507
0.14551101624965668
0.1462584137916565
0.146555557847023
0.14632388949394226
0.1454639732837677
0.14518435299396515
0.14513978362083435
0.14551180601119995
0.14558395743370056
0.145622119307518
0.1454169750213623
0.14564403891563416
0.14656224846839905
0.14621512591838837
0.14630495011806488
0.1449519246816635
0.1451268494129181
0.14542585611343384
0.14533860981464386
0.14553740620613098
0.145377516746521
0.14587482810020447
0.14753100275993347
0.15039056539535522
0.1517179310321808
0.14837147295475006
0.1475166380405426
0.14734768867492676
0.14845243096351624
0.14924509823322296
0.14897817373275757
0.14795921742916107
0.14687129855155945
0.14693914353847504
0.14699134230613708
0.14726975560188293
0.14688155055046082
0.14672265946865082
0.1472567766904831
0.14855621755123138
0.15111592411994934
0.14994493126869202
0.15003497898578644
0.1476491093635559
0.1479247510433197
0.14816176891326904
0.1474473625421524
0.14796380698680878
0.14737778902053833
0.14846622943878174
0.15049245953559875
0.15394338965415955
0.15735705196857452
0.1518973857164383
0.14860616624355316
0.15085840225219727
0.1508975625038147
0.14948388934135437
0.14851829409599304
0.14846459031105042
0.14894381165504456
0.1481398642063141
0.14763875305652618
0.14746494591236115
0.1477946639060974
0.15031224489212036
0.15272243320941925
0.1573062688112259
0.15700893104076385
0.15549083054065704
0.15105745196342468
0.15117371082305908
0.15325592458248138
0.1534469872713089
0.15369272232055664
0.15228256583213806
0.15276435017585754
0.15076489746570587
0.15182961523532867
0.15036049485206604
0.1504618525505066
0.1508997529745102
0.1524704247713089
0.1563958078622818
0.15690270066261292
0.15621967613697052
0.15049666166305542
0.1518917828798294
0.15254312753677368
0.15345191955566406
0.15318788588047028
0.15208172798156738
0.15143632888793945
0.1504368782043457
0.1513993889093399
0.14985224604606628
0.14973260462284088
0.14843027293682098
0.14827163517475128
0.148182213306427
0.14840751886367798
0.15005585551261902
0.15425673127174377
0.16199716925621033
0.16064667701721191
0.15169057250022888
0.15608909726142883
0.15564650297164917
0.15642410516738892
0.15457595884799957
0.15280719101428986
0.1542123258113861
0.1525460183620453
0.1524205505847931
0.150917187333107
0.15115702152252197
0.15208807587623596
0.15502382814884186
0.16055390238761902
0.15969516336917877
0.15257015824317932
0.15502898395061493
0.15444588661193848
0.15487238764762878
0.15307165682315826
0.15179157257080078
0.15330971777439117
0.15131287276744843
0.15093465149402618
0.14997312426567078
0.15062445402145386
0.15241721272468567
0.15493431687355042
0.15777701139450073
0.1566086858510971
0.1508958488702774
0.15346631407737732
0.1521928906440735
0.15127043426036835
0.15157580375671387
0.1503174901008606
0.1509329080581665
0.14935123920440674
0.14903873205184937
0.14860352873802185
0.148618683218956
0.14908228814601898
0.1505214273929596
0.15384791791439056
0.15469878911972046
0.15076003968715668
0.1501750648021698
0.15045779943466187
0.15146222710609436
0.14996279776096344
0.1483585089445114
0.14921487867832184
0.14878134429454803
0.14801456034183502
0.14756573736667633
0.14734378457069397
0.14751556515693665
0.14667202532291412
0.14654135704040527
0.14657346904277802
0.1472979635000229
0.1487431526184082
0.14898595213890076
0.1481848657131195
0.14715543389320374
0.14628289639949799
0.14697159826755524
0.14655612409114838
0.14574061334133148
0.1459837108850479
0.14561232924461365
0.14534927904605865
0.1451423317193985
0.14505033195018768
0.14521092176437378
0.14482809603214264
0.14484241604804993
0.1448708325624466
0.1451190859079361
0.1453266441822052
0.14484812319278717
0.14422741532325745
0.14404667913913727
0.14396873116493225
0.14397817850112915
0.1437748372554779
0.14376047253608704
0.14400798082351685
0.14395858347415924
0.14391010999679565
0.14363884925842285
0.14364737272262573
0.14368784427642822
0.14337877929210663
0.14306887984275818
0.14293403923511505
0.14293818175792694
0.14297394454479218
0.1428559124469757
0.14282870292663574
0.14309336245059967
0.14381559193134308
0.14493882656097412
0.14596711099147797
0.145152747631073
0.14392074942588806
0.14361916482448578
0.14443562924861908
0.14457932114601135
0.14407165348529816
0.14346040785312653
0.14342842996120453
0.14382299780845642
0.1439005732536316
0.14363440871238708
0.1431252658367157
0.1429031640291214
0.14293506741523743
0.1430824100971222
0.14322622120380402
0.14329615235328674
0.1432514488697052
0.14297093451023102
0.14274513721466064
0.14249935746192932
0.1425289511680603
0.14263984560966492
0.14284591376781464
0.14306212961673737
0.14315733313560486
0.14298303425312042
0.14249375462532043
0.14225228130817413
0.14226070046424866
0.14244729280471802
0.14267291128635406
0.14280976355075836
0.14271970093250275
0.14243566989898682
0.14213930070400238
0.14202557504177094
0.1420888602733612
0.14230486750602722
0.14254967868328094
0.14276337623596191
0.14278188347816467
0.14243438839912415
0.14204052090644836
0.14195771515369415
0.14215663075447083
0.14236809313297272
0.14252471923828125
0.14243800938129425
0.1422380656003952
0.14202305674552917
0.1419297307729721
0.14199504256248474
0.1420394331216812
0.14223553240299225
0.1424826830625534
0.14281928539276123
0.1431833654642105
0.14281117916107178
0.14223982393741608
0.14189845323562622
0.14225396513938904
0.14280615746974945
0.14288514852523804
0.14261840283870697
0.14230626821517944
0.14213447272777557
0.1424182802438736
0.14241018891334534
0.1424298733472824
0.1424616277217865
0.14242692291736603
0.14251665771007538
0.142054945230484
0.14192114770412445
0.14187875390052795
0.14196941256523132
0.1422559767961502
0.1426423043012619
0.14350861310958862
0.1448672115802765
0.14497235417366028
0.14423342049121857
0.14257144927978516
0.14353102445602417
0.1449379175901413
0.14435337483882904
0.14311492443084717
0.1433265209197998
0.1436237394809723
0.14378580451011658
0.1431667059659958
0.1428215503692627
0.14326712489128113
0.1430928260087967
0.14291095733642578
0.1424444168806076
0.14250785112380981
0.14279237389564514
0.14331293106079102
0.14468732476234436
0.14614933729171753
0.14727330207824707
0.14625521004199982
0.14364777505397797
0.14499597251415253
0.1454683542251587
0.14555996656417847
0.14541380107402802
0.1443992406129837
0.14486077427864075
0.14457595348358154
0.1447385549545288
0.14399561285972595
0.14381541311740875
0.1440775990486145
0.14440318942070007
0.14601176977157593
0.1470830738544464
0.148672416806221
0.14850063621997833
0.1459212303161621
0.14498932659626007
0.14599670469760895
0.14699910581111908
0.1461682766675949
0.14574019610881805
0.14487992227077484
0.14565829932689667
0.14536631107330322
0.14513738453388214
0.14464624226093292
0.14466401934623718
0.1458679735660553
0.1457289308309555
0.14708900451660156
0.14619958400726318
0.1472192108631134
0.14740946888923645
0.14563153684139252
0.1447734534740448
0.14504092931747437
0.14601513743400574
0.14655864238739014
0.14650174975395203
0.14554239809513092
0.14614395797252655
0.1448490023612976
0.14516401290893555
0.14486205577850342
0.1449485421180725
0.14625251293182373
0.14622926712036133
0.14740073680877686
0.1457441747188568
0.1455933153629303
0.14473330974578857
0.14449569582939148
0.1446569710969925
0.14443515241146088
0.14517194032669067
0.14583244919776917
0.14733433723449707
0.14833950996398926
0.14672134816646576
0.14435067772865295
0.1445256769657135
0.14541548490524292
0.14560973644256592
0.14496083557605743
0.14393790066242218
0.1441955715417862
0.14431485533714294
0.14446088671684265
0.14371095597743988
0.14328086376190186
0.14327380061149597
0.14330266416072845
0.14367280900478363
0.14369696378707886
0.14517521858215332
0.14835552871227264
0.14951324462890625
0.14794427156448364
0.14435240626335144
0.14661653339862823
0.14870205521583557
0.14553302526474
0.1453712284564972
0.14727957546710968
0.14525768160820007
0.14447353780269623
0.1451171487569809
0.1453506052494049
0.14509451389312744
0.1452791690826416
0.1451362818479538
0.14580458402633667
0.14401590824127197
0.14385239779949188
0.14377614855766296
0.143756702542305
0.14384371042251587
0.1434628665447235
0.14330899715423584
0.14346259832382202
0.14442552626132965
0.14747701585292816
0.15210166573524475
0.15232089161872864
0.14672285318374634
0.1459778994321823
0.1478494107723236
0.14903293550014496
0.14841006696224213
0.14637398719787598
0.14683939516544342
0.14695630967617035
0.1476908028125763
0.1461198776960373
0.14535318315029144
0.14514821767807007
0.14515337347984314
0.14523224532604218
0.14511878788471222
0.14593517780303955
0.14859850704669952
0.1513919234275818
0.15456490218639374
0.14755851030349731
0.14890694618225098
0.14763858914375305
0.14869508147239685
0.14980605244636536
0.15137767791748047
0.1520666778087616
0.15133650600910187
0.14994533360004425
0.14879624545574188
0.1515069603919983
0.14890407025814056
0.14871159195899963
0.14699235558509827
0.14697758853435516
0.14743176102638245
0.14638587832450867
0.14621233940124512
0.14563223719596863
0.14528897404670715
0.14607858657836914
0.14907178282737732
0.1584816426038742
0.17033566534519196
0.16797800362110138
0.15395933389663696
0.15736477077007294
0.1595187783241272
0.16215181350708008
0.16027900576591492
0.15932203829288483
0.15776079893112183
0.15614628791809082
0.1590217649936676
0.1567804366350174
0.16089114546775818
0.15662986040115356
0.16305391490459442
0.16867350041866302
0.16579073667526245
0.15884077548980713
0.15686123073101044
0.15873128175735474
0.1609538197517395
0.15652146935462952
0.15408460795879364
0.1552199423313141
0.15401947498321533
0.154896080493927
0.15208220481872559
0.15503332018852234
0.16228289902210236
0.1668994128704071
0.16290444135665894
0.15975813567638397
0.15993930399417877
0.16546085476875305
0.1566476970911026
0.1576668918132782
0.16006506979465485
0.15746228396892548
0.15579882264137268
0.15800361335277557
0.1548399031162262
0.15658345818519592
0.15366078913211823
0.15667973458766937
0.16001386940479279
0.15907569229602814
0.1551535725593567
0.1551332175731659
0.15384313464164734
0.15542951226234436
0.1518716663122177
0.1507943570613861
0.15180887281894684
0.15037615597248077
0.14979243278503418
0.1487710177898407
0.1489940732717514
0.15020646154880524
0.1534472107887268
0.15910741686820984
0.15844543278217316
0.1502777338027954
0.15297769010066986
0.15248429775238037
0.15203702449798584
0.15141350030899048
0.14997611939907074
0.15099477767944336
0.1495092660188675
0.14881780743598938
0.14807668328285217
0.14769108593463898
0.14765742421150208
0.1469874083995819
0.14706523716449738
0.1475488394498825
0.15093038976192474
0.15822216868400574
0.15494906902313232
0.14797091484069824
0.14884455502033234
0.1508311927318573
0.14965862035751343
0.14782272279262543
0.1485857218503952
0.1492469161748886
0.1470838487148285
0.14664790034294128
0.1473826915025711
0.14620491862297058
0.14543777704238892
0.14543840289115906
0.14526738226413727
0.14490161836147308
0.1444351226091385
0.14433781802654266
0.14486779272556305
0.14545026421546936
0.14751510322093964
0.15034562349319458
0.1486424058675766
0.14510706067085266
0.14488989114761353
0.1467801332473755
0.1461644023656845
0.1448727250099182
0.14502175152301788
0.1456143707036972
0.14454126358032227
0.14395013451576233
0.14429952204227448
0.1440163254737854
0.14349758625030518
0.14321425557136536
0.14320547878742218
0.1432008147239685
0.14276939630508423
0.1426180601119995
0.14269794523715973
0.14305239915847778
0.14387063682079315
0.14465588331222534
0.14504291117191315
0.14388491213321686
0.1425676792860031
0.14317704737186432
0.14346444606781006
0.142989382147789
0.14266212284564972
0.14243119955062866
0.1426142454147339
0.14262747764587402
0.14239785075187683
0.14224602282047272
0.1419888734817505
0.14189517498016357
0.14173948764801025
0.14169608056545258
0.1417464315891266
0.14189235866069794
0.14216110110282898
0.14221788942813873
0.14211776852607727
0.14176803827285767
0.14145363867282867
0.1413881480693817
0.1414041966199875
0.14154207706451416
0.1416550576686859
0.14168895781040192
0.1415633261203766
0.14120812714099884
0.14094887673854828
0.14091381430625916
0.14105819165706635
0.14128607511520386
0.1414424479007721
0.14156170189380646
0.14144593477249146
0.14108017086982727
0.1408986747264862
0.14085529744625092
0.14106012880802155
0.14121969044208527
0.14128336310386658
0.14114618301391602
0.14079736173152924
0.14063102006912231
0.14063480496406555
0.14080041646957397
0.1410035640001297
0.14118923246860504
0.14117243885993958
0.1409207582473755
0.14058321714401245
0.14042620360851288
0.14053773880004883
0.14072071015834808
0.14091019332408905
0.14096780121326447
0.14084552228450775
0.14056825637817383
0.1403467059135437
0.14036986231803894
0.1404646635055542
0.14060521125793457
0.14066942036151886
0.14075778424739838
0.1407642960548401
0.14075440168380737
0.14079546928405762
0.14053431153297424
0.14044120907783508
0.1404101848602295
0.14060643315315247
0.1409795880317688
0.14145924150943756
0.14175334572792053
0.14157240092754364
0.14086812734603882
0.1405622959136963
0.1407967507839203
0.1411374807357788
0.14113318920135498
0.1409810334444046
0.14064669609069824
0.1404929906129837
0.14054405689239502
0.14061610400676727
0.14079593122005463
0.1409008949995041
0.14114542305469513
0.14143702387809753
0.14134955406188965
0.14110024273395538
0.14055712521076202
0.14050717651844025
0.1408906877040863
0.14127838611602783
0.14145958423614502
0.1411292552947998
0.14063188433647156
0.1406293660402298
0.1407591700553894
0.14104335010051727
0.14099042117595673
0.14088082313537598
0.14087118208408356
0.14074987173080444
0.14079755544662476
0.14049032330513
0.1404651403427124
0.14058342576026917
0.1408906877040863
0.1415114551782608
0.1421368420124054
0.1423414945602417
0.1419280469417572
0.1412765383720398
0.14117777347564697
0.14131593704223633
0.1418735384941101
0.1418149471282959
0.1416267454624176
0.14117883145809174
0.14092190563678741
0.1409483253955841
0.14106306433677673
0.1415260285139084
0.14188995957374573
0.1421164572238922
0.14189450442790985
0.14128825068473816
0.1407783478498459
0.14083901047706604
0.14126595854759216
0.14152134954929352
0.14169038832187653
0.14134624600410461
0.14095337688922882
0.14056937396526337
0.14057552814483643
0.14077940583229065
0.1409883201122284
0.1413743942975998
0.14168879389762878
0.14179369807243347
0.14143016934394836
0.1409481316804886
0.14082211256027222
0.14090770483016968
0.14132258296012878
0.14146775007247925
0.14167553186416626
0.14148220419883728
0.1412002146244049
0.14105165004730225
0.14085039496421814
0.14097777009010315
0.14109483361244202
0.14163760840892792
0.14216086268424988
0.14227065443992615
0.14202025532722473
0.1410175859928131
0.14070715010166168
0.14120200276374817
0.14159683883190155
0.14161890745162964
0.14136096835136414
0.14079008996486664
0.1407293975353241
0.14087927341461182
0.1412857323884964
0.14126935601234436
0.1412365734577179
0.1412057876586914
0.14121593534946442
0.14140653610229492
0.14094215631484985
0.14090397953987122
0.14054612815380096
0.14060595631599426
0.1410323828458786
0.14147265255451202
0.14255128800868988
0.1438293755054474
0.14387039840221405
0.14308354258537292
0.14174045622348785
0.14236164093017578
0.1433180868625641
0.14421088993549347
0.1430290788412094
0.14240989089012146
0.1419343799352646
0.14267376065254211
0.14292877912521362
0.142954021692276
0.1425822675228119
0.14221183955669403
0.14254319667816162
0.1425519436597824
0.14344815909862518
0.1420573890209198
0.14213943481445312
0.14204637706279755
0.14295180141925812
0.14504438638687134
0.14680591225624084
0.14850656688213348
0.1465643048286438
0.14463123679161072
0.1487477421760559
0.14577803015708923
0.14570313692092896
0.14463862776756287
0.14460140466690063
0.14558957517147064
0.14462494850158691
0.14413762092590332
0.14375987648963928
0.1436760574579239
0.14497694373130798
0.14821302890777588
0.15712936222553253
0.163051575422287
0.16294895112514496
0.15271146595478058
0.15390944480895996
0.15548133850097656
0.15733259916305542
0.15736591815948486
0.15813025832176208
0.15715011954307556
0.15532352030277252
0.159906268119812
0.15588639676570892
0.16211608052253723
0.15352129936218262
0.15664583444595337
0.15339495241641998
0.1557159423828125
0.16102269291877747
0.1773107945919037
0.19439461827278137
0.18319183588027954
0.1738162487745285
0.19039860367774963
0.17867320775985718
0.1825750172138214
0.1750377118587494
0.17415612936019897
0.172057643532753
0.1694011092185974
0.16860193014144897
0.16600081324577332
0.17235609889030457
0.19012466073036194
0.2056225836277008
0.20496253669261932
0.1863628476858139
0.1970238983631134
0.20665395259857178
0.18829388916492462
0.18917331099510193
0.19011084735393524
0.18453633785247803
0.18181873857975006
0.17832410335540771
0.17430970072746277
0.17627400159835815
0.17182041704654694
0.17475616931915283
0.17534007132053375
0.18120259046554565
0.18429681658744812
0.1700732707977295
0.16970007121562958
0.17301805317401886
0.16668102145195007
0.16368411481380463
0.16441747546195984
0.16190296411514282
0.1602039784193039
0.15811075270175934
0.15692298114299774
0.15731269121170044
0.1564793437719345
0.16049349308013916
0.168271005153656
0.1726817786693573
0.16590581834316254
0.15857289731502533
0.16425788402557373
0.16586746275424957
0.15900403261184692
0.16070106625556946
0.16250717639923096
0.1565064787864685
0.15737946331501007
0.15847302973270416
0.1544451117515564
0.15421435236930847
0.155125692486763
0.1520097851753235
0.15169446170330048
0.1523422747850418
0.15303662419319153
0.1554282307624817
0.15771912038326263
0.15311852097511292
0.15324699878692627
0.1504533588886261
0.1508563607931137
0.1517401933670044
0.15035970509052277
0.15084287524223328
0.14934445917606354
0.1490965187549591
0.14808513224124908
0.14773331582546234
0.14720672369003296
0.14679236710071564
0.1464129388332367
0.14603444933891296
0.14573156833648682
0.14562873542308807
0.14615872502326965
0.14888611435890198
0.15630154311656952
0.15519843995571136
0.14838752150535583
0.1475214660167694
0.15101312100887299
0.15050823986530304
0.14748916029930115
0.14940649271011353
0.1503027379512787
0.14696264266967773
0.14809805154800415
0.14893481135368347
0.1461394876241684
0.1469472050666809
0.14750662446022034
0.14536340534687042
0.14581198990345
0.14627480506896973
0.14451363682746887
0.14475813508033752
0.14512278139591217
0.1440010815858841
0.14395110309123993
0.1443910300731659
0.1436813920736313
0.14390990138053894
0.14486588537693024
0.145318865776062
0.14532747864723206
0.14433664083480835
0.14336778223514557
0.14357849955558777
0.14346085488796234
0.14324131608009338
0.14325223863124847
0.1426043063402176
0.14245881140232086
0.14253875613212585
0.14245615899562836
0.14252319931983948
0.14238259196281433
0.1425744891166687
0.14286187291145325
0.1426476389169693
0.14221137762069702
0.14179746806621552
0.14159376919269562
0.14168336987495422
0.1415775716304779
0.14151886105537415
0.1416589468717575
0.14166615903377533
0.14165352284908295
0.14131805300712585
0.14120402932167053
0.14118240773677826
0.14108330011367798
0.14091211557388306
0.14073340594768524
0.14066515862941742
0.1406683474779129
0.14060066640377045
0.14052686095237732
0.14039936661720276
0.1403544843196869
0.14040029048919678
0.14074771106243134
0.14209246635437012
0.14461015164852142
0.14877274632453918
0.14528268575668335
0.1419323980808258
0.14379119873046875
0.14391565322875977
0.1426352560520172
0.1426331102848053
0.14312301576137543
0.1430400311946869
0.14227573573589325
0.14202572405338287
0.14232797920703888
0.14200705289840698
0.1415499746799469
0.14140699803829193
0.14141327142715454
0.14137141406536102
0.14106793701648712
0.14087563753128052
0.14080649614334106
0.14078420400619507
0.14077679812908173
0.14079023897647858
0.14114679396152496
0.1421419233083725
0.14364495873451233
0.14368706941604614
0.1419103890657425
0.14106671512126923
0.14194276928901672
0.14243300259113312
0.1421118825674057
0.14124926924705505
0.1412011682987213
0.1415654718875885
0.14152568578720093
0.14144699275493622
0.14110273122787476
0.14090974628925323
0.14075785875320435
0.14065128564834595
0.14067396521568298
0.14063793420791626
0.14083760976791382
0.14117036759853363
0.14163225889205933
0.14213192462921143
0.14139293134212494
0.14046448469161987
0.14033350348472595
0.14084607362747192
0.14113162457942963
0.14069810509681702
0.14018912613391876
0.14026370644569397
0.1404370665550232
0.14049111306667328
0.14019130170345306
0.1400080919265747
0.1401597410440445
0.14017805457115173
0.1401595175266266
0.13984569907188416
0.1398237943649292
0.1400207132101059
0.14029031991958618
0.14075899124145508
0.14105817675590515
0.1415742188692093
0.14147347211837769
0.14045476913452148
0.14036409556865692
0.14068374037742615
0.14111728966236115
0.14107024669647217
0.14040958881378174
0.1401640772819519
0.14019306004047394
0.140449658036232
0.14062196016311646
0.1405479907989502
0.1403099000453949
0.13993996381759644
0.13979685306549072
0.1398025006055832
0.13992974162101746
0.14010779559612274
0.14036516845226288
0.14047427475452423
0.14040625095367432
0.1400892734527588
0.13974328339099884
0.13981567323207855
0.13998344540596008
0.14020521938800812
0.14014455676078796
0.14006590843200684
0.1400565505027771
0.13984568417072296
0.13983240723609924
0.13965259492397308
0.13969074189662933
0.1399146020412445
0.1402493566274643
0.1405932605266571
0.14049868285655975
0.14013056457042694
0.13972967863082886
0.13970214128494263
0.13990290462970734
0.13989491760730743
0.14005430042743683
0.1400817483663559
0.1402643620967865
0.14054147899150848
0.14030495285987854
0.13992473483085632
0.13950131833553314
0.13960938155651093
0.13999536633491516
0.14021572470664978
0.14046357572078705
0.1405751258134842
0.14047358930110931
0.14042654633522034
0.13985675573349
0.13999871909618378
0.14036571979522705
0.1408008635044098
0.14113791286945343
0.14061371982097626
0.14014855027198792
0.1398354470729828
0.13989336788654327
0.14019738137722015
0.1402927190065384
0.14061567187309265
0.1407518982887268
0.14082011580467224
0.14077939093112946
0.14036189019680023
0.14009980857372284
0.139924556016922
0.1403513252735138
0.14095880091190338
0.1413058638572693
0.14118431508541107
0.14029893279075623
0.13973714411258698
0.14007002115249634
0.14038990437984467
0.14050470292568207
0.14021974802017212
0.13979774713516235
0.13984236121177673
0.13992725312709808
0.1400371789932251
0.13974803686141968
0.13960754871368408
0.13972800970077515
0.14005425572395325
0.14075259864330292
0.14121688902378082
0.14177930355072021
0.14219331741333008
0.14153456687927246
0.14100822806358337
0.14057672023773193
0.14160658419132233
0.14247126877307892
0.14191919565200806
0.14061251282691956
0.14039424061775208
0.14085783064365387
0.14135591685771942
0.14114171266555786
0.14057329297065735
0.14054696261882782
0.14062313735485077
0.1410430669784546
0.14040371775627136
0.14005956053733826
0.1399674266576767
0.14003315567970276
0.14028359949588776
0.1402873992919922
0.14108794927597046
0.14306730031967163
0.1456196904182434
0.14834865927696228
0.143020898103714
0.14195050299167633
0.14458000659942627
0.142835795879364
0.14177897572517395
0.14249832928180695
0.14244551956653595
0.1419193148612976
0.14169301092624664
0.14161153137683868
0.14229676127433777
0.14198382198810577
0.14222870767116547
0.14229176938533783
0.14415378868579865
0.14611265063285828
0.14477302134037018
0.142466202378273
0.1428280472755432
0.14342431724071503
0.1440756916999817
0.14215371012687683
0.1418008655309677
0.14268524944782257
0.142179936170578
0.14169321954250336
0.14144232869148254
0.14138008654117584
0.14235199987888336
0.1431635022163391
0.14559191465377808
0.14783720672130585
0.14998666942119598
0.147165447473526
0.14402782917022705
0.1457117199897766
0.14761409163475037
0.14620372653007507
0.14482036232948303
0.14611560106277466
0.14560134708881378
0.14672031998634338
0.1440441608428955
0.14495962858200073
0.14762280881404877
0.15099820494651794
0.15383979678153992
0.15405988693237305
0.14733001589775085
0.15400034189224243
0.1498936414718628
0.15062043070793152
0.14811980724334717
0.14854386448860168
0.14897844195365906
0.15030257403850555
0.15433499217033386
0.16003896296024323
0.15829649567604065
0.16464397311210632
0.15346820652484894
0.16104498505592346
0.15783607959747314
0.1597711741924286
0.15854835510253906
0.15825682878494263
0.16336886584758759
0.15856249630451202
0.1646193414926529
0.15652130544185638
0.15971824526786804
0.1568225920200348
0.15773673355579376
0.1582120954990387
0.15750157833099365
0.15629339218139648
0.1560610830783844
0.15347860753536224
0.15652483701705933
0.15280625224113464
0.1539892852306366
0.15027539432048798
0.15004681050777435
0.1497015357017517
0.14880318939685822
0.14918729662895203
0.14900997281074524
0.15512999892234802
0.17202551662921906
0.173658087849617
0.15992113947868347
0.157769113779068
0.16409611701965332
0.1688983291387558
0.1588844358921051
0.159643292427063
0.1623755842447281
0.15918761491775513
0.15649770200252533
0.15807576477527618
0.15570682287216187
0.15770623087882996
0.15336889028549194
0.1568637490272522
0.16225633025169373
0.16471314430236816
0.1606912761926651
0.15817385911941528
0.15784335136413574
0.16275830566883087
0.1545110046863556
0.15463361144065857
0.1565122902393341
0.15461386740207672
0.15316572785377502
0.15417365729808807
0.15305200219154358
0.15564042329788208
0.15200720727443695
0.1554115265607834
0.15666592121124268
0.15470567345619202
0.1521461457014084
0.15092049539089203
0.15104083716869354
0.15187384188175201
0.14912371337413788
0.14856792986392975
0.14874322712421417
0.14776872098445892
0.14819364249706268
0.1472463607788086
0.1495719850063324
0.15324611961841583
0.15392503142356873
0.15108530223369598
0.14830845594406128
0.14985905587673187
0.15116867423057556
0.14731471240520477
0.14827515184879303
0.1489650011062622
0.14718841016292572
0.14647431671619415
0.1462504267692566
0.14610260725021362
0.14496862888336182
0.14450962841510773
0.14466466009616852
0.144017294049263
0.14377693831920624
0.14376558363437653
0.1443830132484436
0.1456107348203659
0.14818201959133148
0.14911305904388428
0.1465463638305664
0.14368470013141632
0.14444325864315033
0.14521190524101257
0.1443992406129837
0.1438561975955963
0.14336086809635162
0.143564835190773
0.14339576661586761
0.14291909337043762
0.14267238974571228
0.1424444317817688
0.1425444334745407
0.14217500388622284
0.14207734167575836
0.14168700575828552
0.14190009236335754
0.1424780637025833
0.1430412232875824
0.14375366270542145
0.14280584454536438
0.14169339835643768
0.1419527679681778
0.14186011254787445
0.14168456196784973
0.1414211243391037
0.14132347702980042
0.14143028855323792
0.14075522124767303
0.1405736356973648
0.14077745378017426
0.1406903862953186
0.14072991907596588
0.14074525237083435
0.14128056168556213
0.14239856600761414
0.1424391120672226
0.14171363413333893
0.1406126320362091
0.14086566865444183
0.1414366364479065
0.1407090723514557
0.14037737250328064
0.14072845876216888
0.14042559266090393
0.14006809890270233
0.13999934494495392
0.1400788575410843
0.14009636640548706
0.1397675722837448
0.13979658484458923
0.1401171237230301
0.14051823318004608
0.1413085013628006
0.14163361489772797
0.14135456085205078
0.14055955410003662
0.1400473564863205
0.14058957993984222
0.14066952466964722
0.1403413563966751
0.14013290405273438
0.13980607688426971
0.13991928100585938
0.14009302854537964
0.14009088277816772
0.14008525013923645
0.13987328112125397
0.1396414190530777
0.13936981558799744
0.13934525847434998
0.13934358954429626
0.13936950266361237
0.13958096504211426
0.1399431675672531
0.14038492739200592
0.14088094234466553
0.14037290215492249
0.13953356444835663
0.13925670087337494
0.13974198698997498
0.14012683928012848
0.13984277844429016
0.13929498195648193
0.1391608566045761
0.1393425613641739
0.13955539464950562
0.1395014524459839
0.13928359746932983
0.13910603523254395
0.1389884203672409
0.13905134797096252
0.13907204568386078
0.13908596336841583
0.13908332586288452
0.13924714922904968
0.13961900770664215
0.1399167776107788
0.1399640291929245
0.13937900960445404
0.13899634778499603
0.13905808329582214
0.13927218317985535
0.1393863707780838
0.13926473259925842
0.13929112255573273
0.13942404091358185
0.139602392911911
0.1397615671157837
0.13927721977233887
0.1389647275209427
0.13901907205581665
0.13909026980400085
0.13920347392559052
0.13892923295497894
0.13884027302265167
0.13903926312923431
0.13955262303352356
0.14061546325683594
0.1413801908493042
0.14247919619083405
0.14133083820343018
0.13996174931526184
0.14088645577430725
0.14104294776916504
0.14085543155670166
0.14065265655517578
0.14026235044002533
0.1406317502260208
0.1402636170387268
0.1400417983531952
0.13999760150909424
0.14010101556777954
0.1405767798423767
0.1403346210718155
0.14058324694633484
0.14094145596027374
0.14136633276939392
0.14154517650604248
0.14034625887870789
0.13965874910354614
0.1399938464164734
0.140345498919487
0.1403540074825287
0.14001284539699554
0.139947310090065
0.14045676589012146
0.13991205394268036
0.13962878286838531
0.1392931491136551
0.13938193023204803
0.13956548273563385
0.13943389058113098
0.13940028846263885
0.1396016627550125
0.1406141072511673
0.14267608523368835
0.14523783326148987
0.1445484459400177
0.14121878147125244
0.14090757071971893
0.14245490729808807
0.14300964772701263
0.14347964525222778
0.1417270004749298
0.14172853529453278
0.14164960384368896
0.1423795223236084
0.1423642635345459
0.14215579628944397
0.14155949652194977
0.14134995639324188
0.14226189255714417
0.14208748936653137
0.14290346205234528
0.14128391444683075
0.1421249806880951
0.1433175504207611
0.14401130378246307
0.1443691998720169
0.1423576921224594
0.1416275054216385
0.14328885078430176
0.1421148031949997
0.14128254354000092
0.14097583293914795
0.14121200144290924
0.14146721363067627
0.1408471316099167
0.14054223895072937
0.1411312371492386
0.14209304749965668
0.14497993886470795
0.14710654318332672
0.14851237833499908
0.14573435485363007
0.14376918971538544
0.14417234063148499
0.14524194598197937
0.14608535170555115
0.14408203959465027
0.1442481428384781
0.14388726651668549
0.14507374167442322
0.1438327580690384
0.14346247911453247
0.14253410696983337
0.14236581325531006
0.14297693967819214
0.14289866387844086
0.14539144933223724
0.14844004809856415
0.15426237881183624
0.15560831129550934
0.1489780694246292
0.1473538875579834
0.1509566307067871
0.14848196506500244
0.14714069664478302
0.14719228446483612
0.1482255607843399
0.14853249490261078
0.1496269702911377
0.14782780408859253
0.15104925632476807
0.14734743535518646
0.14966313540935516
0.1462932974100113
0.14677347242832184
0.14578399062156677
0.14540629088878632
0.1463574916124344
0.14716091752052307
0.15528354048728943
0.16834911704063416
0.16724202036857605
0.1528528779745102
0.15566301345825195
0.15758751332759857
0.1622389256954193
0.15704677999019623
0.15471819043159485
0.15322814881801605
0.1528557538986206
0.1531517654657364
0.1525631546974182
0.15328088402748108
0.15591038763523102
0.15997733175754547
0.16796693205833435
0.15518571436405182
0.16293229162693024
0.1556602567434311
0.16005100309848785
0.15933381021022797
0.16204948723316193
0.1652333289384842
0.16414326429367065
0.1693219244480133
0.15901173651218414
0.16624890267848969
0.1601656973361969
0.16261634230613708
0.1616429090499878
0.16243572533130646
0.1704052984714508
0.16422784328460693
0.1700950264930725
0.1591072380542755
0.161269873380661
0.1582603007555008
0.15852069854736328
0.15870022773742676
0.1616213321685791
0.16592684388160706
0.17081360518932343
0.16712455451488495
0.16082856059074402
0.17206743359565735
0.1594756543636322
0.15930472314357758
0.15849214792251587
0.15758009254932404
0.1577410250902176
0.1575438678264618
0.15980777144432068
0.16794396936893463
0.16688981652259827
0.16973844170570374
0.15670880675315857
0.159608855843544
0.15912748873233795
0.15992134809494019
0.15961211919784546
0.159139484167099
0.15894921123981476
0.15652237832546234
0.15861351788043976
0.15423040091991425
0.15544933080673218
0.15181784331798553
0.15133580565452576
0.15106862783432007
0.15068386495113373
0.15371641516685486
0.160281702876091
0.16344603896141052
0.15778544545173645
0.15218643844127655
0.15593720972537994
0.1587001085281372
0.15200746059417725
0.15343895554542542
0.15572600066661835
0.15108592808246613
0.15087895095348358
0.15230566263198853
0.1493312418460846
0.14853352308273315
0.1486700177192688
0.14813309907913208
0.1473572850227356
0.14716197550296783
0.1475488841533661
0.14870356023311615
0.14751067757606506
0.1489836722612381
0.14910456538200378
0.14694583415985107
0.14544014632701874
0.14514805376529694
0.14574183523654938
0.1458812952041626
0.14486472308635712
0.1443597674369812
0.1445726901292801
0.14357207715511322
0.14330171048641205
0.142898291349411
0.14269796013832092
0.1428837925195694
0.142666757106781
0.14334961771965027
0.1449146270751953
0.14645764231681824
0.1474711149930954
0.14331282675266266
0.14301170408725739
0.1448509842157364
0.14282432198524475
0.14251208305358887
0.143257275223732
0.14243951439857483
0.14190340042114258
0.1418374925851822
0.14192327857017517
0.14161962270736694
0.14108583331108093
0.14114776253700256
0.14112913608551025
0.14077331125736237
0.14065974950790405
0.14038029313087463
0.1403786838054657
0.14057865738868713
0.14075250923633575
0.14147983491420746
0.1422855705022812
0.1423565298318863
0.14126494526863098
0.14020296931266785
0.14062319695949554
0.14113491773605347
0.14089764654636383
0.14033889770507812
0.14002695679664612
0.14016631245613098
0.14033880829811096
0.1403314769268036
0.14006826281547546
0.13970190286636353
0.1395447701215744
0.13946668803691864
0.13949529826641083
0.13958542048931122
0.13974599540233612
0.1399455964565277
0.14018213748931885
0.14002174139022827
0.1395125389099121
0.1392015963792801
0.13922889530658722
0.13952964544296265
0.13967274129390717
0.139633446931839
0.13930651545524597
0.13895396888256073
0.1388900876045227
0.1389944702386856
0.13917627930641174
0.13925257325172424
0.1392686814069748
0.1391405165195465
0.1389760971069336
0.13892412185668945
0.13884812593460083
0.13890069723129272
0.13888143002986908
0.1390065848827362
0.1392388790845871
0.13951677083969116
0.13957813382148743
0.13914230465888977
0.13875174522399902
0.13869214057922363
0.13888657093048096
0.13907328248023987
0.13908737897872925
0.13909132778644562
0.13907653093338013
0.1390448808670044
0.13905850052833557
0.1387491524219513
0.13857850432395935
0.1386224329471588
0.13889607787132263
0.13936154544353485
