# lbfgs, lr=0.8, alpha = 1000000, beta = 0.1
# best_iter: 99, best_loss = 0.1919281780719757, imsave period = 10
16.42601203918457
1.2478958368301392
0.6163818836212158
0.4160323143005371
0.32537490129470825
0.2793794572353363
0.2546032667160034
0.23926937580108643
0.2302839457988739
0.22377391159534454
0.2187289595603943
0.21474876999855042
0.21150952577590942
0.20886746048927307
0.20678067207336426
0.20518402755260468
0.20388858020305634
0.2027992457151413
0.20190060138702393
0.20112799108028412
0.20046013593673706
0.1998833268880844
0.19938474893569946
0.19893646240234375
0.19853781163692474
0.19818028807640076
0.1978590488433838
0.19756610691547394
0.19729475677013397
0.1970493644475937
0.19682163000106812
0.19661155343055725
0.19641441106796265
0.19623129069805145
0.19605766236782074
0.19589874148368835
0.19574542343616486
0.19560155272483826
0.19546474516391754
0.19533519446849823
0.19521193206310272
0.19509553909301758
0.19498418271541595
0.19487664103507996
0.19477421045303345
0.19467556476593018
0.1945822834968567
0.1944909691810608
0.19440455734729767
0.19431978464126587
0.19423910975456238
0.19415944814682007
0.19408392906188965
0.19401033222675323
0.19393785297870636
0.1938665509223938
0.19379742443561554
0.1937306672334671
0.19366514682769775
0.1936032772064209
0.19354148209095
0.1934812068939209
0.19342252612113953
0.1933644413948059
0.19330810010433197
0.19325238466262817
0.1931990087032318
0.1931467354297638
0.19309547543525696
0.19304487109184265
0.19299611449241638
0.19294822216033936
0.19290044903755188
0.1928538680076599
0.19280850887298584
0.19276323914527893
0.19271908700466156
0.19267602264881134
0.19263368844985962
0.19259293377399445
0.19255271553993225
0.19251376390457153
0.19247493147850037
0.1924373209476471
0.1924002319574356
0.19236430525779724
0.19232913851737976
0.19229498505592346
0.19226107001304626
0.1922277808189392
0.19219522178173065
0.1921626180410385
0.1921314150094986
0.1921006739139557
0.19207029044628143
0.19204063713550568
0.1920117437839508
0.19198334217071533
0.1919555366039276
0.1919281780719757
