# lbfgs, lr=0.8, alpha = 1000000, beta = 0.1
# best_iter: 99, best_loss = 0.012352132238447666, imsave period = 10
1.5736286640167236
0.3079262375831604
0.18337465822696686
0.10320289433002472
0.06032130494713783
0.04114091396331787
0.0318034365773201
0.02788987010717392
0.025080669671297073
0.022975295782089233
0.021229341626167297
0.019704092293977737
0.018636532127857208
0.0176604762673378
0.01705082878470421
0.01660189963877201
0.016260245814919472
0.01601232774555683
0.015821188688278198
0.015670914202928543
0.015550002455711365
0.015450773760676384
0.01536649651825428
0.015293799340724945
0.01522868126630783
0.015170393511652946
0.015116686001420021
0.015066524036228657
0.015020115301012993
0.0149765620008111
0.014934638515114784
0.014894431456923485
0.014855180867016315
0.014817102812230587
0.01477925106883049
0.014742115512490273
0.014705142937600613
0.014668203890323639
0.01463128998875618
0.014594772830605507
0.014557572081685066
0.014519951306283474
0.01448129490017891
0.01444194931536913
0.01440143771469593
0.014359804801642895
0.014317327179014683
0.01427303534001112
0.014226826839148998
0.014179544523358345
0.014129569754004478
0.014078176580369473
0.014024709351360798
0.01396840438246727
0.01391164492815733
0.013851226307451725
0.013787515461444855
0.01372306328266859
0.013649752363562584
0.01357930339872837
0.013504290021955967
0.013423849828541279
0.013339842669665813
0.013259142637252808
0.013178292661905289
0.013094861060380936
0.01299788523465395
0.012928087264299393
0.012866737321019173
0.012972903437912464
0.012810297310352325
0.012727994471788406
0.012672726996243
0.01263367012143135
0.012617995962500572
0.012651356868445873
0.012646562419831753
0.012600128538906574
0.012583142146468163
0.012539753690361977
0.01251293160021305
0.012492193840444088
0.01248127967119217
0.012474894523620605
0.012464117258787155
0.012446440756320953
0.012440135702490807
0.012429648078978062
0.012418070808053017
0.012409896589815617
0.012427156791090965
0.012397274374961853
0.012386412359774113
0.012386875227093697
0.012379055842757225
0.012373985722661018
0.012369325384497643
0.01257969532161951
0.012374834157526493
0.012352132238447666
