# lbfgs, lr=0.8, alpha = 1000000, beta = 0.1
# best_iter: 60, best_loss = 0.04642634466290474, imsave period = 10
6.944305896759033
1.0417687892913818
0.5622132420539856
0.322602242231369
0.17615395784378052
0.1146794855594635
0.09418581426143646
0.08038336783647537
0.0724538266658783
0.06668586283922195
0.0627463161945343
0.05999394878745079
0.05796908214688301
0.05623087286949158
0.05492639169096947
0.05376119166612625
0.052823759615421295
0.05205532908439636
0.051408860832452774
0.050868794322013855
0.05038635432720184
0.049973998218774796
0.04965950921177864
0.04933023825287819
0.04902982711791992
0.04881124943494797
0.048594601452350616
0.04839541018009186
0.048206932842731476
0.04808688908815384
0.047907400876283646
0.04778902977705002
0.04765551909804344
0.047478266060352325
0.047462157905101776
0.04733622819185257
0.04725155979394913
0.04719001427292824
0.047353703528642654
0.04701199755072594
0.04697480425238609
0.04696039482951164
0.0469500757753849
0.046792298555374146
0.04684620723128319
0.046863652765750885
0.04687012359499931
0.04663420841097832
0.04657409340143204
0.046713653951883316
0.0465874969959259
0.04669831693172455
0.04723510518670082
0.04661093279719353
0.046551141887903214
0.04669349268078804
0.04677102342247963
0.04648410528898239
0.04653887450695038
0.04653826355934143
0.04642634466290474
0.047084905207157135
0.046949680894613266
0.047463104128837585
0.047699276357889175
0.047171931713819504
0.046977121382951736
0.047200240194797516
0.0468103252351284
0.04756537452340126
0.046806927770376205
0.04702260345220566
0.046827297657728195
0.050028737634420395
0.047892503440380096
0.04738950729370117
0.04912182688713074
0.047301050275564194
0.04728930443525314
0.21343451738357544
0.06457498669624329
0.054720014333724976
0.051695384085178375
0.0499451719224453
0.04891453683376312
0.04837087169289589
0.0479571558535099
0.04848632588982582
0.0477001890540123
0.06350082159042358
0.04889560863375664
0.25545814633369446
9.933439254760742
0.7761698365211487
0.13791224360466003
0.09204982221126556
0.07622656226158142
0.0665912926197052
0.061145149171352386
0.05754263699054718
