# adam, lr=0.01, alpha = 1000000, beta = 0.1
# best_iter: 2436, best_loss = 0.25306445360183716, imsave period = 300
15.582779884338379
9.754533767700195
7.517871856689453
5.721598148345947
4.442693710327148
3.6284608840942383
3.1055538654327393
2.7610867023468018
2.522965431213379
2.3382556438446045
2.1812424659729004
2.045409917831421
1.9272632598876953
1.8233267068862915
1.7302258014678955
1.6449233293533325
1.5663681030273438
1.4943139553070068
1.4283535480499268
1.367429256439209
1.310762882232666
1.2579240798950195
1.2087002992630005
1.1628142595291138
1.1201443672180176
1.0805343389511108
1.043778419494629
1.0096055269241333
0.9777352809906006
0.9480481147766113
0.9204156398773193
0.8946599960327148
0.8706605434417725
0.8483262062072754
0.8274917602539062
0.8080708980560303
0.7899173498153687
0.7729036808013916
0.7569704055786133
0.7420235276222229
0.7279753684997559
0.7147718667984009
0.7023451328277588
0.6906617283821106
0.6796855926513672
0.6693495512008667
0.659598708152771
0.6503918170928955
0.6416740417480469
0.6334038376808167
0.6255471706390381
0.6180750727653503
0.6109707355499268
0.604204535484314
0.597752034664154
0.5915923118591309
0.585709810256958
0.5800914764404297
0.5747202634811401
0.5695785284042358
0.564655601978302
0.5599296689033508
0.5553933382034302
0.5510357022285461
0.5468438863754272
0.5428043603897095
0.5389087796211243
0.5351494550704956
0.5315120220184326
0.5279930233955383
0.524590253829956
0.5212975144386292
0.5181114673614502
0.5150262117385864
0.5120405554771423
0.5091444849967957
0.5063327550888062
0.5035995244979858
0.5009407997131348
0.49835264682769775
0.4958351254463196
0.49338528513908386
0.4910019040107727
0.48868152499198914
0.4864180386066437
0.4842100143432617
0.4820522367954254
0.47994473576545715
0.47788721323013306
0.4758771061897278
0.47391167283058167
0.4719882011413574
0.47010672092437744
0.468265175819397
0.46646058559417725
0.46469154953956604
0.4629572331905365
0.46125704050064087
0.4595909118652344
0.4579562544822693
0.4563523828983307
0.45477795600891113
0.45323359966278076
0.4517187476158142
0.45023179054260254
0.4487718939781189
0.4473367929458618
0.4459262490272522
0.4445388913154602
0.44317424297332764
0.4418318569660187
0.4405120015144348
0.4392131268978119
0.4379349648952484
0.43667641282081604
0.43543699383735657
0.4342166781425476
0.43301475048065186
0.43183213472366333
0.43066632747650146
0.42951729893684387
0.42838433384895325
0.42726725339889526
0.42616719007492065
0.4250824451446533
0.4240134358406067
0.42295944690704346
0.42192038893699646
0.4208950996398926
0.4198828637599945
0.4188835024833679
0.4178975820541382
0.4169246256351471
0.4159637689590454
0.41501420736312866
0.4140767455101013
0.4131510853767395
0.41223639249801636
0.411334365606308
0.41044437885284424
0.40956592559814453
0.40869906544685364
0.40784168243408203
0.4069945812225342
0.4061579704284668
0.405330091714859
0.4045109748840332
0.4037017226219177
0.4029008746147156
0.40210944414138794
0.4013268053531647
0.40055418014526367
0.3997906446456909
0.39903581142425537
0.3982895314693451
0.3975510597229004
0.39682090282440186
0.3960989713668823
0.3953847289085388
0.3946782350540161
0.3939793109893799
0.3932875394821167
0.3926033079624176
0.3919253945350647
0.3912540674209595
0.39058917760849
0.3899303078651428
0.38927775621414185
0.38863199949264526
0.3879932165145874
0.3873610496520996
0.38673490285873413
0.38611483573913574
0.3855011761188507
0.38489291071891785
0.3842906951904297
0.38369402289390564
0.38310256600379944
0.38251587748527527
0.38193443417549133
0.3813581168651581
0.3807868957519531
0.38022053241729736
0.3796590566635132
0.37910252809524536
0.37855130434036255
0.37800487875938416
0.3774626851081848
0.3769242465496063
0.3763900399208069
0.3758602738380432
0.37533533573150635
0.3748141825199127
0.37429705262184143
0.37378430366516113
0.37327560782432556
0.3727707266807556
0.37226995825767517
0.37177297472953796
0.3712805211544037
0.3707922101020813
0.3703081011772156
0.36982765793800354
0.36935093998908997
0.36887791752815247
0.36840829253196716
0.3679429590702057
0.3674817383289337
0.3670242130756378
0.3665698766708374
0.366118848323822
0.3656710982322693
0.36522653698921204
0.3647851049900055
0.3643476963043213
0.36391299962997437
0.36348164081573486
0.36305344104766846
0.3626278042793274
0.362205445766449
0.3617863059043884
0.3613700866699219
0.3609570264816284
0.3605475425720215
0.3601405620574951
0.35973668098449707
0.359335720539093
0.3589371144771576
0.358540803194046
0.35814744234085083
0.3577568531036377
0.35736945271492004
0.35698509216308594
0.3566026985645294
0.35622256994247437
0.3558444380760193
0.35546860098838806
0.35509538650512695
0.3547242283821106
0.35435622930526733
0.35399070382118225
0.35362720489501953
0.35326671600341797
0.3529081344604492
0.3525523245334625
0.35219889879226685
0.35184770822525024
0.3514987826347351
0.3511524200439453
0.35080796480178833
0.35046640038490295
0.35012710094451904
0.34979167580604553
0.3494597375392914
0.3491339683532715
0.3488139808177948
0.34850701689720154
0.34821194410324097
0.3479377031326294
0.34767064452171326
0.3474161624908447
0.3471308946609497
0.3468152582645416
0.34643441438674927
0.346039742231369
0.3456560969352722
0.3453189730644226
0.3450236916542053
0.34475910663604736
0.3445254862308502
0.34431564807891846
0.34414517879486084
0.3439558446407318
0.34374484419822693
0.34338879585266113
0.3429471552371979
0.3424639105796814
0.3420856297016144
0.34183546900749207
0.34166014194488525
0.34151706099510193
0.3413342237472534
0.3411073684692383
0.3407513499259949
0.3403360843658447
0.33990347385406494
0.3395615220069885
0.3393179774284363
0.33913809061050415
0.33900490403175354
0.3388787806034088
0.33877208828926086
0.3385604918003082
0.33825942873954773
0.3377741575241089
0.33728930354118347
0.3369219899177551
0.3367171287536621
0.33661317825317383
0.3365229666233063
0.33643293380737305
0.336223304271698
0.3359223008155823
0.3354596197605133
0.3350053131580353
0.33464860916137695
0.3344328999519348
0.33431488275527954
0.33423930406570435
0.3342178463935852
0.33415475487709045
0.33405691385269165
0.3336946666240692
0.33318740129470825
0.3326205611228943
0.33226293325424194
0.332139790058136
0.33212780952453613
0.3321397602558136
0.332031786441803
0.33182451128959656
0.33137547969818115
0.3308730721473694
0.3304443359375
0.3302118480205536
0.33012914657592773
0.3301118314266205
0.3301575779914856
0.3301493227481842
0.33010804653167725
0.32974910736083984
0.32921063899993896
0.3285878002643585
0.3282366096973419
0.3281819820404053
0.3282409906387329
0.32829996943473816
0.32817935943603516
0.3279179334640503
0.327399879693985
0.3268876075744629
0.3265337347984314
0.3264009952545166
0.32640737295150757
0.32645300030708313
0.3265572190284729
0.32653531432151794
0.32641494274139404
0.3258951008319855
0.32525911927223206
0.3247499167919159
0.32459765672683716
0.32468703389167786
0.3247946500778198
0.3248607814311981
0.32465702295303345
0.3242751359939575
0.3236778676509857
0.3232055902481079
0.32300302386283875
0.32301318645477295
0.3231275677680969
0.3232191801071167
0.32332009077072144
0.323144793510437
0.3227725923061371
0.3220939040184021
0.32155081629753113
0.321355402469635
0.3214331865310669
0.3216117024421692
0.3216935694217682
0.3216933310031891
0.321320503950119
0.32077744603157043
0.3201840817928314
0.3198830783367157
0.3198830783367157
0.320019394159317
0.32023000717163086
0.3203286826610565
0.3203655481338501
0.319948673248291
0.3193199932575226
0.318642795085907
0.31837010383605957
0.3184737265110016
0.31867992877960205
0.31887087225914
0.3187802731990814
0.3184998631477356
0.3178746998310089
0.317307710647583
0.31701892614364624
0.31703218817710876
0.3172147274017334
0.31742340326309204
0.3177260160446167
0.3177746534347534
0.31763216853141785
0.3168429732322693
0.3160158395767212
0.3156232237815857
0.31578248739242554
0.316123366355896
0.316215455532074
0.3160683512687683
0.31549105048179626
0.3148803114891052
0.31450292468070984
0.31447988748550415
0.31466418504714966
0.3148764967918396
0.31515198945999146
0.31517449021339417
0.3150133490562439
0.31430190801620483
0.3135579228401184
0.313166081905365
0.3132568895816803
0.3135622441768646
0.3137572109699249
0.31384503841400146
0.3134878873825073
0.31292447447776794
0.3122798204421997
0.3119964301586151
0.31207385659217834
0.31229928135871887
0.3126010298728943
0.3127574920654297
0.3128531575202942
0.3124028146266937
0.31171727180480957
0.31100016832351685
0.3107839524745941
0.3109981417655945
0.31129059195518494
0.311552494764328
0.3114597797393799
0.31114721298217773
0.31044211983680725
0.3098681569099426
0.3096802532672882
0.309823215007782
0.31013017892837524
0.3104087710380554
0.3107561767101288
0.3106752038002014
0.31031903624534607
0.30939942598342896
0.308696985244751
0.30860060453414917
0.3089284896850586
0.3093109726905823
0.30935409665107727
0.3091580271720886
0.3085043132305145
0.30788204073905945
0.3075816035270691
0.30765944719314575
0.3079397976398468
0.30823415517807007
0.30862361192703247
0.3086828887462616
0.30853548645973206
0.3076983094215393
0.30686476826667786
0.30651137232780457
0.30674564838409424
0.3071901202201843
0.30739837884902954
0.30739831924438477
0.3068554699420929
0.30618393421173096
0.30566084384918213
0.30560001730918884
0.30586525797843933
0.3061840534210205
0.30658239126205444
0.3067286014556885
0.306732714176178
0.30599698424339294
0.3051287829875946
0.30461227893829346
0.30473923683166504
0.30516141653060913
0.3054637610912323
0.3056536018848419
0.305296391248703
0.30467405915260315
0.3039705157279968
0.3037194609642029
0.30385294556617737
0.3041421175003052
0.304586261510849
0.30490735173225403
0.30517441034317017
0.3047303259372711
0.3040105104446411
0.30311399698257446
0.30278319120407104
0.3031027317047119
0.303575724363327
0.303879976272583
0.30363187193870544
0.303153932094574
0.30243828892707825
0.3019947409629822
0.3020074963569641
0.30232465267181396
0.30275529623031616
0.3030582368373871
0.30347108840942383
0.3033407926559448
0.3027927875518799
0.301669716835022
0.3011249601840973
0.3013119101524353
0.301657497882843
0.302036851644516
0.3021731674671173
0.30202534794807434
0.30120712518692017
0.30059826374053955
0.300409197807312
0.3003683090209961
0.30047011375427246
0.3008708953857422
0.30158716440200806
0.30217206478118896
0.30316394567489624
0.30339401960372925
0.3029683828353882
0.3006191551685333
0.2995326519012451
0.30039656162261963
0.3011054992675781
0.3012528717517853
0.30079931020736694
0.3000020980834961
0.2990182638168335
0.2992568016052246
0.2999733090400696
0.29986393451690674
0.2999620735645294
0.30000972747802734
0.29945895075798035
0.29860544204711914
0.29847702383995056
0.29825615882873535
0.29792946577072144
0.2981486916542053
0.29848992824554443
0.29892808198928833
0.3000613749027252
0.30270710587501526
0.30453452467918396
0.30653539299964905
0.3033401370048523
0.2993733584880829
0.2980802655220032
0.3008933663368225
0.3025437593460083
0.2994495630264282
0.29760003089904785
0.29896682500839233
0.29957741498947144
0.29904186725616455
0.29792243242263794
0.29723578691482544
0.29766714572906494
0.29828351736068726
0.29776614904403687
0.29660922288894653
0.29651376605033875
0.2965853810310364
0.2964034676551819
0.2967691421508789
0.2969977855682373
0.296804815530777
0.29655319452285767
0.29660117626190186
0.295972615480423
0.2953220009803772
0.29519787430763245
0.2951059937477112
0.2948719263076782
0.29501041769981384
0.2954297959804535
0.295859694480896
0.297166645526886
0.29907190799713135
0.30190330743789673
0.3011883497238159
0.29896241426467896
0.2953307032585144
0.29533877968788147
0.29776519536972046
0.29789024591445923
0.2958819270133972
0.2942167818546295
0.29548144340515137
0.29670411348342896
0.2954649329185486
0.29421401023864746
0.29416611790657043
0.2945183515548706
0.2948392629623413
0.294551819562912
0.2937222123146057
0.2930747866630554
0.29335370659828186
0.29371264576911926
0.2936112582683563
0.2937769591808319
0.2938326895236969
0.2934607267379761
0.2928035259246826
0.29260632395744324
0.2923893630504608
0.29204902052879333
0.29205313324928284
0.2922733426094055
0.29245826601982117
0.29294610023498535
0.29455384612083435
0.29661673307418823
0.29975181818008423
0.29966896772384644
0.2980610728263855
0.2930133640766144
0.29259735345840454
0.2960968613624573
0.295896053314209
0.29316815733909607
0.29193082451820374
0.2934657037258148
0.29418808221817017
0.2930371165275574
0.2923393249511719
0.29187020659446716
0.2919064462184906
0.2926442325115204
0.292206734418869
0.29106631875038147
0.29081109166145325
0.2911057472229004
0.2909386157989502
0.290979266166687
0.291485995054245
0.2913544774055481
0.291166216135025
0.29119938611984253
0.29117536544799805
0.29039305448532104
0.28991812467575073
0.2898455858230591
0.28955066204071045
0.28936466574668884
0.2896139621734619
0.28986623883247375
0.29016441106796265
0.2914172410964966
0.29327911138534546
0.2962334156036377
0.2966112494468689
0.29578110575675964
0.2912184000015259
0.2895747423171997
0.29199710488319397
0.29332050681114197
0.2917622923851013
0.2891656160354614
0.2900046706199646
0.29153236746788025
0.29069292545318604
0.28977057337760925
0.2893494963645935
0.2891661822795868
0.289452463388443
0.2896997928619385
0.28929635882377625
0.28830987215042114
0.2881784737110138
0.28845614194869995
0.2881746292114258
0.28825071454048157
0.2887499928474426
0.2890022099018097
0.28909793496131897
0.28988969326019287
0.28988590836524963
0.2892093360424042
0.2879948019981384
0.2875005602836609
0.28741368651390076
0.2875109612941742
0.2880619466304779
0.288327693939209
0.2880311906337738
0.2874392867088318
0.2872796654701233
0.28682008385658264
0.28637534379959106
0.28649193048477173
0.2867353558540344
0.286917120218277
0.28742092847824097
0.28885602951049805
0.29054132103919983
0.2932351231575012
0.2932659983634949
0.2922709286212921
0.28808704018592834
0.2866150736808777
0.2891424000263214
0.29044419527053833
0.2889111638069153
0.286629855632782
0.2870611846446991
0.28805428743362427
0.2878955900669098
0.287542462348938
0.2865976095199585
0.2860555052757263
0.28644904494285583
0.286989688873291
0.28688785433769226
0.28604552149772644
0.2858969569206238
0.28573232889175415
0.28510794043540955
0.28504878282546997
0.2853248417377472
0.2852514982223511
0.2854238748550415
0.2863917350769043
0.2878037393093109
0.29072195291519165
0.29285475611686707
0.2951795160770416
0.2906852960586548
0.28578901290893555
0.28607964515686035
0.2896615266799927
0.28996753692626953
0.28679972887039185
0.28621476888656616
0.2867174744606018
0.28673696517944336
0.2872055172920227
0.2862371802330017
0.28513103723526
0.2850305140018463
0.2855879068374634
0.2859177589416504
0.2851181626319885
0.2851894795894623
0.28522419929504395
0.2843219041824341
0.2840803265571594
0.28428733348846436
0.28375107049942017
0.2835811376571655
0.28356999158859253
0.28341710567474365
0.2833143472671509
0.283139169216156
0.28325238823890686
0.28375735878944397
0.28498202562332153
0.29001590609550476
0.3003748953342438
0.32267242670059204
0.31833532452583313
0.30844613909721375
0.2884241044521332
0.29858270287513733
0.3156099319458008
0.30264005064964294
0.29328346252441406
0.2952694296836853
0.3008003830909729
0.30084943771362305
0.292156845331192
0.2929457724094391
0.2957335412502289
0.2948756217956543
0.29386499524116516
0.2889349162578583
0.2908755838871002
0.29261577129364014
0.29098987579345703
0.29005107283592224
0.28720664978027344
0.28813061118125916
0.28823527693748474
0.2882237434387207
0.2887538969516754
0.28725141286849976
0.2866566479206085
0.2852538824081421
0.2851483225822449
0.28523558378219604
0.2850947380065918
0.2853664755821228
0.28538453578948975
0.2857007086277008
0.2852175831794739
0.28477799892425537
0.2839556932449341
0.28332534432411194
0.2827495038509369
0.28269851207733154
0.28291553258895874
0.2830757796764374
0.2833346128463745
0.2832677960395813
0.283452570438385
0.2829636335372925
0.28228121995925903
0.2816277742385864
0.2813008725643158
0.28137195110321045
0.28146180510520935
0.2816660702228546
0.28192633390426636
0.2821684181690216
0.28197282552719116
0.28163960576057434
0.2810225486755371
0.2806093692779541
0.2803381383419037
0.28029337525367737
0.28056469559669495
0.28082552552223206
0.2810593247413635
0.28102660179138184
0.2809797525405884
0.2806420624256134
0.2801530957221985
0.27958473563194275
0.2794775366783142
0.2797102928161621
0.27992838621139526
0.2801515460014343
0.2803552746772766
0.2807476818561554
0.28065332770347595
0.28019946813583374
0.2794182300567627
0.2790880501270294
0.27913084626197815
0.2791294455528259
0.27918508648872375
0.2795252799987793
0.2800743281841278
0.28023022413253784
0.2802610397338867
0.2799941599369049
0.27986961603164673
0.2791609466075897
0.2784155011177063
0.2784605622291565
0.278968870639801
0.27920323610305786
0.27915990352630615
0.2794743478298187
0.2796826958656311
0.27947378158569336
0.2786124348640442
0.27831560373306274
0.2783890962600708
0.2780764698982239
0.2777981162071228
0.27802932262420654
0.2783699631690979
0.27853459119796753
0.2793205976486206
0.281093567609787
0.284469336271286
0.2863224744796753
0.2877015173435211
0.28358718752861023
0.2802800238132477
0.2797500491142273
0.28204965591430664
0.283855140209198
0.28091108798980713
0.27837759256362915
0.27973508834838867
0.2813369035720825
0.28060585260391235
0.2786983847618103
0.27875226736068726
0.2792951464653015
0.27890801429748535
0.2789563536643982
0.27908575534820557
0.27836939692497253
0.27744489908218384
0.27780672907829285
0.27812156081199646
0.2775798439979553
0.2776849865913391
0.2782592177391052
0.27862784266471863
0.27900952100753784
0.28042086958885193
0.2812766432762146
0.2813960313796997
0.279000848531723
0.2777266800403595
0.27771344780921936
0.27778160572052
0.27851709723472595
0.27874019742012024
0.2777792811393738
0.27665725350379944
0.2768940031528473
0.277279257774353
0.2770848572254181
0.27724379301071167
0.2775384187698364
0.2774586081504822
0.27683618664741516
0.2766503691673279
0.2766435742378235
0.27626436948776245
0.2758350670337677
0.2759583592414856
0.2759714722633362
0.27565473318099976
0.2756526470184326
0.27587100863456726
0.27618885040283203
0.27731624245643616
0.28122344613075256
0.2889685034751892
0.30634596943855286
0.3067050576210022
0.30112192034721375
0.28110939264297485
0.28608939051628113
0.3015891909599304
0.29432129859924316
0.28398630023002625
0.28270837664604187
0.2905943989753723
0.29238221049308777
0.2831658124923706
0.28215885162353516
0.28591832518577576
0.28600451350212097
0.28448742628097534
0.2802468240261078
0.28170615434646606
0.28400683403015137
0.28198689222335815
0.28140896558761597
0.2795630395412445
0.2792920470237732
0.28040120005607605
0.27964916825294495
0.2798023521900177
0.2790600657463074
0.27839240431785583
0.27807819843292236
0.2773902416229248
0.2772093713283539
0.27721381187438965
0.2773328125476837
0.2775919437408447
0.277997225522995
0.2785949409008026
0.2797638177871704
0.2798071503639221
0.27925989031791687
0.2768186926841736
0.27576667070388794
0.27641478180885315
0.2771444618701935
0.2770247757434845
0.275922030210495
0.27568742632865906
0.27571913599967957
0.2755189836025238
0.27544623613357544
0.27534589171409607
0.27550336718559265
0.27519696950912476
0.27457040548324585
0.2744307518005371
0.2745334506034851
0.2744254767894745
0.2742234170436859
0.27405816316604614
0.27416521310806274
0.2744591534137726
0.27477991580963135
0.2760479152202606
0.27867525815963745
0.284091055393219
0.28602033853530884
0.28465837240219116
0.27645716071128845
0.2763713598251343
0.28080204129219055
0.2784630060195923
0.2763966917991638
0.27757224440574646
0.2769007682800293
0.275753378868103
0.27652809023857117
0.2763969302177429
0.27466168999671936
0.27489447593688965
0.27559134364128113
0.2746693193912506
0.2745089530944824
0.27492964267730713
0.27462735772132874
0.27413490414619446
0.27439647912979126
0.27438828349113464
0.27387988567352295
0.27396026253700256
0.274330198764801
0.27389609813690186
0.273925244808197
0.27414098381996155
0.274020254611969
0.2736973762512207
0.2735425531864166
0.2732950747013092
0.27304840087890625
0.2725907266139984
0.2724950313568115
0.27261582016944885
0.27247050404548645
0.27245453000068665
0.27273595333099365
0.273335337638855
0.2743869125843048
0.27669385075569153
0.27911022305488586
0.2822827100753784
0.2791792154312134
0.27429649233818054
0.27295005321502686
0.2760348618030548
0.2772400677204132
0.27464577555656433
0.2737625539302826
0.2746597230434418
0.2741806209087372
0.27380895614624023
0.2741071879863739
0.2734937369823456
0.27260395884513855
0.2729476988315582
0.27344393730163574
0.2729526162147522
0.2725338339805603
0.27281996607780457
0.2728597819805145
0.27216196060180664
0.2722000479698181
0.272434800863266
0.2720661163330078
0.27192559838294983
0.2722092568874359
0.2723551094532013
0.27272287011146545
0.27312707901000977
0.2741757929325104
0.27478814125061035
0.2748008072376251
0.2731740474700928
0.27214887738227844
0.2718040943145752
0.27198249101638794
0.27248260378837585
0.2727518081665039
0.2726931869983673
0.2717379331588745
0.27108439803123474
0.2712882459163666
0.27159973978996277
0.2717325985431671
0.2717463970184326
0.2720130980014801
0.2721819281578064
0.27195656299591064
0.27124157547950745
0.27114009857177734
0.27114352583885193
0.2708227038383484
0.27055373787879944
0.2705538868904114
0.2706707715988159
0.27076733112335205
0.2709798216819763
0.27177512645721436
0.27433425188064575
0.2786695957183838
0.28769779205322266
0.2907790541648865
0.29274651408195496
0.2783507704734802
0.27386853098869324
0.2826922833919525
0.28666236996650696
0.28462451696395874
0.27517446875572205
0.27574607729911804
0.2820747494697571
0.2804633378982544
0.27599602937698364
0.2744280993938446
0.27711057662963867
0.2790074050426483
0.2759864330291748
0.2739606201648712
0.2745724320411682
0.27504295110702515
0.2751684784889221
0.2741718292236328
0.273345023393631
0.273703008890152
0.2733613848686218
0.2721400260925293
0.2722989320755005
0.27278029918670654
0.27264952659606934
0.2729790210723877
0.273198664188385
0.274554044008255
0.27632924914360046
0.2776753902435303
0.27526676654815674
0.2730293869972229
0.27213045954704285
0.2725927531719208
0.2728939354419708
0.2725440561771393
0.2724723517894745
0.27161628007888794
0.271022230386734
0.27128392457962036
0.2716520130634308
0.2716923654079437
0.270781546831131
0.27058061957359314
0.2708267569541931
0.2702840268611908
0.2699356973171234
0.27003923058509827
0.2699064016342163
0.2698412835597992
0.2697015702724457
0.269578754901886
0.26991143822669983
0.2705344557762146
0.2724562883377075
0.27698373794555664
0.28783512115478516
0.29296207427978516
0.2932296097278595
0.27472859621047974
0.27505117654800415
0.28577232360839844
0.2806529402732849
0.27592727541923523
0.2777352035045624
0.2782992124557495
0.27546215057373047
0.2747165560722351
0.277099072933197
0.2752910852432251
0.27301090955734253
0.2742169201374054
0.2747577428817749
0.2729527950286865
0.27371472120285034
0.275560200214386
0.27702462673187256
0.2805250287055969
0.2878308594226837
0.2838936448097229
0.2777661085128784
0.2722836136817932
0.2764362692832947
0.2792608141899109
0.27489134669303894
0.2742609679698944
0.273807168006897
0.2742058336734772
0.2745745778083801
0.27325618267059326
0.2727982997894287
0.27110764384269714
0.27244165539741516
0.2726779282093048
0.27204954624176025
0.2722760736942291
0.2712761163711548
0.2717131972312927
0.270597368478775
0.27014100551605225
0.2699568271636963
0.26990848779678345
0.26974132657051086
0.26937204599380493
0.26962897181510925
0.2696129083633423
0.27033531665802
0.2715199291706085
0.2748498320579529
0.2786863446235657
0.28322020173072815
0.27753788232803345
0.2707878351211548
0.2709013819694519
0.27491143345832825
0.2741527855396271
0.2706437110900879
0.271419495344162
0.27253007888793945
0.271295964717865
0.27059173583984375
0.2710394859313965
0.2704688608646393
0.2695586681365967
0.2703525722026825
0.2701425552368164
0.26904651522636414
0.26893898844718933
0.2692204415798187
0.26900094747543335
0.2684284448623657
0.26882365345954895
0.26897725462913513
0.26870396733283997
0.2691861093044281
0.2696661949157715
0.2705965042114258
0.27070051431655884
0.27077221870422363
0.26993876695632935
0.26871341466903687
0.2678503394126892
0.26823359727859497
0.26909103989601135
0.269034743309021
0.2682238221168518
0.26768946647644043
0.26776400208473206
0.2676757872104645
0.2677518129348755
0.2680482566356659
0.26804599165916443
0.26790863275527954
0.2674834728240967
0.26720988750457764
0.2671535909175873
0.26710399985313416
0.26690495014190674
0.2667253911495209
0.26680752635002136
0.26692432165145874
0.2669857442378998
0.26740750670433044
0.26879748702049255
0.27150648832321167
0.2775112986564636
0.28101831674575806
0.28327804803848267
0.2732592821121216
0.26920485496520996
0.27409467101097107
0.276196151971817
0.27392879128456116
0.2695041596889496
0.27086782455444336
0.27382731437683105
0.2716275155544281
0.2694666087627411
0.2703549563884735
0.2708345949649811
0.2696068286895752
0.2692817151546478
0.26999011635780334
0.26927539706230164
0.26848104596138
0.2681599259376526
0.2682465612888336
0.2684238851070404
0.26787084341049194
0.2676410675048828
0.26818689703941345
0.2686668634414673
0.2692664563655853
0.27184322476387024
0.2748482823371887
0.2780551314353943
0.27434709668159485
0.2702295184135437
0.26867595314979553
0.2706102132797241
0.27169954776763916
0.2696055769920349
0.26945915818214417
0.2692722678184509
0.2681703269481659
0.2693537473678589
0.2692776322364807
0.2676938474178314
0.26741811633110046
0.2676449418067932
0.26757383346557617
0.2675686776638031
0.2675201892852783
0.26772603392601013
0.2683158814907074
0.26819753646850586
0.2683267593383789
0.2686043381690979
0.2686206102371216
0.267193078994751
0.26658895611763
0.2665095329284668
0.2663675546646118
0.26674988865852356
0.26671072840690613
0.26686686277389526
0.2673339247703552
0.26731112599372864
0.26682397723197937
0.2667388617992401
0.2664127051830292
0.26613304018974304
0.2657487094402313
0.2655407190322876
0.2656102180480957
0.2657410502433777
0.2659575343132019
0.2661486864089966
0.26698705554008484
0.268634170293808
0.27135539054870605
0.2726643681526184
0.2734764814376831
0.269863098859787
0.2676413059234619
0.2679120898246765
0.2686850130558014
0.2692755460739136
0.26868218183517456
0.267684668302536
0.2664409875869751
0.26689741015434265
0.2683366537094116
0.267801970243454
0.2666940689086914
0.2662244439125061
0.2661557197570801
0.2661744952201843
0.2661105990409851
0.26593372225761414
0.2664123773574829
0.2669934034347534
0.2666180729866028
0.26704704761505127
0.26771172881126404
0.26800379157066345
0.26714664697647095
0.2661859691143036
0.26535746455192566
0.26556864380836487
0.265762597322464
0.26560351252555847
0.2659515142440796
0.26634714007377625
0.26659873127937317
0.26610076427459717
0.26571106910705566
0.26568347215652466
0.2656521499156952
0.2651048004627228
0.2647368311882019
0.2646859884262085
0.26475614309310913
0.2647402286529541
0.2645871639251709
0.2646131217479706
0.2651247978210449
0.2666472792625427
0.26996055245399475
0.27916452288627625
0.2904192805290222
0.3107379674911499
0.29062145948410034
0.2758421301841736
0.2709387242794037
0.28104346990585327
0.30054184794425964
0.3033446669578552
0.30379560589790344
0.2832050919532776
0.2868659198284149
0.308726966381073
0.31274908781051636
0.3226139545440674
0.29198235273361206
0.293738454580307
0.30060482025146484
0.2996097207069397
0.3150028586387634
0.3159720301628113
0.3262028694152832
0.2871055006980896
0.2980595827102661
0.2976287305355072
0.29127827286720276
0.3006821274757385
0.30499643087387085
0.3473779857158661
0.362086683511734
0.40763771533966064
0.3118494749069214
0.31912049651145935
0.34290555119514465
0.3475191295146942
0.3440970778465271
0.3082229495048523
0.30642402172088623
0.3219878673553467
0.3190005421638489
0.3379286825656891
0.3125975430011749
0.3095185160636902
0.29614606499671936
0.2974669635295868
0.30205702781677246
0.30512192845344543
0.3101484179496765
0.3071153163909912
0.30149829387664795
0.2900039553642273
0.2883484363555908
0.2907537817955017
0.29372692108154297
0.29211318492889404
0.28627732396125793
0.2829262614250183
0.2821688950061798
0.2832566499710083
0.28423595428466797
0.28332456946372986
0.28266164660453796
0.27921271324157715
0.27710825204849243
0.2764858305454254
0.27746960520744324
0.27785003185272217
0.27792036533355713
0.2772969901561737
0.2771031856536865
0.2755369246006012
0.2736614942550659
0.2723652124404907
0.2726748585700989
0.2728590667247772
0.2728479206562042
0.272372305393219
0.2728409469127655
0.272674024105072
0.2720940113067627
0.2708889842033386
0.27044498920440674
0.27006369829177856
0.26949363946914673
0.2688937783241272
0.2689625322818756
0.2692446708679199
0.26909133791923523
0.26938724517822266
0.2701278030872345
0.2717559039592743
0.2722080647945404
0.2722834050655365
0.27020230889320374
0.26853007078170776
0.267739474773407
0.26831182837486267
0.2692849040031433
0.2684713304042816
0.2670328617095947
0.266680508852005
0.2675023674964905
0.26782557368278503
0.2669619023799896
0.2663636803627014
0.2663639187812805
0.26621171832084656
0.2660374045372009
0.26619940996170044
0.26636362075805664
0.26594647765159607
0.26549747586250305
0.2654193639755249
0.26539045572280884
0.2650879919528961
0.264831006526947
0.2648659646511078
0.26487070322036743
0.26468589901924133
0.26460567116737366
0.2648330330848694
0.26538777351379395
0.2668682336807251
0.26990392804145813
0.27693700790405273
0.28061234951019287
0.2811643183231354
0.2680785655975342
0.2667761445045471
0.27442142367362976
0.27013078331947327
0.26598867774009705
0.26923754811286926
0.2689312994480133
0.2659921646118164
0.26699405908584595
0.26781031489372253
0.26584380865097046
0.2657220959663391
0.26685789227485657
0.26559773087501526
0.26487284898757935
0.26588648557662964
0.26526230573654175
0.2643662691116333
0.264973521232605
0.2648450434207916
0.2640502452850342
0.264261931180954
0.26437798142433167
0.26383036375045776
0.2637248635292053
0.26389336585998535
0.26364758610725403
0.2633568346500397
0.26342105865478516
0.26345571875572205
0.2632772922515869
0.2633080780506134
0.26382675766944885
0.2645401358604431
0.2660501003265381
0.268131285905838
0.27113252878189087
0.26925110816955566
0.2652382552623749
0.26314330101013184
0.2656216621398926
0.2669174373149872
0.2643153965473175
0.2635153532028198
0.26490432024002075
0.26446732878685
0.2635345458984375
0.26366516947746277
0.26368147134780884
0.263292133808136
0.2633057236671448
0.26332026720046997
0.26277220249176025
0.2626538872718811
0.2630441188812256
0.2628161311149597
0.26227790117263794
0.26224079728126526
0.2624354958534241
0.2622304856777191
0.26200246810913086
0.2621871829032898
0.2622641324996948
0.26210322976112366
0.26215094327926636
0.2625672221183777
0.2628248333930969
0.26309826970100403
0.26326555013656616
0.26351237297058105
0.26288893818855286
0.26195716857910156
0.26149117946624756
0.2618771195411682
0.26228898763656616
0.26217734813690186
0.2621539235115051
0.2621733546257019
0.2618934214115143
0.2613275647163391
0.2612571120262146
0.26153042912483215
0.2615489959716797
0.2614976763725281
0.26167362928390503
0.2621261477470398
0.26240313053131104
0.26267722249031067
0.26271891593933105
0.2629450857639313
0.26240411400794983
0.2614034116268158
0.26093512773513794
0.26145902276039124
0.26184239983558655
0.26168474555015564
0.2617843747138977
0.26187026500701904
0.2616143822669983
0.2610410153865814
0.2608165740966797
0.2609633505344391
0.2610192596912384
0.2608267068862915
0.2608356177806854
0.2612961530685425
0.2617936432361603
0.2626884877681732
0.2642934322357178
0.26754307746887207
0.26857876777648926
0.2680206000804901
0.2630535364151001
0.2616504728794098
0.26405319571495056
0.2644343972206116
0.2632380425930023
0.26274368166923523
0.26331377029418945
0.2623721957206726
0.2617260813713074
0.2628759741783142
0.2624918520450592
0.2611696124076843
0.2613743245601654
0.2617771029472351
0.261188805103302
0.2610494792461395
0.261402428150177
0.2613148093223572
0.26126763224601746
0.2615905702114105
0.26238951086997986
0.2630020081996918
0.26392295956611633
0.26429152488708496
0.26435452699661255
0.26195216178894043
0.2605324983596802
0.26148784160614014
0.2620922327041626
0.2619118094444275
0.2617351710796356
0.2614692747592926
0.2607264816761017
0.260649710893631
0.260966032743454
0.26111528277397156
0.26121827960014343
0.26079946756362915
0.26060065627098083
0.2607491612434387
0.26043498516082764
0.25998762249946594
0.26014444231987
0.260135293006897
0.2599005699157715
0.2598970830440521
0.25984206795692444
0.2597717046737671
0.259867399930954
0.2599196434020996
0.26022857427597046
0.2618708610534668
0.26607546210289
0.27765387296676636
0.29006391763687134
0.3081597089767456
0.27947595715522766
0.26405173540115356
0.2755419611930847
0.28404781222343445
0.283683180809021
0.2695627212524414
0.27062085270881653
0.28019291162490845
0.2737080454826355
0.26733464002609253
0.27092650532722473
0.2714821696281433
0.26838648319244385
0.2675893306732178
0.26863178610801697
0.2684202492237091
0.266951322555542
0.26585695147514343
0.2670903205871582
0.26707935333251953
0.26672035455703735
0.2682521641254425
0.27133169770240784
0.2704804837703705
0.26987481117248535
0.26708316802978516
0.2653402090072632
0.26439782977104187
0.26505208015441895
0.26595088839530945
0.26470884680747986
0.2632780373096466
0.26269522309303284
0.26367297768592834
0.26388609409332275
0.26279446482658386
0.2628439664840698
0.2623383700847626
0.26172810792922974
0.26182517409324646
0.2616081237792969
0.26185962557792664
0.26183298230171204
0.26139694452285767
0.2616579532623291
0.26183685660362244
0.26148101687431335
0.2614857852458954
0.2610836327075958
0.26084235310554504
0.26073044538497925
0.26027712225914
0.26003214716911316
0.2600756287574768
0.2600423991680145
0.2600759267807007
0.2601313292980194
0.2602771818637848
0.2609044909477234
0.26172566413879395
0.262993723154068
0.26334264874458313
0.263130247592926
0.26131510734558105
0.260193794965744
0.26034432649612427
0.26104113459587097
0.26123228669166565
0.2603292763233185
0.25973618030548096
0.25983700156211853
0.26022419333457947
0.2604217231273651
0.25978830456733704
0.25921913981437683
0.2593240439891815
0.25962311029434204
0.2597886025905609
0.2595815658569336
0.259170264005661
0.2589138150215149
0.25899001955986023
0.2590532898902893
0.25905799865722656
0.25915247201919556
0.25920021533966064
0.2593250572681427
0.2593425512313843
0.25917181372642517
0.25881630182266235
0.2586629390716553
0.25868111848831177
0.25870588421821594
0.2586045265197754
0.2584112584590912
0.25832122564315796
0.2583684027194977
0.25840064883232117
0.25836825370788574
0.25833362340927124
0.25841593742370605
0.25903284549713135
0.26095807552337646
0.26657068729400635
0.27546828985214233
0.29228144884109497
0.2837863564491272
0.27086201310157776
0.26476842164993286
0.276702880859375
0.2837018370628357
0.26867735385894775
0.2644222378730774
0.2727468013763428
0.2714542746543884
0.2663837671279907
0.2659306526184082
0.2686839699745178
0.26707711815834045
0.2637629508972168
0.26583486795425415
0.26661500334739685
0.26356199383735657
0.26336804032325745
0.2648281157016754
0.26366478204727173
0.26318806409835815
0.26464763283729553
0.26585280895233154
0.2660180926322937
0.26850706338882446
0.267960786819458
0.2654992341995239
0.26176995038986206
0.26201745867729187
0.2640852928161621
0.2631851136684418
0.2617184519767761
0.2614583373069763
0.2615445554256439
0.261260062456131
0.2611583471298218
0.26127809286117554
0.2603914141654968
0.2598348557949066
0.2602531611919403
0.2601000666618347
0.2599620819091797
0.2598473131656647
0.2595268487930298
0.259716272354126
0.2597038447856903
0.2592051327228546
0.25930413603782654
0.25929713249206543
0.25918394327163696
0.2591983675956726
0.259095162153244
0.25908738374710083
0.2593138813972473
0.2592579424381256
0.25923171639442444
0.2589511275291443
0.25872376561164856
0.25859105587005615
0.25833219289779663
0.2580772042274475
0.258048415184021
0.2580471336841583
0.2581740617752075
0.2584388852119446
0.25862330198287964
0.25915271043777466
0.2598893940448761
0.2609499394893646
0.26087433099746704
0.2599829435348511
0.25826239585876465
0.2579389810562134
0.258850634098053
0.2591249942779541
0.258658230304718
0.25821614265441895
0.2584604322910309
0.25849878787994385
0.25789082050323486
0.2576724886894226
0.2580089271068573
0.25814375281333923
0.2578738331794739
0.2577030062675476
0.2579385042190552
0.2583412826061249
0.2584606409072876
0.2587808072566986
0.25915664434432983
0.2597985863685608
0.25952857732772827
0.25854602456092834
0.2574711740016937
0.25773608684539795
0.2581491470336914
0.2578360140323639
0.25781330466270447
0.2581864595413208
0.25852879881858826
0.2583591938018799
0.25803142786026
0.2578062415122986
0.25799959897994995
0.2578813433647156
0.25745174288749695
0.25718680024147034
0.2573336064815521
0.2573775053024292
0.2571218013763428
0.256945937871933
0.2571170926094055
0.25723764300346375
0.2573506534099579
0.2579842805862427
0.2601184546947479
0.264322966337204
0.2738072872161865
0.2783827781677246
0.281380295753479
0.2662298083305359
0.2638295292854309
0.2721853256225586
0.27101224660873413
0.26821810007095337
0.26496434211730957
0.26528459787368774
0.26635318994522095
0.2639366090297699
0.2643052935600281
0.2661496698856354
0.2639923393726349
0.26173368096351624
0.2640608847141266
0.26351502537727356
0.26221248507499695
0.26364970207214355
0.26468968391418457
0.263441264629364
0.2639755606651306
0.2623593211174011
0.2611131966114044
0.26042234897613525
0.259519100189209
0.2601912319660187
0.26089635491371155
0.26042094826698303
0.2603467106819153
0.26060113310813904
0.25948628783226013
0.25915926694869995
0.25868046283721924
0.2581751048564911
0.2585534453392029
0.25847622752189636
0.2583823502063751
0.258783221244812
0.25936585664749146
0.26037025451660156
0.26203855872154236
0.26200273633003235
0.26162189245224
0.2594813108444214
0.2583285868167877
0.258789598941803
0.2592255473136902
0.25923264026641846
0.2585875689983368
0.2579653263092041
0.2577653229236603
0.25808078050613403
0.25839054584503174
0.258126825094223
0.2576697766780853
0.25712525844573975
0.2571013569831848
0.2574119567871094
0.2574653625488281
0.25742554664611816
0.2574123740196228
0.25758451223373413
0.2575123608112335
0.2573840916156769
0.2570613920688629
0.2566937506198883
0.25668761134147644
0.25681889057159424
0.2565889358520508
0.2564213275909424
0.25639909505844116
0.2563225030899048
0.25635549426078796
0.2563554644584656
0.25621479749679565
0.25616809725761414
0.25629809498786926
0.2567257881164551
0.25835728645324707
0.2628128230571747
0.2753724455833435
0.2875426411628723
0.30454936623573303
0.2750956118106842
0.26151540875434875
0.2741353511810303
0.2867070436477661
0.29139482975006104
0.26947593688964844
0.2645607888698578
0.2774556279182434
0.28015655279159546
0.27751362323760986
0.2690116763114929
0.2729490399360657
0.283020943403244
0.27661678194999695
0.26898959279060364
0.26957929134368896
0.2736649811267853
0.27000778913497925
0.2666468024253845
0.27029791474342346
0.27563929557800293
0.27614688873291016
0.2880926728248596
0.28897273540496826
0.2810555100440979
0.26664814352989197
0.2736380696296692
0.27254778146743774
0.2705909311771393
0.27734899520874023
0.2712758779525757
0.26994702219963074
0.2675738036632538
0.26787760853767395
0.2654382586479187
0.26406240463256836
0.26588842272758484
0.26267439126968384
0.2634541690349579
0.263466477394104
0.26283207535743713
0.26478078961372375
0.270690381526947
0.28596585988998413
0.3215648829936981
0.3102923631668091
0.28977668285369873
0.26678386330604553
0.29159653186798096
0.3035125136375427
0.27544504404067993
0.27403920888900757
0.2852863371372223
0.2841017246246338
0.2745882272720337
0.2717685103416443
0.2757519483566284
0.2762456238269806
0.2748948335647583
0.2714311480522156
0.2714371383190155
0.2708062529563904
0.2674860656261444
0.2671910524368286
0.26638028025627136
0.26826897263526917
0.2692321836948395
0.27186715602874756
0.2791467308998108
0.28294503688812256
0.28693249821662903
0.2681979238986969
0.2664814591407776
0.2741512656211853
0.2711670994758606
0.26536989212036133
0.26711058616638184
0.2676490545272827
0.2641599774360657
0.26566505432128906
0.264262318611145
0.26370930671691895
0.2621978223323822
0.2631719708442688
0.26263299584388733
0.2615423798561096
0.26154839992523193
0.26125556230545044
0.2614094316959381
0.26042309403419495
0.26080232858657837
0.2610996961593628
0.261089950799942
0.2615530490875244
0.2620260417461395
0.26309892535209656
0.26141685247421265
0.26006507873535156
0.2588411569595337
0.259049654006958
0.2595275044441223
0.25945916771888733
0.25921154022216797
0.25845932960510254
0.2581171989440918
0.2579469084739685
0.25830990076065063
0.2584679424762726
0.2579895555973053
0.2575734853744507
0.2573607265949249
0.25736117362976074
0.2571621537208557
0.2570823132991791
0.2571573257446289
0.25724920630455017
0.25745290517807007
0.2574935555458069
0.25770673155784607
0.2578299641609192
0.2580012083053589
0.25748535990715027
0.2567713260650635
0.25635379552841187
0.25642818212509155
0.2566571533679962
0.2567017078399658
0.256728857755661
0.2567436099052429
0.2568197548389435
0.25666943192481995
0.25627440214157104
0.2558858394622803
0.25592222809791565
0.2560664713382721
0.2559969425201416
0.25585824251174927
0.2559426724910736
0.2563498914241791
0.2568204998970032
0.2577130198478699
0.2587462365627289
0.260516881942749
0.260625422000885
0.25933465361595154
0.25634151697158813
0.25632476806640625
0.25837787985801697
0.25810718536376953
0.25663766264915466
0.2563389539718628
0.2570257782936096
0.2567288875579834
0.25608640909194946
0.2565193474292755
0.2565922737121582
0.2557910978794098
0.25564342737197876
0.2561013698577881
0.25596338510513306
0.2555597424507141
0.255668044090271
0.25584903359413147
0.25576597452163696
0.2556864321231842
0.25594282150268555
0.2561768889427185
0.25638628005981445
0.2563866972923279
0.2565745413303375
0.2565315365791321
0.25622573494911194
0.25538182258605957
0.25505465269088745
0.2554005980491638
0.2555350959300995
0.25543758273124695
0.25556328892707825
0.2559225261211395
0.255781352519989
0.2554009258747101
0.25520065426826477
0.25521978735923767
0.255090594291687
0.25495752692222595
0.25481927394866943
0.254721462726593
0.2547490894794464
0.2547927796840668
0.25472575426101685
0.2546742856502533
0.254946768283844
0.25572603940963745
0.25775590538978577
0.2618235945701599
0.27171218395233154
0.27706146240234375
0.27934345602989197
0.26133567094802856
0.2588842809200287
0.2693161964416504
0.26726484298706055
0.2624809145927429
0.26117634773254395
0.26351267099380493
0.26423847675323486
0.2600148022174835
0.2595132887363434
0.2622315287590027
0.2602929174900055
0.25824877619743347
0.2595548629760742
0.2596559226512909
0.25813212990760803
0.25798526406288147
0.25827908515930176
0.25804537534713745
0.2579956650733948
0.2580380141735077
0.2585989534854889
0.259975403547287
0.2604132294654846
0.2615814507007599
0.26036980748176575
0.2587137520313263
0.2571874260902405
0.2568777799606323
0.2578725516796112
0.2581513226032257
0.25693976879119873
0.25620394945144653
0.2563999891281128
0.25643283128738403
0.25685352087020874
0.2566271424293518
0.2556397318840027
0.2555604875087738
0.2555766701698303
0.2555825710296631
0.25588440895080566
0.2557586431503296
0.25554677844047546
0.255235880613327
0.2549954056739807
0.2548547387123108
0.25477510690689087
0.25483238697052
0.2548880875110626
0.25500768423080444
0.2552531063556671
0.2556077539920807
0.2558996081352234
0.25630688667297363
0.2559085786342621
0.2552509307861328
0.25459182262420654
0.25435370206832886
0.2546827793121338
0.25510868430137634
0.2551472783088684
0.2547774016857147
0.25445449352264404
0.25420060753822327
0.2542538046836853
0.2545151114463806
0.25460150837898254
0.25458645820617676
0.25443679094314575
0.2543126940727234
0.2543073892593384
0.25446951389312744
0.25454890727996826
0.25448524951934814
0.25414320826530457
0.2538450062274933
0.25386685132980347
0.25403833389282227
0.254138708114624
0.2541264593601227
0.2543201446533203
0.25534090399742126
0.2585322856903076
0.2634294927120209
0.27248966693878174
0.2716219425201416
0.2683250308036804
0.26121675968170166
0.2665847837924957
0.2727680206298828
0.26462894678115845
0.2614796459674835
0.2633082866668701
0.2618354856967926
0.2605082094669342
0.26256364583969116
0.2641405165195465
0.26046743988990784
0.2594889998435974
0.2602829337120056
0.2589978575706482
0.25824791193008423
0.258724570274353
0.25788918137550354
0.2580741345882416
0.25822174549102783
0.2589607536792755
0.261248379945755
0.26609525084495544
0.270204097032547
0.27519020438194275
0.26469725370407104
0.2583391070365906
0.26071402430534363
0.2636394202709198
0.2634454667568207
0.25800812244415283
0.2593545913696289
0.2612324059009552
0.2591537833213806
0.259808212518692
0.2578272223472595
0.2578243017196655
0.25847911834716797
0.257419228553772
0.25803157687187195
0.25733229517936707
0.25745919346809387
0.2563915252685547
0.25583022832870483
0.25623318552970886
0.2555459439754486
0.25581809878349304
0.255492240190506
0.2551928162574768
0.25534385442733765
0.2553316354751587
0.2561095356941223
0.25761571526527405
0.2605890929698944
0.2672722339630127
0.2692420780658722
0.26830992102622986
0.25763648748397827
0.2576228976249695
0.26412636041641235
0.2611033022403717
0.2567378282546997
0.25747597217559814
0.26010313630104065
0.2590932250022888
0.25606659054756165
0.256904274225235
0.2586236298084259
0.25731027126312256
0.2556491494178772
0.256034255027771
0.25662827491760254
0.25640130043029785
0.2556052505970001
0.2550120949745178
0.25541916489601135
0.25556638836860657
0.25524574518203735
0.2548374831676483
0.25450363755226135
0.25468307733535767
0.25466835498809814
0.2545453906059265
0.25438192486763
0.2540445923805237
0.2540971040725708
0.2541601061820984
0.2541484534740448
0.2543722093105316
0.2543562650680542
0.2547411620616913
0.2556779086589813
0.2576143145561218
0.25915881991386414
0.26024287939071655
0.2569119334220886
0.2541279196739197
0.25482070446014404
0.256619393825531
0.25619807839393616
0.2541682720184326
0.2544856071472168
0.2557425796985626
0.2550605535507202
0.2538844645023346
0.253962904214859
0.25466978549957275
0.25450342893600464
0.2537461817264557
0.25365567207336426
0.25401750206947327
0.2540320158004761
0.25357985496520996
0.2533169388771057
0.25351542234420776
0.25362274050712585
0.2535165250301361
0.2534235119819641
0.25351154804229736
0.25417497754096985
0.255138635635376
0.25662750005722046
0.2575453519821167
0.2590932846069336
0.25921666622161865
0.259110689163208
0.2559090256690979
0.25484204292297363
0.25688397884368896
0.25724267959594727
0.2557081878185272
0.2540494501590729
0.2548028230667114
0.2560741901397705
0.2553711533546448
0.2543259561061859
0.2541474997997284
0.2546050250530243
0.2544824182987213
0.25384044647216797
0.25394225120544434
0.2541601061820984
0.25397613644599915
0.2535528838634491
0.2532767355442047
0.25347429513931274
0.25360921025276184
0.25324180722236633
0.25306445360183716
0.2532510459423065
0.25347259640693665
0.2537190914154053
0.2546989619731903
0.256783127784729
0.26128625869750977
0.264656126499176
0.26766064763069153
0.2590525150299072
0.2538491487503052
0.2581218481063843
0.2606639862060547
0.2584395706653595
0.2553333342075348
0.2566474676132202
0.2582211196422577
0.25723132491111755
0.2559715807437897
0.2549173831939697
0.2556449770927429
0.2566140294075012
0.2552182376384735
0.25460901856422424
0.25506943464279175
0.2551243007183075
0.2554394602775574
0.2552032172679901
0.2543964684009552
0.2552053928375244
0.25625014305114746
0.2575746476650238
0.25859227776527405
0.2591172456741333
0.25636839866638184
0.2550586462020874
0.2553376257419586
0.25554370880126953
0.25571921467781067
0.25519758462905884
0.2546302378177643
0.2541605532169342
0.2542888820171356
0.2543683648109436
0.25424638390541077
0.2544909715652466
0.2541922926902771
0.2539495527744293
0.2536817193031311
0.2531680762767792
0.25310760736465454
0.25330978631973267
0.2531265318393707
0.2530791759490967
0.2532460391521454
0.25331568717956543
0.2539275586605072
0.2553706765174866
0.2583707273006439
0.2609279751777649
0.2640368938446045
0.2598970830440521
0.2558373510837555
0.25625255703926086
0.2588428854942322
0.2593587040901184
0.2563115954399109
0.25467315316200256
0.25600215792655945
0.25700247287750244
0.2550604045391083
0.2538909912109375
0.25545600056648254
0.25551438331604004
0.2544252276420593
0.25418713688850403
0.2550064027309418
0.2558806538581848
0.257490873336792
0.2595771551132202
0.26350387930870056
0.2626085579395294
0.26014384627342224
0.2552756369113922
0.2560614347457886
0.258951872587204
0.25756898522377014
0.25722652673721313
0.2570081949234009
0.2571432292461395
0.25608542561531067
0.2546039819717407
0.25494661927223206
0.25522008538246155
0.25470995903015137
0.2541089355945587
0.254016250371933
0.25484713912010193
0.2545202374458313
0.25582993030548096
0.25962212681770325
0.268459677696228
0.2775571942329407
0.2897166609764099
0.26847267150878906
0.2588355541229248
0.26590868830680847
0.2719252109527588
0.27745598554611206
0.26828840374946594
0.26461538672447205
0.26626062393188477
0.2686845660209656
0.26822444796562195
0.26476240158081055
0.2706173062324524
0.2770118713378906
0.2988555133342743
0.2977418601512909
0.3049153983592987
0.2953994572162628
0.30455365777015686
0.2793844938278198
0.28165382146835327
0.3128741979598999
0.3455049991607666
0.4637446403503418
0.351502001285553
0.3619762659072876
0.3105459213256836
0.3136826455593109
0.3131188750267029
0.3351021409034729
0.5365615487098694
0.7761682868003845
1.251300573348999
0.5063749551773071
0.8607243299484253
1.5096831321716309
0.7188818454742432
0.9560294151306152
1.4380501508712769
0.784559965133667
1.0775822401046753
1.334114670753479
0.850062370300293
1.0927324295043945
1.0428880453109741
0.870948314666748
0.8815001845359802
0.7697854042053223
0.7546705007553101
0.6948611736297607
0.6351714730262756
0.6179675459861755
0.5882794260978699
0.5492802858352661
0.5180575251579285
0.5087001919746399
0.5007652044296265
0.4652063846588135
0.4474498927593231
0.43276748061180115
0.42663222551345825
0.4252665638923645
0.40771883726119995
0.40288612246513367
0.38543689250946045
0.3727293014526367
0.3666740357875824
0.3598592281341553
0.35520926117897034
0.3540615439414978
0.3548577129840851
0.35461392998695374
0.36349543929100037
0.35012286901474
0.33775684237480164
0.3270454704761505
0.32791829109191895
0.33310654759407043
0.3255138695240021
0.31690165400505066
0.31558719277381897
0.31748145818710327
0.31609106063842773
0.3103742003440857
0.30714020133018494
0.30723676085472107
0.3073619306087494
0.3053767681121826
0.30151259899139404
0.2998756170272827
0.29969853162765503
0.2993575632572174
0.2987101674079895
0.29636555910110474
0.29427918791770935
0.2932727336883545
0.2927898168563843
0.29259610176086426
0.2921138107776642
0.2912030816078186
0.28979524970054626
0.2885982394218445
0.28751054406166077
0.2868354916572571
0.2865195870399475
0.2862057089805603
0.2860170006752014
0.28573837876319885
0.285448282957077
0.2847437858581543
0.28402411937713623
0.2829463481903076
0.28201431035995483
0.28136569261550903
0.2809647023677826
0.280765175819397
0.2806603014469147
0.2805926501750946
0.28038090467453003
0.2802080810070038
0.27969276905059814
0.2791069447994232
0.27833473682403564
0.27765128016471863
0.27714207768440247
0.2768712639808655
0.2767511010169983
0.2766987085342407
0.2767651677131653
0.2767997980117798
0.2769264876842499
0.2767164707183838
0.27637431025505066
0.27549418807029724
0.27464255690574646
0.2741044759750366
0.27400657534599304
0.27416548132896423
0.2742878198623657
0.27432408928871155
0.27397942543029785
0.2734839916229248
0.2728273868560791
0.27234721183776855
0.27215075492858887
0.27216267585754395
0.27227383852005005
0.27234095335006714
0.272420197725296
0.2722332775592804
0.271934449672699
0.27135783433914185
0.270819753408432
0.27046316862106323
0.27036383748054504
0.27043095231056213
0.2705327868461609
0.27067533135414124
0.27068787813186646
0.27065029740333557
0.2702690362930298
0.26977407932281494
0.2692258954048157
0.26891472935676575
0.26887795329093933
0.2689956724643707
0.2691805362701416
0.2692714035511017
0.26934128999710083
0.269092321395874
0.268693745136261
0.26813027262687683
0.26774585247039795
0.26764848828315735
0.26775088906288147
0.2679360806941986
0.2680453062057495
0.2681247591972351
0.26793402433395386
0.26761066913604736
0.26710087060928345
0.26671499013900757
0.2665846049785614
0.26665937900543213
0.26683133840560913
0.2669711112976074
0.2671193480491638
0.2670290768146515
0.2668151259422302
0.2663268446922302
0.26587575674057007
0.26563760638237
0.2656604051589966
0.26583147048950195
0.2660059332847595
0.26620563864707947
0.2662065625190735
0.2661016285419464
0.2656460106372833
0.2651512622833252
0.2648269832134247
0.26481518149375916
0.2649978995323181
0.2651907503604889
0.2653716504573822
0.2653183043003082
0.26513558626174927
0.2646927535533905
0.26427847146987915
0.2640707492828369
0.26411086320877075
0.26429057121276855
0.26447272300720215
0.26468247175216675
0.26470446586608887
0.2646302282810211
0.26421013474464417
0.2637333571910858
0.2634109854698181
0.2634040415287018
0.263595849275589
0.26379862427711487
0.26399630308151245
0.26397380232810974
0.2638304829597473
0.2634044885635376
0.2629965841770172
0.2627788782119751
0.26281291246414185
0.26299986243247986
0.26320880651474
0.2634650468826294
0.2635456621646881
0.26354482769966125
0.2631468176841736
0.2626473605632782
0.2622542679309845
0.2622283101081848
0.2624590992927551
0.26269298791885376
0.26288625597953796
0.2628135681152344
0.2626023292541504
0.2621572017669678
0.26180610060691833
0.261710524559021
0.26183363795280457
0.2620605528354645
0.2622651755809784
0.26250648498535156
0.26250895857810974
0.2623720169067383
0.26187101006507874
0.2614084482192993
0.26122772693634033
0.2613571882247925
0.26162782311439514
0.261832594871521
0.2619946002960205
0.26184767484664917
0.2615421712398529
0.26109111309051514
0.2608312964439392
0.26083654165267944
0.2610052525997162
0.2612619996070862
0.2614665627479553
0.261665940284729
0.2615557610988617
0.2613045871257782
0.26081377267837524
0.26044538617134094
0.26037782430648804
0.2605712115764618
0.2608622610569
0.2610343098640442
0.2611415982246399
0.26094529032707214
0.26062658429145813
0.26019352674484253
0.25997066497802734
0.2600395679473877
0.2602591812610626
0.26052314043045044
0.26069962978363037
0.26089420914649963
0.2607826590538025
0.2604637145996094
0.2599077522754669
0.2596132457256317
0.25969645380973816
0.2599141597747803
0.2601369023323059
0.2602606415748596
0.26033538579940796
0.26005983352661133
0.25966933369636536
0.2593552768230438
0.2592970132827759
0.2593546509742737
0.2594548165798187
0.2597163915634155
0.2600668668746948
0.2605360150337219
0.2607058882713318
0.26082393527030945
0.2603236436843872
0.2595934569835663
0.2589666247367859
0.2591326832771301
0.25971487164497375
0.2598768174648285
0.2596982419490814
0.25925758481025696
0.25894370675086975
0.25877100229263306
0.2588489055633545
0.2591578960418701
0.25933900475502014
0.2593403160572052
0.2591225504875183
0.2589609622955322
0.25869110226631165
0.2584027349948883
0.2583245635032654
0.25847989320755005
0.2586643397808075
0.25881093740463257
0.2592107653617859
0.2597385346889496
0.26043030619621277
0.2604086697101593
0.2601395845413208
0.25921136140823364
0.2584396302700043
0.2582533359527588
0.2587994337081909
0.25939399003982544
0.25908929109573364
0.2584099769592285
0.25801342725753784
0.2581327557563782
0.25829949975013733
0.25840458273887634
0.2586207985877991
0.25850000977516174
0.25810012221336365
0.25774437189102173
0.25774240493774414
0.25774285197257996
0.25766459107398987
0.2578134536743164
0.2581261396408081
0.2585047483444214
0.2589140236377716
0.2598956227302551
0.26053136587142944
0.26075854897499084
0.25923216342926025
0.25795337557792664
0.2577974796295166
0.25827670097351074
0.258806973695755
0.2587928771972656
0.25821444392204285
0.2573496103286743
0.2574600577354431
0.25809577107429504
0.25807100534439087
0.25779929757118225
0.25763458013534546
0.25743547081947327
0.2570561170578003
0.25708842277526855
0.25741592049598694
0.25744637846946716
0.25751015543937683
0.25780680775642395
0.25813761353492737
0.2579638957977295
0.25782498717308044
0.257570743560791
0.257167249917984
0.2566874027252197
0.2567159831523895
0.2570369243621826
0.25715023279190063
0.2573242783546448
0.2575875222682953
0.2577899396419525
0.2574295699596405
0.25707530975341797
0.2568155527114868
0.2565825581550598
0.2563839852809906
0.25653451681137085
0.2568933665752411
0.2570915222167969
0.25741732120513916
0.25781548023223877
0.2583082914352417
0.2579220235347748
0.2572390139102936
0.25655466318130493
0.2563834488391876
0.25649479031562805
0.25680556893348694
0.2572678327560425
0.25722137093544006
0.2567789554595947
0.2562550902366638
0.2561528980731964
0.25616756081581116
0.25619328022003174
0.2564837336540222
0.25680845975875854
0.25703057646751404
0.2569868266582489
0.25711750984191895
0.25690072774887085
0.256366103887558
0.2557954490184784
0.2558315098285675
0.25610098242759705
0.25618410110473633
0.2564181983470917
0.25673845410346985
0.25695139169692993
0.2566449046134949
0.25640416145324707
0.2561544179916382
0.25583189725875854
0.25550538301467896
0.255615770816803
0.25597161054611206
0.2561257779598236
0.25640103220939636
0.2568485736846924
0.25744515657424927
0.25727421045303345
0.25692227482795715
0.2562791109085083
0.2558184266090393
0.2554815411567688
0.25567877292633057
0.2562941312789917
0.2564970850944519
0.2563452124595642
0.2559555470943451
0.25572970509529114
0.25537991523742676
0.25518250465393066
0.2554440498352051
0.25579017400741577
0.2560027241706848
0.2561641335487366
0.2566821277141571
0.25682389736175537
0.25656184554100037
0.2557472586631775
0.2553621530532837
