# lbfgs, lr=0.8, alpha = 1000000, beta = 0.1
# best_iter: 96, best_loss = 0.027312669903039932, imsave period = 10
2.850520610809326
0.26663708686828613
0.16521023213863373
0.10409367084503174
0.06885775923728943
0.055953942239284515
0.048373669385910034
0.043842215090990067
0.040666647255420685
0.03850235790014267
0.0366094596683979
0.03511982038617134
0.034039732068777084
0.03328416496515274
0.03264924883842468
0.03213249891996384
0.031717073172330856
0.031350623816251755
0.031039971858263016
0.030774209648370743
0.030522551387548447
0.030300738289952278
0.030086396262049675
0.029912114143371582
0.029738469049334526
0.02957192063331604
0.02942385897040367
0.029292648658156395
0.029162563383579254
0.029058128595352173
0.02897569164633751
0.02888740971684456
0.02881118841469288
0.028723912313580513
0.02866472862660885
0.028590794652700424
0.028571929782629013
0.02851574309170246
0.028444480150938034
0.028422001749277115
0.02837456576526165
0.028325598686933517
0.028295015916228294
0.028225626796483994
0.028210721909999847
0.028199482709169388
0.02816786989569664
0.028125330805778503
0.028359588235616684
0.02807527408003807
0.028083723038434982
0.027996791526675224
0.028124528005719185
0.02803969383239746
0.027957526966929436
0.02791275456547737
0.0279580969363451
0.02799922414124012
0.02787451073527336
0.027821261435747147
0.02780669927597046
0.02788444422185421
0.027776319533586502
0.027732551097869873
0.027807164937257767
0.02771615982055664
0.027687467634677887
0.02768269181251526
0.027659209445118904
0.02769966423511505
0.02764437347650528
0.027627473697066307
0.027663487941026688
0.027595749124884605
0.02756618894636631
0.027557453140616417
0.02753935009241104
0.02846774086356163
0.02784097194671631
0.027653677389025688
0.027549488469958305
0.027497997507452965
0.027461932972073555
0.027439767494797707
0.027463335543870926
0.027406401932239532
0.028400754556059837
0.027839994058012962
0.027554946020245552
0.027459261938929558
0.02740253508090973
0.02736740931868553
0.02734546549618244
0.027631795033812523
0.027469029650092125
0.027354123070836067
0.027312669903039932
0.027321213856339455
0.028183910995721817
0.027613095939159393
