# lbfgs, lr=0.8, alpha = 1000000, beta = 0.1
# best_iter: 99, best_loss = 0.33300694823265076, imsave period = 10
27.180564880371094
6.186971187591553
2.2919387817382812
1.5330630540847778
1.2386995553970337
1.0496503114700317
0.9286438226699829
0.8432796597480774
0.7767497301101685
0.7176954746246338
0.6675945520401001
0.6233633756637573
0.5831960439682007
0.5507440567016602
0.5196920037269592
0.4950345754623413
0.47172877192497253
0.4534658193588257
0.43824636936187744
0.4256185293197632
0.41465964913368225
0.40709149837493896
0.40038633346557617
0.3943061828613281
0.3899407684803009
0.38584262132644653
0.3822147250175476
0.37922435998916626
0.37643274664878845
0.37431880831718445
0.3723381757736206
0.37048229575157166
0.36894747614860535
0.3673034608364105
0.36586955189704895
0.3644240200519562
0.3631367087364197
0.3618515729904175
0.3608725666999817
0.3599783778190613
0.35909974575042725
0.3580847680568695
0.35710078477859497
0.35621023178100586
0.35542142391204834
0.3545326590538025
0.35374927520751953
0.353268027305603
0.35242852568626404
0.35184600949287415
0.3510865569114685
0.3505029082298279
0.34978556632995605
0.3491591811180115
0.3487037420272827
0.34832367300987244
0.3478752374649048
0.3470156788825989
0.34656593203544617
0.34617364406585693
0.3456670045852661
0.34506940841674805
0.3458363115787506
0.34425118565559387
0.3438715636730194
0.3439551889896393
0.34300696849823
0.3426137864589691
0.3421540856361389
0.3417074382305145
0.3412753641605377
0.34371429681777954
0.3407515585422516
0.34024879336357117
0.33995816111564636
0.33950671553611755
0.3391934037208557
0.3393857181072235
0.33857348561286926
0.3384401202201843
0.3380953073501587
0.33792024850845337
0.33736974000930786
0.3372080326080322
0.3367842435836792
0.3390553295612335
0.3362354040145874
0.3359886705875397
0.3359540104866028
0.3353954255580902
0.33535706996917725
0.3350100517272949
0.33480045199394226
0.33433976769447327
0.3342011272907257
0.33416175842285156
0.33361342549324036
0.33371701836586
0.33349162340164185
0.33300694823265076
