# lbfgs, lr=0.8, alpha = 1000000, beta = 0.1
# best_iter: 98, best_loss = 0.8623539209365845, imsave period = 10
295.2833557128906
51.337284088134766
17.3271484375
8.254617691040039
4.688432216644287
3.2658774852752686
2.5370466709136963
2.0991320610046387
1.7946994304656982
1.6306697130203247
1.4964580535888672
1.4104814529418945
1.3333115577697754
1.2801176309585571
1.2300047874450684
1.1909419298171997
1.159939169883728
1.1324323415756226
1.107791781425476
1.091106653213501
1.072083830833435
1.0550211668014526
1.0415680408477783
1.0296638011932373
1.0179768800735474
1.0075297355651855
0.9990731477737427
0.9908456802368164
0.9831792712211609
0.97678542137146
0.9713676571846008
0.9660323858261108
0.9624277353286743
0.9567533135414124
0.9518434405326843
0.9477537274360657
0.9437958002090454
0.9408002495765686
0.9377632141113281
0.9342362284660339
0.931134819984436
0.928253173828125
0.9258546829223633
0.9233070611953735
0.9210656881332397
0.9186819791793823
0.9160618185997009
0.913982093334198
0.9121440649032593
0.910163938999176
0.9084740281105042
0.9069880247116089
0.9045135378837585
0.9035119414329529
0.9025841951370239
0.9002962708473206
0.8996379971504211
0.8970701098442078
0.8957094550132751
0.8940670490264893
0.8927981853485107
0.8917416930198669
0.8901821970939636
0.8922218084335327
0.887718677520752
0.8863397240638733
0.9474823474884033
0.8975558280944824
0.8903149962425232
0.8866166472434998
0.8836281895637512
0.8814577460289001
0.8798540830612183
0.8786669969558716
0.8779245615005493
0.8772360682487488
0.8768856525421143
0.8755176663398743
0.8764778971672058
0.8742364645004272
0.8732795715332031
0.8856167793273926
0.8742920160293579
0.8721623420715332
0.8707343935966492
0.8700532913208008
1.0113948583602905
0.8815360069274902
0.8748018741607666
0.8708438277244568
0.8688358068466187
0.8670584559440613
0.865903913974762
0.86509770154953
0.8671225905418396
0.8641414642333984
0.8634810447692871
0.8634179830551147
0.8623539209365845
49.52336883544922
