# adam, lr=0.01, alpha = 1000000, beta = 0.1
# best_iter: 2876, best_loss = 0.03606576472520828, imsave period = 300
6.986260414123535
4.997286319732666
4.104926586151123
3.593625783920288
3.2794456481933594
3.061460018157959
2.8745498657226562
2.69305682182312
2.524747133255005
2.3813376426696777
2.2619309425354004
2.159597158432007
2.069620132446289
1.9901514053344727
1.9196112155914307
1.8556338548660278
1.7960816621780396
1.7401745319366455
1.6879844665527344
1.6393345594406128
1.5934408903121948
1.5497976541519165
1.5085362195968628
1.4695736169815063
1.4323163032531738
1.3962665796279907
1.3614739179611206
1.3281543254852295
1.2962498664855957
1.2654906511306763
1.2357306480407715
1.2069361209869385
1.1790212392807007
1.1518837213516235
1.1255559921264648
1.1001112461090088
1.0754749774932861
1.051523208618164
1.02822744846344
1.005618929862976
0.9836686253547668
0.9623100161552429
0.9415197372436523
0.9213314652442932
0.9017173647880554
0.8825972080230713
0.8639625906944275
0.845836877822876
0.8281949758529663
0.8110012412071228
0.7942491173744202
0.7779291868209839
0.7620119452476501
0.7464732527732849
0.73131263256073
0.7165347933769226
0.7021209001541138
0.6880462765693665
0.6743085384368896
0.660900354385376
0.6478043794631958
0.6350109577178955
0.6225116848945618
0.6102957129478455
0.5983556509017944
0.5866836905479431
0.5752711892127991
0.5641087293624878
0.5531880855560303
0.5425019860267639
0.5320447683334351
0.5218102931976318
0.5117905139923096
0.5019767880439758
0.49236559867858887
0.48295313119888306
0.473732590675354
0.46469831466674805
0.4558446407318115
0.44717010855674744
0.43867188692092896
0.4303407073020935
0.42217323184013367
0.41416627168655396
0.4063146412372589
0.3986157774925232
0.3910652995109558
0.38365986943244934
0.3763979375362396
0.3692747950553894
0.3622910678386688
0.35544317960739136
0.34872815012931824
0.34214338660240173
0.3356862962245941
0.3293546736240387
0.3231457769870758
0.3170587122440338
0.31109046936035156
0.3052387237548828
0.299501895904541
0.29387930035591125
0.288369357585907
0.2829703688621521
0.27767983078956604
0.2724952697753906
0.26741543412208557
0.262437641620636
0.25756049156188965
0.25278303027153015
0.24810528755187988
0.24352627992630005
0.2390437126159668
0.23465600609779358
0.23036059737205505
0.2261565774679184
0.222042977809906
0.21801766753196716
0.21407946944236755
0.2102281153202057
0.20646131038665771
0.20277678966522217
0.19917377829551697
0.19565069675445557
0.1922079473733902
0.18884366750717163
0.1855550855398178
0.18234120309352875
0.17920038104057312
0.1761317104101181
0.1731337159872055
0.17020562291145325
0.1673455536365509
0.16455306112766266
0.16182643175125122
0.15916401147842407
0.1565643548965454
0.15402667224407196
0.15154972672462463
0.14913204312324524
0.1467725783586502
0.1444704681634903
0.14222383499145508
0.1400315761566162
0.13789288699626923
0.1358065903186798
0.13377098739147186
0.13178542256355286
0.12984886765480042
0.12795966863632202
0.12611742317676544
0.12432059645652771
0.12256824225187302
0.12085921317338943
0.11919236183166504
0.11756700277328491
0.11598159372806549
0.11443556845188141
0.1129278764128685
0.11145785450935364
0.11002452671527863
0.10862655192613602
0.10726336389780045
0.10593393445014954
0.10463716089725494
0.1033719927072525
0.10213805735111237
0.10093452036380768
0.09976056218147278
0.09861546754837036
0.09749838709831238
0.09640859812498093
0.09534543752670288
0.09430811554193497
0.09329617023468018
0.09230886399745941
0.09134551137685776
0.09040550887584686
0.08948812633752823
0.08859267085790634
0.08771847188472748
0.08686497062444687
0.08603169023990631
0.08521829545497894
0.08442394435405731
0.08364830911159515
0.08289092779159546
0.08215111494064331
0.081428661942482
0.08072305470705032
0.08003373444080353
0.07936036586761475
0.07870244979858398
0.07805955410003662
0.07743123918771744
0.0768170952796936
0.07621675729751587
0.07562984526157379
0.07505601644515991
0.07449495047330856
0.07394640147686005
0.07340988516807556
0.07288536429405212
0.07237227261066437
0.071870356798172
0.07137934118509293
0.07089892774820328
0.07042893022298813
0.0699690654873848
0.06951898336410522
0.06907845288515091
0.06864731013774872
0.0682252049446106
0.06781187653541565
0.06740718334913254
0.06701089441776276
0.06662265956401825
0.06624236702919006
0.06586986780166626
0.06550492346286774
0.06514741480350494
0.06479710340499878
0.06445381045341492
0.0641174390912056
0.06378772109746933
0.06346440315246582
0.06314733624458313
0.06283640116453171
0.06253136694431305
0.06223215162754059
0.06193871423602104
0.061650924384593964
0.061368539929389954
0.06109137460589409
0.06081944704055786
0.06055261194705963
0.06029067933559418
0.06003354489803314
0.05978107079863548
0.05953318625688553
0.05928981304168701
0.059050776064395905
0.05881604179739952
0.058585524559020996
0.0583590604364872
0.05813654884696007
0.05791795998811722
0.05770313739776611
0.05749203637242317
0.057284604758024216
0.057080723345279694
0.056880295276641846
0.05668327957391739
0.05648951977491379
0.05629892647266388
0.05611145868897438
0.05592705309391022
0.055745650082826614
0.05556716024875641
0.055391572415828705
0.05521876737475395
0.05504868924617767
0.054881300777196884
0.05471644923090935
0.05455416440963745
0.05439436808228493
0.054236993193626404
0.05408197268843651
0.053929366171360016
0.053778961300849915
0.05363079905509949
0.05348488315939903
0.05334111303091049
0.05319944769144058
0.05305982008576393
0.05292223021388054
0.052786603569984436
0.0526529997587204
0.05252126604318619
0.05239143595099449
0.05226343125104904
0.052137184888124466
0.05201271176338196
0.051889948546886444
0.05176885053515434
0.05164944380521774
0.051531560719013214
0.051415231078863144
0.05130047723650932
0.05118729546666145
0.05107564851641655
0.05096551775932312
0.05085688456892967
0.05074964836239815
0.05064380168914795
0.05053933337330818
0.05043621361255646
0.05033440887928009
0.05023391544818878
0.050134673714637756
0.050036679953336716
0.049939945340156555
0.049844421446323395
0.04975011199712753
0.0496569499373436
0.04956492409110069
0.049473974853754044
0.049384091049432755
0.04929526895284653
0.049207497388124466
0.04912079870700836
0.04903518781065941
0.048950545489788055
0.04886692389845848
0.0487842932343483
0.048702627420425415
0.04862189292907715
0.048542141914367676
0.048463284969329834
0.04838532209396362
0.048308271914720535
0.048232123255729675
0.04815680533647537
0.04808233678340912
0.04800867289304733
0.0479358546435833
0.04786381870508194
0.04779260605573654
0.047722138464450836
0.04765243083238602
0.047583479434251785
0.047515250742435455
0.04744775965809822
0.04738098755478859
0.04731493815779686
0.047249533236026764
0.04718484356999397
0.04712079092860222
0.04705742001533508
0.046994730830192566
0.04693268984556198
0.04687131196260452
0.046810537576675415
0.04675038531422615
0.04669085517525673
0.04663194343447685
0.04657362401485443
0.04651585593819618
0.046458713710308075
0.04640214145183563
0.046346139162778854
0.046290669590234756
0.04623575136065483
0.04618135094642639
0.04612745717167854
0.04607408121228218
0.04602121189236641
0.04596889764070511
0.04591704159975052
0.045865658670663834
0.04581473395228386
0.0457642488181591
0.045714281499385834
0.045664768666028976
0.04561571776866913
0.045567091554403305
0.0455189049243927
0.045471176505088806
0.04542388394474983
0.04537702351808548
0.04533052071928978
0.04528443515300751
0.045238759368658066
0.04519348219037056
0.045148592442274094
0.04510409012436867
0.045059993863105774
0.04501625522971153
0.04497292637825012
0.04492999240756035
0.04488738253712654
0.04484517127275467
0.04480333253741264
0.044761866331100464
0.04472072795033455
0.044679906219244
0.04463942348957062
0.044599324464797974
0.04455951228737831
0.0445200577378273
0.044480934739112854
0.044442154467105865
0.04440375044941902
0.044365670531988144
0.04432791471481323
0.04429047554731369
0.044253312051296234
0.04421647638082504
0.04417996481060982
0.044143736362457275
0.044107794761657715
0.04407215490937233
0.04403677582740784
0.04400165379047394
0.043966807425022125
0.043932221829891205
0.04389790818095207
0.043863870203495026
0.04383008927106857
0.04379658028483391
0.04376330226659775
0.043730273842811584
0.043697476387023926
0.043664947152137756
0.043632641434669495
0.043600570410490036
0.04356870800256729
0.04353713244199753
0.04350573942065239
0.043474581092596054
0.04344362020492554
0.04341290146112442
0.04338241368532181
0.04335210472345352
0.043322041630744934
0.043292250484228134
0.04326268658041954
0.04323327913880348
0.043204165995121
0.04317522794008255
0.04314647614955902
0.043117962777614594
0.043089620769023895
0.04306145757436752
0.04303349182009697
0.043005719780921936
0.04297814145684242
0.04295072332024574
0.042923517525196075
0.042896516621112823
0.04286972060799599
0.04284311830997467
0.04281672090291977
0.0427904948592186
0.04276445508003235
0.042738620191812515
0.04271296039223671
0.04268745332956314
0.042662132531404495
0.042636994272470474
0.042611997574567795
0.042587198317050934
0.04256252944469452
0.042538054287433624
0.042513735592365265
0.04248964414000511
0.042465634644031525
0.04244181886315346
0.042418163269758224
0.042394641786813736
0.04237125813961029
0.04234803840517998
0.0423249714076519
0.042302049696445465
0.04227928817272186
0.04225669056177139
0.04223417490720749
0.04221183806657791
0.04218960925936699
0.04216752201318741
0.04214555025100708
0.042123712599277496
0.04210205748677254
0.04208054021000862
0.042059123516082764
0.04203785955905914
0.04201674833893776
0.04199574887752533
0.04197490215301514
0.0419541634619236
0.04193359240889549
0.04191314056515694
0.04189278557896614
0.04187260568141937
0.041852548718452454
0.041832610964775085
0.04181281477212906
0.041793081909418106
0.04177350550889969
0.04175402224063873
0.04173466935753822
0.041715458035469055
0.04169634357094765
0.041677337139844894
0.04165845736861229
0.04163965582847595
0.04162101447582245
0.0416024886071682
0.04158403351902962
0.04156571254134178
0.04154747724533081
0.04152939096093178
0.041511356830596924
0.04149346053600311
0.041475676000118256
0.04145798459649086
0.04144040867686272
0.04142293334007263
0.04140551760792732
0.041388217359781265
0.04137104004621506
0.0413539744913578
0.04133697599172592
0.04132012277841568
0.0413033589720726
0.041286684572696686
0.04127008840441704
0.04125361889600754
0.041237182915210724
0.04122089222073555
0.04120466858148575
0.041188500821590424
0.04117247462272644
0.041156522929668427
0.04114065319299698
0.041124917566776276
0.04110920801758766
0.041093602776527405
0.04107808694243431
0.04106266796588898
0.04104732349514961
0.04103205353021622
0.041016850620508194
0.04100174084305763
0.04098673537373543
0.0409717783331871
0.04095686227083206
0.04094206541776657
0.04092734679579735
0.04091273248195648
0.040898166596889496
0.04088366776704788
0.040869273245334625
0.040854938328266144
0.04084068536758423
0.040826525539159775
0.040812406688928604
0.04079839959740639
0.040784433484077454
0.040770526975393295
0.0407567098736763
0.040742963552474976
0.040729302912950516
0.040715672075748444
0.040702104568481445
0.04068859666585922
0.040675193071365356
0.04066184163093567
0.04064854979515076
0.04063532501459122
0.040622204542160034
0.040609121322631836
0.0405961349606514
0.04058327525854111
0.04057047516107559
0.04055784270167351
0.04054534435272217
0.040533117949962616
0.040521278977394104
0.0405101515352726
0.040499914437532425
0.04049103707075119
0.04048364609479904
0.04047773405909538
0.04047288000583649
0.04046737775206566
0.04045991227030754
0.04044816642999649
0.04043181985616684
0.04041188582777977
0.04039071500301361
0.040371108800172806
0.04035433754324913
0.04034062474966049
0.04032915085554123
0.04031934216618538
0.040311556309461594
0.04030657932162285
0.040306009352207184
0.040311574935913086
0.04032362252473831
0.04034113138914108
0.04035620763897896
0.04035963863134384
0.04034270718693733
0.040302250534296036
0.04025085270404816
0.04020487144589424
0.04017840698361397
0.04017229378223419
0.04017969220876694
0.040194377303123474
0.040212299674749374
0.04022914171218872
0.040239036083221436
0.040233828127384186
0.04020707309246063
0.04016319289803505
0.04011291638016701
0.04007353261113167
0.04005277156829834
0.040049076080322266
0.04005667194724083
0.04007119685411453
0.04009119048714638
0.040115322917699814
0.040137626230716705
0.04014880210161209
0.040138982236385345
0.04010012745857239
0.04004291445016861
0.03998362645506859
0.03994288668036461
0.03992697224020958
0.039931099861860275
0.039947256445884705
0.03996971994638443
0.03999548777937889
0.04001958668231964
0.040033720433712006
0.040026985108852386
0.039996352046728134
0.039944231510162354
0.03988805413246155
0.0398423857986927
0.039817050099372864
0.03981123864650726
0.0398203544318676
0.039841003715991974
0.039870865643024445
0.03990841656923294
0.03994986042380333
0.03998367115855217
0.03999122604727745
0.03996462747454643
0.039896152913570404
0.03981247544288635
0.03974051773548126
0.03970568627119064
0.0397094301879406
0.03973811864852905
0.03977803885936737
0.03981902822852135
0.039852239191532135
0.039864763617515564
0.03984935209155083
0.03979933634400368
0.039731595665216446
0.03966541588306427
0.03962210938334465
0.03960611671209335
0.039612360298633575
0.0396340973675251
0.03966803848743439
0.039714690297842026
0.0397733636200428
0.03983630612492561
0.03988083079457283
0.03988732770085335
0.03982526808977127
0.03971988335251808
0.039603665471076965
0.03953129053115845
0.03951922804117203
0.039549700915813446
0.039595507085323334
0.039638206362724304
0.039672333747148514
0.039691947400569916
0.039692532271146774
0.03965695574879646
0.03958868607878685
0.03950187936425209
0.03943660855293274
0.0394170805811882
0.03943764045834541
0.03947615623474121
0.039514657109975815
0.03955121338367462
0.03959460183978081
0.03966319561004639
0.03976687416434288
0.03988908603787422
0.039946477860212326
0.039889492094516754
0.03966229781508446
0.039435435086488724
0.03935487940907478
0.039433058351278305
0.03953314945101738
0.03952885791659355
0.03943701088428497
0.039360497146844864
0.03939294070005417
0.03950551524758339
0.039600394666194916
0.039609167724847794
0.03955988213419914
0.03953032195568085
0.0396038256585598
0.03974036127328873
0.03983627259731293
0.03975663334131241
0.03955446928739548
0.03935447707772255
0.039314545691013336
0.03938073292374611
0.03940493240952492
0.03933248296380043
0.03923884034156799
0.039232879877090454
0.03931757062673569
0.03940954431891441
0.03943557292222977
0.03940865024924278
0.03938937932252884
0.03945076838135719
0.03957225754857063
0.03968290984630585
0.039663009345531464
0.03952229022979736
0.03932473063468933
0.03923184424638748
0.03925490006804466
0.03928883746266365
0.03924582898616791
0.039148636162281036
0.03909575566649437
0.039137084037065506
0.03922997787594795
0.039297666400671005
0.03931407630443573
0.0393071211874485
0.039351191371679306
0.03946938365697861
0.039636388421058655
0.03973306715488434
0.03969191759824753
0.03945344313979149
0.03921392932534218
0.03911714628338814
0.039164986461400986
0.039214592427015305
0.03916911408305168
0.0390816330909729
0.03906229883432388
0.0391550175845623
0.03927985578775406
0.03934095799922943
0.039294954389333725
0.03921672701835632
0.03918954357504845
0.03925280272960663
0.0393216647207737
0.0393076129257679
0.03916284814476967
0.03899984061717987
0.03893371298909187
0.03898239508271217
0.03904470056295395
0.03903030604124069
0.038945481181144714
0.03886628523468971
0.03885592147707939
0.03889733925461769
0.038929957896471024
0.03891773149371147
0.03886936232447624
0.038824114948511124
0.03881485015153885
0.038845792412757874
0.03890920802950859
0.03901660442352295
0.03923046216368675
0.03968039155006409
0.040595412254333496
0.04196573793888092
0.04367994889616966
0.043600790202617645
0.041879694908857346
0.039395976811647415
0.03945768252015114
0.04111505299806595
0.04115498065948486
0.03981193155050278
0.03935319185256958
0.04029761999845505
0.04049592465162277
0.039441779255867004
0.039115987718105316
0.03979794681072235
0.039838001132011414
0.03917817398905754
0.03903181850910187
0.03946623578667641
0.03949890285730362
0.03904864564538002
0.03893774747848511
0.039207786321640015
0.039230428636074066
0.03894474357366562
0.038807984441518784
0.03895677626132965
0.03904827684164047
0.03889986872673035
0.038743674755096436
0.03877336531877518
0.0388716496527195
0.038854777812957764
0.038735371083021164
0.03866700828075409
0.03870418295264244
0.038756005465984344
0.03873944282531738
0.038669172674417496
0.03862544894218445
0.03864571452140808
0.038700688630342484
0.03874765709042549
0.03878171741962433
0.03883928060531616
0.038982927799224854
0.03922535851597786
0.03956162929534912
0.03979169577360153
0.039823729544878006
0.03943760320544243
0.03894480690360069
0.038644786924123764
0.03870495781302452
0.03893078491091728
0.039045460522174835
0.03898715600371361
0.03884021192789078
0.03875604271888733
0.03873174637556076
0.038714393973350525
0.03868306055665016
0.038666728883981705
0.03869624063372612
0.03872700035572052
0.03870674967765808
0.038608185946941376
0.03849940747022629
0.03846161067485809
0.03850999101996422
0.03858693689107895
0.03862450271844864
0.03860427439212799
0.038543540984392166
0.038501136004924774
0.038510050624608994
0.038564283400774
0.038613662123680115
0.038615528494119644
0.03855054825544357
0.038462601602077484
0.03840810805559158
0.03842080011963844
0.03847694396972656
0.03852996230125427
0.03854459896683693
0.038519199937582016
0.0384766086935997
0.03847124055027962
0.038535911589860916
0.03867914900183678
0.03885394707322121
0.039008453488349915
0.03902715444564819
0.038938406854867935
0.03878162428736687
0.03871610388159752
0.03875424340367317
0.03881672024726868
0.03874805569648743
0.03855888918042183
0.03838749974966049
0.03838321566581726
0.03852730244398117
0.03866318240761757
0.038682062178850174
0.03856585919857025
0.038447823375463486
0.038439519703388214
0.038563307374715805
0.038708366453647614
0.03877107799053192
0.03868314251303673
0.03854610025882721
0.0384802408516407
0.03856746852397919
0.038729067891836166
0.03884129971265793
0.03876933455467224
0.03858092799782753
0.038401249796152115
0.03839481621980667
0.038523271679878235
0.03863495960831642
0.038599058985710144
0.03844549506902695
0.03830447420477867
0.03830433636903763
0.038412537425756454
0.038512222468853
0.03851190209388733
0.038438308984041214
0.03836877644062042
0.038416411727666855
0.03859460726380348
0.03885617479681969
0.03906843066215515
0.03918929770588875
0.03910815715789795
0.03902215138077736
0.03901422768831253
0.03915596380829811
0.03918375447392464
0.03899223729968071
0.03853495419025421
0.03824413940310478
0.03836817294359207
0.038694217801094055
0.038861848413944244
0.03869355097413063
0.038448624312877655
0.038413479924201965
0.03863430768251419
0.038828834891319275
0.03878748044371605
0.03853153809905052
0.03835650533437729
0.03841817378997803
0.03860700875520706
0.03866371139883995
0.03852744400501251
0.03828900307416916
0.0381975881755352
0.038295041769742966
0.038422103971242905
0.03841878101229668
0.03829273581504822
0.03817546367645264
0.038194309920072556
0.038322873413562775
0.03845854848623276
0.03851637989282608
0.038538411259651184
0.03859083354473114
0.0388115793466568
0.03915228694677353
0.03953271731734276
0.03954847902059555
0.03920993581414223
0.03859246149659157
0.038280338048934937
0.0384216234087944
0.03869358077645302
0.03870483487844467
0.03841836377978325
0.03817608952522278
0.03824389725923538
0.03849722817540169
0.0386153943836689
0.03849669173359871
0.03826269507408142
0.03819962590932846
0.038368068635463715
0.03860749676823616
0.038694437593221664
0.03864436596632004
0.03854943811893463
0.0386136993765831
0.03880266472697258
0.03897516429424286
0.03884343057870865
0.03850066661834717
0.038135938346385956
0.03806888312101364
0.038240764290094376
0.03836914524435997
0.03829394280910492
0.0380917489528656
0.03798928111791611
0.038078200072050095
0.03824566304683685
0.03834307938814163
0.03835791349411011
0.0383891798555851
0.03862117975950241
0.03909426927566528
0.03979450836777687
0.04030412435531616
0.04050448536872864
0.039769962430000305
0.038865603506565094
0.03837457299232483
0.038578100502491
0.038964882493019104
0.038940586149692535
0.03863164037466049
0.03845660760998726
0.03867528960108757
0.03888830542564392
0.038678474724292755
0.038200195878744125
0.03797303885221481
0.0381900928914547
0.03846340626478195
0.0384262315928936
0.03816605359315872
0.038031697273254395
0.0381685234606266
0.03837697207927704
0.03839566186070442
0.03826025500893593
0.03815019130706787
0.038262948393821716
0.03850197046995163
0.03867827355861664
0.03862287476658821
0.038451261818408966
0.03830542042851448
0.0383230596780777
0.038364309817552567
0.03828967362642288
0.038053471595048904
0.03786860778927803
0.03788944333791733
0.03804951533675194
0.03817130625247955
0.038156311959028244
0.03809172287583351
0.03810831904411316
0.03829829767346382
0.03857218101620674
0.03881366178393364
0.038823168724775314
0.038674429059028625
0.038443759083747864
0.03838454931974411
0.03844589740037918
0.03847316652536392
0.038263097405433655
0.03796585649251938
0.03784432262182236
0.03800100088119507
0.03823526203632355
0.03829943761229515
0.03820024058222771
0.038087084889411926
0.03817515820264816
0.03842133283615112
0.03865155577659607
0.03864196687936783
0.03845347836613655
0.038221575319767
0.03819356858730316
0.03830746188759804
0.03837123513221741
0.0381932258605957
0.03790609538555145
0.03774815425276756
0.03783758357167244
0.03800984472036362
0.03805830702185631
0.03797025606036186
0.03787313774228096
0.03794538974761963
0.03821629658341408
0.03862454742193222
0.039032869040966034
0.03948092833161354
0.03974802419543266
0.040100179612636566
0.04018931835889816
0.04016413539648056
0.039487581700086594
0.0386752150952816
0.03820005804300308
0.03859775885939598
0.039381690323352814
0.03949379175901413
0.03885747864842415
0.03803039714694023
0.03796014562249184
0.03843725845217705
0.03862335905432701
0.03836871311068535
0.03809657692909241
0.03824235126376152
0.03853538632392883
0.03850235044956207
0.038131825625896454
0.03781745582818985
0.037872154265642166
0.03808983787894249
0.03809919208288193
0.03788620978593826
0.03769692778587341
0.03773435577750206
0.03787446767091751
0.03789714351296425
0.037783365696668625
0.03766322135925293
0.037664745002985
0.03776146098971367
0.03785725682973862
0.03792063519358635
0.038036275655031204
0.03835668787360191
0.03909747675061226
0.040199704468250275
0.04163871333003044
0.04207485169172287
0.041495099663734436
0.03931074216961861
0.03798007592558861
0.03849044442176819
0.039692383259534836
0.0400412492454052
0.03901189565658569
0.038124192506074905
0.03835997357964516
0.03901900723576546
0.0390489436686039
0.038319170475006104
0.03789762780070305
0.03820384666323662
0.0385759174823761
0.038446731865406036
0.03794122114777565
0.037753909826278687
0.03800861909985542
0.038209181278944016
0.038071081042289734
0.03776032477617264
0.03766945004463196
0.03782667592167854
0.0379495806992054
0.03788240626454353
0.03771057724952698
0.037659455090761185
0.03778740391135216
0.037974245846271515
0.03811495006084442
0.03821965679526329
0.03838299959897995
0.038733597844839096
0.039092812687158585
0.039348796010017395
0.039011094719171524
0.038331955671310425
0.0377008356153965
0.03765876591205597
0.03807085379958153
0.03840336203575134
0.03837321698665619
0.038005951792001724
0.03770710155367851
0.037705060094594955
0.03789351508021355
0.03800935670733452
0.03790108114480972
0.037709299474954605
0.03762113302946091
0.03769795969128609
0.03781941160559654
0.03783601149916649
0.037726905196905136
0.03756223991513252
0.03748133033514023
0.03752409666776657
0.03761155903339386
0.03764808923006058
0.03759872913360596
0.037518445402383804
0.037480197846889496
0.03753186762332916
0.03766921907663345
0.03788773715496063
0.038201991468667984
0.03865879774093628
0.039176225662231445
0.03978610038757324
0.03999447450041771
0.03997676819562912
0.03936115279793739
0.03882259503006935
0.038564253598451614
0.038751207292079926
0.039039768278598785
0.03900058567523956
0.038711100816726685
0.038273636251688004
0.03809208795428276
0.038207996636629105
0.03841899335384369
0.03848348185420036
0.03824040666222572
0.03794282302260399
0.03778126463294029
0.03783736005425453
0.038018085062503815
0.03813784196972847
0.03809460252523422
0.037846922874450684
0.037609513849020004
0.03754652291536331
0.0376514196395874
0.03780243545770645
0.03788692131638527
0.03787398338317871
0.03772757574915886
0.037538956850767136
0.037422023713588715
0.03742961958050728
0.03750533238053322
0.0375828854739666
0.03764569014310837
0.037671320140361786
0.037651050835847855
0.03758016601204872
0.037513915449380875
0.037480659782886505
0.03748483210802078
0.037515249103307724
0.03756535053253174
0.03762231022119522
0.037638403475284576
0.037603918462991714
0.037529315799474716
0.03748590871691704
0.03751450031995773
0.03764539211988449
0.03787236660718918
0.038181159645318985
0.038439083844423294
0.03853338956832886
0.03828727453947067
0.03789336606860161
0.03760338947176933
0.037642497569322586
0.037909749895334244
0.03817558288574219
0.038175150752067566
0.037890974432229996
0.03750094771385193
0.03736694157123566
0.037547528743743896
0.03779011219739914
0.0378592424094677
0.0377579964697361
0.037629272788763046
0.0376584418118
0.03788944333791733
0.038292884826660156
0.038688380271196365
0.03898720443248749
0.03886519372463226
0.038626592606306076
0.03841426968574524
0.03850821033120155
0.03863342106342316
0.03853890672326088
0.03820859268307686
0.03780818358063698
0.037679605185985565
0.03792516514658928
0.038338273763656616
0.03847100958228111
0.03817881643772125
0.03766779229044914
0.03749348223209381
0.03770483657717705
0.037910476326942444
0.037842024117708206
0.03761487826704979
0.03742576763033867
0.03738886117935181
0.03748118504881859
0.03760744631290436
0.03765598684549332
0.037553027272224426
0.03743574023246765
0.03749895468354225
0.037829361855983734
0.03835954889655113
0.03911987319588661
0.0399295911192894
0.04092250391840935
0.041071366518735886
0.04088499769568443
0.04006148502230644
0.03978487104177475
0.03961457684636116
0.039510101079940796
0.039547450840473175
0.0395965650677681
0.0395219549536705
0.03893129527568817
0.03849131613969803
0.038434021174907684
0.03863446041941643
0.03885412961244583
0.03881226107478142
0.03840654343366623
0.03773057833313942
0.03765566274523735
0.038205452263355255
0.03845280036330223
0.03816165030002594
0.03780718892812729
0.037758905440568924
0.037758104503154755
0.03772088140249252
0.03775067254900932
0.03766821324825287
0.037447668612003326
0.03739214316010475
0.03756796196103096
0.03767688572406769
0.03763310983777046
0.037607863545417786
0.03765193372964859
0.037686485797166824
0.03779209777712822
0.03801944479346275
0.03826116397976875
0.038239527493715286
0.038040608167648315
0.03773333877325058
0.03748451545834541
0.037349335849285126
0.037401024252176285
0.037554532289505005
0.03760358691215515
0.03752449154853821
0.03743767738342285
0.037445370107889175
0.03749973326921463
0.037572231143713
0.037638213485479355
0.0376187264919281
0.0374673567712307
0.03728129342198372
0.037208277732133865
0.03725409880280495
0.03732622042298317
0.03737198933959007
0.03736873343586922
0.03731709346175194
0.03724564611911774
0.037246160209178925
0.037368036806583405
0.03761933743953705
0.037983816117048264
0.038508765399456024
0.039007220417261124
0.03947615623474121
0.03939198702573776
0.0391191802918911
0.03870199993252754
0.0386459082365036
0.03877180814743042
0.03891400992870331
0.0386652834713459
0.03824682906270027
0.038188688457012177
0.038383472710847855
0.038456596434116364
0.03803691267967224
0.037585802376270294
0.037569332867860794
0.037915315479040146
0.03819245845079422
0.038051728159189224
0.037702225148677826
0.03747565299272537
0.03757515549659729
0.03777399659156799
0.0377439484000206
0.037471212446689606
0.03724794462323189
0.03727303817868233
0.037404194474220276
0.03743404150009155
0.03737296536564827
0.03729499876499176
0.03723319619894028
0.037210941314697266
0.0372965969145298
0.03747713565826416
0.0376741960644722
0.0378880575299263
0.03831220418214798
0.03897145017981529
0.039915043860673904
0.04039456322789192
0.04047785699367523
0.03944483771920204
0.03822430968284607
0.03753481060266495
0.03800516948103905
0.03903841972351074
0.03938081115484238
0.03877030685544014
0.037720371037721634
0.03743121773004532
0.03784910961985588
0.03821314871311188
0.038233593106269836
0.03793947026133537
0.037597984075546265
0.03742227330803871
0.03759611397981644
0.03789716586470604
0.03786446526646614
0.0375329814851284
0.037256792187690735
0.03726743161678314
0.037368256598711014
0.03739895299077034
0.037431519478559494
0.03744792938232422
0.03734686225652695
0.03716273978352547
0.03709990158677101
0.03720402717590332
0.03732357919216156
0.037408821284770966
0.03757119178771973
0.037959985435009
0.03853805363178253
0.039420291781425476
0.04022851586341858
0.04098548740148544
0.040436942130327225
0.03885692358016968
0.03764868155121803
0.038134753704071045
0.039465226233005524
0.03985488787293434
0.0392838716506958
0.03833615034818649
0.038019899278879166
0.038105566054582596
0.03833644092082977
0.038375016301870346
0.03789409250020981
0.037499524652957916
0.03773823380470276
0.03812510147690773
0.03798142820596695
0.037539996206760406
0.037393756210803986
0.03744751214981079
0.03742145001888275
0.03746579587459564
0.03756500408053398
0.037468571215867996
0.037263356149196625
0.03724667429924011
0.03737085312604904
0.03745946288108826
0.037582166492938995
0.03788379579782486
0.03820833936333656
0.03850686550140381
0.03874931484460831
0.03913290798664093
0.039124105125665665
0.038808636367321014
0.03812108933925629
0.037742387503385544
0.03772358596324921
0.03791496530175209
0.038249388337135315
0.0383400097489357
0.038004424422979355
0.03740566596388817
0.03721950575709343
0.03746118023991585
0.037680357694625854
0.037763502448797226
0.03774315491318703
0.037576135247945786
0.037228040397167206
0.0370444618165493
0.037159305065870285
0.0373116061091423
0.03735170140862465
0.037374820560216904
0.03743704408407211
0.03737017884850502
0.03718992695212364
0.037067022174596786
0.037067241966724396
0.03706628829240799
0.03704892843961716
0.03711188957095146
0.037241801619529724
0.03734419494867325
0.037383031100034714
0.03742661327123642
0.03741741180419922
0.037312597036361694
0.03712354972958565
0.03701971098780632
0.037053726613521576
0.03716633841395378
0.0373263880610466
0.037562936544418335
0.03779280185699463
0.0379178561270237
0.03778818994760513
0.03757558763027191
0.03744535893201828
0.037637580186128616
0.03813951835036278
0.03892529755830765
0.03941701725125313
0.03941451013088226
0.03843306377530098
0.03755505383014679
0.037513602524995804
0.03811115399003029
0.03848402574658394
0.03833435848355293
0.03780192881822586
0.037299688905477524
0.037224963307380676
0.037555500864982605
0.03781953826546669
0.03763447701931
0.03716515749692917
0.037027597427368164
0.03727169334888458
0.0374336801469326
0.03735373541712761
0.03722237050533295
0.0371452160179615
0.03710847347974777
0.03719920292496681
0.03754588961601257
0.038048725575208664
0.03872045874595642
0.039491262286901474
0.04075191169977188
0.04164910688996315
0.04229184240102768
0.04098440334200859
0.03960258886218071
0.03867284208536148
0.039155423641204834
0.04054738208651543
0.04107769951224327
0.04031171277165413
0.038195185363292694
0.037432461977005005
0.03865111246705055
0.03956833854317665
0.03903120383620262
0.0379953496158123
0.03796609118580818
0.038321398198604584
0.038297079503536224
0.03815412521362305
0.03783659636974335
0.03742840141057968
0.03742559254169464
0.0378388874232769
0.037901561707258224
0.037440747022628784
0.03721354901790619
0.03735394403338432
0.037407003343105316
0.037436358630657196
0.037607043981552124
0.0377233624458313
0.03770294785499573
0.03797116130590439
0.03851712867617607
0.03896860033273697
0.038786642253398895
0.0382683165371418
0.03755209222435951
0.03709740191698074
0.03725309669971466
0.03775419667363167
0.03790149837732315
0.03750431537628174
0.037157122045755386
0.037220992147922516
0.03742620721459389
0.0374799445271492
0.03740619868040085
0.03720121458172798
0.03698388487100601
0.0369889959692955
0.03719212859869003
0.03728137165307999
0.03716932609677315
0.037044547498226166
0.03707857429981232
0.03719736263155937
0.03735068440437317
0.03753681108355522
0.03771241381764412
0.03768326714634895
0.03759040683507919
0.037537604570388794
0.037611231207847595
0.03758853301405907
0.03743819147348404
0.037228770554065704
0.03705236315727234
0.03696952387690544
0.037050265818834305
0.037266917526721954
0.03740648925304413
0.037346579134464264
0.03712714463472366
0.036976974457502365
0.0369589664041996
0.03700979799032211
0.03706944361329079
0.03710688278079033
0.03704699128866196
0.03690030053257942
0.036779243499040604
0.0367814376950264
0.036858946084976196
0.036917828023433685
0.036943476647138596
0.036953240633010864
0.036966681480407715
0.03700924664735794
0.037205521017313004
0.037695448845624924
0.03862150013446808
0.03971730172634125
0.040880680084228516
0.04064863920211792
0.03961072117090225
0.0380450040102005
0.03780852630734444
0.03894045948982239
0.040076009929180145
0.039794374257326126
0.038157835602760315
0.03715165704488754
0.03779766336083412
0.03865904361009598
0.03846028074622154
0.03756017982959747
0.0372612364590168
0.03765460103750229
0.037941500544548035
0.03774162381887436
0.037338487803936005
0.03717349097132683
0.03738091140985489
0.03768853843212128
0.03778616711497307
0.03764190524816513
0.0378122441470623
0.03850109130144119
0.039463914930820465
0.03982473537325859
0.039650775492191315
0.03867292404174805
0.03802280128002167
0.037888236343860626
0.03814626485109329
0.038226477801799774
0.03778553754091263
0.037323929369449615
0.03747495263814926
0.03805328533053398
0.03811725601553917
0.03753473237156868
0.03706282004714012
0.03720949590206146
0.037439048290252686
0.037355951964855194
0.03713461756706238
0.03701727092266083
0.03697880730032921
0.037019312381744385
0.03715060278773308
0.03717948868870735
0.03704153001308441
0.036995865404605865
0.037260327488183975
0.037678200751543045
0.038159698247909546
0.03858233988285065
0.039094291627407074
0.039085496217012405
0.03874845802783966
0.03818228468298912
0.03800009936094284
0.03786361962556839
0.037683043628931046
0.03765762969851494
0.037882134318351746
0.0380379892885685
0.03775639832019806
0.03741592541337013
0.03720109164714813
0.03710943087935448
0.03719637915492058
0.037471555173397064
0.037666205316782
0.03745880350470543
0.037121210247278214
0.03701730817556381
0.03709818422794342
0.03708842769265175
0.03701939061284065
0.037012942135334015
0.03696838766336441
0.03684190288186073
0.03679482638835907
0.03691481426358223
0.03704046830534935
0.03708549961447716
0.03713071346282959
0.037255220115184784
0.037357594817876816
0.03746745362877846
0.03765422850847244
0.03802621737122536
0.03825826197862625
0.03819335997104645
0.037685275077819824
0.03717682883143425
0.03688829019665718
0.03694166615605354
0.037235602736473083
0.03750895708799362
0.03756571188569069
0.037381552159786224
0.03728657588362694
0.03736599162220955
0.0374908372759819
0.037481360137462616
0.03741220384836197
0.03735554963350296
0.037160150706768036
0.03687416389584541
0.03677384927868843
0.036960095167160034
0.03713785111904144
0.03705090284347534
0.03683970123529434
0.03673912212252617
0.03676915913820267
0.03681518882513046
0.03686977177858353
0.03696833923459053
0.03710338473320007
0.03731058910489082
0.03781918063759804
0.038714367896318436
0.04017169401049614
0.04139323532581329
0.04249002784490585
0.04150080308318138
0.039460696280002594
0.03745931759476662
0.037741098552942276
0.03968978673219681
0.040696315467357635
0.04008336365222931
0.03856870159506798
0.03838111460208893
0.038919903337955475
0.0390346385538578
0.03901832923293114
0.03894038870930672
0.038541797548532486
0.03759477660059929
0.0374937504529953
0.038220446556806564
0.03833256661891937
0.037831876426935196
0.037605397403240204
0.037757523357868195
0.03768882900476456
0.037614576518535614
0.03795821964740753
0.03823795169591904
0.03803865984082222
0.03790479153394699
0.037919625639915466
0.037739094346761703
0.037480201572179794
0.037726834416389465
0.038055792450904846
0.037928078323602676
0.03750092163681984
0.03733934462070465
0.03718271106481552
0.03691941499710083
0.03692588210105896
0.03719277307391167
0.03724206984043121
0.03702084347605705
0.03689510002732277
0.03688646852970123
0.03682669997215271
0.03681531175971031
0.0369814969599247
0.03716801851987839
0.03726232051849365
0.037461817264556885
0.03797512874007225
0.03861486539244652
0.03938997536897659
0.039731934666633606
0.03991076350212097
0.03909463435411453
0.03805477172136307
0.0375923290848732
0.03814992308616638
0.038877375423908234
0.03882075846195221
0.03825660049915314
0.03753984719514847
0.03723619133234024
0.03745930269360542
0.03796391189098358
0.03815259784460068
0.03756418451666832
0.03694198280572891
0.03695571422576904
0.037294887006282806
0.03739716857671738
0.03729847073554993
0.03726881742477417
0.03713327273726463
0.03686608001589775
0.036761775612831116
0.036920979619026184
0.03702913224697113
0.036970898509025574
0.036956410855054855
0.03699353337287903
0.036899033933877945
0.03669936954975128
0.03664039820432663
0.036697328090667725
0.03668678551912308
0.03664131835103035
0.03667588531970978
0.036749131977558136
0.03676716983318329
0.03678150847554207
0.036867037415504456
0.036999549716711044
0.03711634874343872
0.03732336312532425
0.037697579711675644
0.038323305547237396
0.03890621289610863
0.0394398495554924
0.0393095389008522
0.038956768810749054
0.03812582418322563
0.03780046105384827
0.03842047601938248
0.03941281512379646
0.04007363319396973
0.039272740483284
0.03796205669641495
0.03714241832494736
0.03742604702711105
0.03820602223277092
0.03846414014697075
0.03803245723247528
0.03732052072882652
0.0372355580329895
0.037716757506132126
0.03793574124574661
0.037635281682014465
0.037223272025585175
0.03716849163174629
0.03717310354113579
0.0370200052857399
0.03694767504930496
0.03710901737213135
0.03719940036535263
0.03695868328213692
0.03670728951692581
0.0367564857006073
0.03695058822631836
0.03702501580119133
0.03703194856643677
0.03723910450935364
0.03771239146590233
0.038262370973825455
0.03893597796559334
0.039349619299173355
0.03976031765341759
0.03941187262535095
0.038911037147045135
0.03847108781337738
0.03859070688486099
0.038845404982566833
0.03906075283885002
0.03880712389945984
0.03808293864130974
0.03765857219696045
0.03788279369473457
0.03828443959355354
0.03792976588010788
0.03722091391682625
0.037162456661462784
0.03755466639995575
0.037539444863796234
0.03720776364207268
0.03729870915412903
0.03754230961203575
0.037328869104385376
0.03705369308590889
0.03732858598232269
0.037703074514865875
0.03772611543536186
0.037576254457235336
0.03772711008787155
0.03774603083729744
0.03741481527686119
0.03705384582281113
0.03703689202666283
0.037109941244125366
0.03711790591478348
0.037163008004426956
0.037200454622507095
0.0370400995016098
0.036827538162469864
0.036790549755096436
0.03680804371833801
0.03676062822341919
0.036793943494558334
0.036965735256671906
0.037040285766124725
0.0369449108839035
0.036906417459249496
0.03709199279546738
0.03734361752867699
0.037640415132045746
0.0379880890250206
0.03847888857126236
0.038521427661180496
0.038034871220588684
0.037170711904764175
0.036710239946842194
0.03686254099011421
0.03723907470703125
0.03748041391372681
0.03744441643357277
0.03724469244480133
0.03699477016925812
0.03698311373591423
0.03720252588391304
0.037447892129421234
0.037544671446084976
0.03757956996560097
0.037527430802583694
0.037319913506507874
0.03705273196101189
0.03719194233417511
0.03773067146539688
0.03823214769363403
0.03811253234744072
0.037854164838790894
0.037638891488313675
0.03747113421559334
0.03715038672089577
0.03702695295214653
0.037275590002536774
0.03749489039182663
0.03729739412665367
0.03692637383937836
0.036756932735443115
0.0367947518825531
0.03688082844018936
0.03696931153535843
0.03704024478793144
0.03699250891804695
0.03693661466240883
0.03699423372745514
0.03717757761478424
0.03741024434566498
0.037874042987823486
0.038565494120121
0.039377376437187195
0.03923550248146057
0.03845905140042305
0.03746684640645981
0.037254758179187775
0.03747788444161415
0.03761038929224014
0.03784176707267761
0.03812817856669426
0.0379212386906147
0.037192244082689285
0.03675137087702751
0.03699794411659241
0.037287637591362
0.037280675023794174
0.03723154217004776
0.03721580281853676
0.03703556954860687
0.036938946694135666
0.03716828674077988
0.03757181763648987
0.03792784363031387
0.03843321278691292
0.0389435738325119
0.039287012070417404
0.03873039036989212
0.03827233612537384
0.03845331445336342
0.039335981011390686
0.039543092250823975
0.039070013910532
0.038331374526023865
0.03775568678975105
0.03741887956857681
0.03752573952078819
0.038128890097141266
0.038322728127241135
0.03777926042675972
0.0372840091586113
0.03751581907272339
0.03788245469331741
0.03797255456447601
0.037970058619976044
0.03797946870326996
0.03763309493660927
0.037701260298490524
0.03841123729944229
0.038994964212179184
0.03850127011537552
0.03783629834651947
0.03753896430134773
0.03743130341172218
0.03719337657094002
0.03729718551039696
0.03753015026450157
0.037286918610334396
0.03692146763205528
0.036938730627298355
0.03712068870663643
0.0371527262032032
0.03721921518445015
0.03729899227619171
0.037162553519010544
0.03692099079489708
0.037018805742263794
0.037370990961790085
0.037719227373600006
0.03789006173610687
0.03805674985051155
0.037902966141700745
0.037520989775657654
0.03707573935389519
0.03701502084732056
0.03724366053938866
0.037399664521217346
0.03728456050157547
0.03701530769467354
0.03673560917377472
0.03661826252937317
0.03675740212202072
0.03698268160223961
0.037006281316280365
0.03677775710821152
0.03664851561188698
0.03675660118460655
0.03692319989204407
0.03706815093755722
0.03737723082304001
0.03780990093946457
0.03826473653316498
0.038369014859199524
0.038415614515542984
0.038222528994083405
0.03805982321500778
0.03787238895893097
0.0377875417470932
0.037545379251241684
0.03723330795764923
0.03733912110328674
0.03780372813344002
0.0379810556769371
0.0374775230884552
0.036951836198568344
0.036903731524944305
0.037026435136795044
0.03687160462141037
0.036715906113386154
0.03687557578086853
0.037124328315258026
0.03718163073062897
0.037077780812978745
0.03715639188885689
0.03740128129720688
0.03764091432094574
0.03773065283894539
0.037767790257930756
0.03765463829040527
0.037433307617902756
0.037119392305612564
0.03695391118526459
0.036943256855010986
0.03707420453429222
0.0374332070350647
0.037825651466846466
0.037988778203725815
0.03768547251820564
0.0374528169631958
0.037330012768507004
0.037075843662023544
0.03674113377928734
0.03675968945026398
0.0370914563536644
0.03725111111998558
0.03714325278997421
0.03703480213880539
0.03705916181206703
0.03699818626046181
0.036880262196063995
0.036815766245126724
0.03684602677822113
0.03690336272120476
0.036990515887737274
0.03705092519521713
0.03698505461215973
0.03678710758686066
0.036615222692489624
0.036591675132513046
0.036676350980997086
0.03677785396575928
0.03692576289176941
0.03728440776467323
0.03785056993365288
0.0385470911860466
0.03888293728232384
0.039069097489118576
0.03879286348819733
0.038555774837732315
0.03811955451965332
0.03786478936672211
0.038258396089076996
0.03891835734248161
0.03938952460885048
0.03886048495769501
0.03800472617149353
0.03742466866970062
0.03760715201497078
0.03811805322766304
0.0382704883813858
0.037770066410303116
0.037158090621232986
0.037104491144418716
0.03725472465157509
0.03712654113769531
0.03693797439336777
0.03710310161113739
0.03730792552232742
0.037085119634866714
0.036821313202381134
0.036993686109781265
0.03748355060815811
0.03805487975478172
0.03866713494062424
0.03984302654862404
0.04092545807361603
0.04151872918009758
0.03984282910823822
0.03783218190073967
0.03722647950053215
0.03797004371881485
0.038495566695928574
0.038583822548389435
0.0389445498585701
0.038782887160778046
0.037879835814237595
0.03710396960377693
0.03747544437646866
0.03806605935096741
0.03808951377868652
0.038203053176403046
0.03831671178340912
0.03819209709763527
0.03787679970264435
0.037704937160015106
0.037595320492982864
0.03756621107459068
0.0377231165766716
0.03786114603281021
0.03786944970488548
0.03775941580533981
0.03770168125629425
0.03757915645837784
0.03761795163154602
0.03754550963640213
0.03737505525350571
0.03742910921573639
0.03756480664014816
0.03726781904697418
0.03683917969465256
0.03689584881067276
0.03704318404197693
0.03693024069070816
0.03697162866592407
0.03730909526348114
0.03739404305815697
0.037242066115140915
0.03709277883172035
0.036968398839235306
0.03673268482089043
0.036667969077825546
0.03681357577443123
0.03694625943899155
0.03701362386345863
0.03706429898738861
0.03697285056114197
0.0367843359708786
0.03658750653266907
0.036439456045627594
0.03639940544962883
0.036529555916786194
0.03666286543011665
0.03661626577377319
0.03650389611721039
0.036460183560848236
0.03642558678984642
0.03637439385056496
0.03641440346837044
0.03657791391015053
0.03681584820151329
0.037239089608192444
0.037958867847919464
0.03910375386476517
0.04010668769478798
0.04109581932425499
0.04060126841068268
0.039715107530355453
0.03856603801250458
0.03879546374082565
0.040364429354667664
0.0414479523897171
0.041513122618198395
0.03934166580438614
0.037462517619132996
0.03758685663342476
0.0391504131257534
0.03990776836872101
0.03854009509086609
0.03716312721371651
0.037406399846076965
0.03828614577651024
0.038446519523859024
0.037799905985593796
0.0372963510453701
0.03728870302438736
0.037642788141965866
0.03801874816417694
0.038084205240011215
0.038209330290555954
0.038483623415231705
0.038807738572359085
0.0389258898794651
0.03881232813000679
0.038273680955171585
0.03759041801095009
0.037155527621507645
0.03723546862602234
0.03744746372103691
0.03759974613785744
0.037678785622119904
0.03730311617255211
0.03686868026852608
0.037010613828897476
0.037381090223789215
0.037234287708997726
0.03690240532159805
0.03694919869303703
0.037040166556835175
0.03683232516050339
0.0367281436920166
0.03686784580349922
0.03705734759569168
0.03720519319176674
0.03726409375667572
0.0372210368514061
0.03726077824831009
0.03729835897684097
0.037215691059827805
0.03698353469371796
0.03694801405072212
0.03700113296508789
0.036958057433366776
0.036880962550640106
0.03682988882064819
0.03669315204024315
0.03661853075027466
0.036763742566108704
0.036900173872709274
0.036881543695926666
0.036841463297605515
0.03688900172710419
0.03681478276848793
0.03660998493432999
0.03643354773521423
0.03640711307525635
0.0364757664501667
0.036558933556079865
0.0365891307592392
0.03654491528868675
0.036530353128910065
0.03654777258634567
0.03648940846323967
0.036362890154123306
0.03631254658102989
0.03638281673192978
0.036501169204711914
0.03668917715549469
0.0370171032845974
0.037527233362197876
0.03808081895112991
0.03877044469118118
0.039031755179166794
0.03896526247262955
0.03808515518903732
0.037443917244672775
0.03762626647949219
0.03842410817742348
0.03921736031770706
0.03903193399310112
0.038395076990127563
0.037646397948265076
0.037365470081567764
0.03746876120567322
0.03761632367968559
0.03780516982078552
0.037698131054639816
0.03716687858104706
0.03671679273247719
0.03695986419916153
0.037511471658945084
0.037526167929172516
0.037019506096839905
0.036760322749614716
0.037008099257946014
0.037279970943927765
0.03737271577119827
0.03761238604784012
0.037952352315187454
0.038163524121046066
0.037775684148073196
0.037322159856557846
0.03715882450342178
0.03727738931775093
0.03731045871973038
0.037079766392707825
0.03696645796298981
0.03703892603516579
0.037041086703538895
0.03689108043909073
0.036850206553936005
0.03697127103805542
0.03704339265823364
0.03696928545832634
0.03696196526288986
0.03690958768129349
0.036695148795843124
0.0364987887442112
0.03650830313563347
0.03654493764042854
0.0364656075835228
0.03643891215324402
0.036571357399225235
0.03666765242815018
0.03662779927253723
0.03657860308885574
0.03665189445018768
0.03678033873438835
0.036974336951971054
0.037318795919418335
0.038060836493968964
0.03901572525501251
0.0401584766805172
0.04007475823163986
0.039031703025102615
0.03739076480269432
0.03690008819103241
0.0376259982585907
0.03854052722454071
0.03916870057582855
0.03901341184973717
0.03858435899019241
0.03813495486974716
0.03835368901491165
0.03878015652298927
0.03871680796146393
0.038042549043893814
0.03740653768181801
0.03721257671713829
0.03736734762787819
0.03756919503211975
0.037628985941410065
0.0374373160302639
0.036996401846408844
0.03675270080566406
0.036848366260528564
0.03708527609705925
0.03715832531452179
0.03696458041667938
0.036852166056632996
0.0371767058968544
0.03764633461833
0.03812124580144882
0.03878956288099289
0.0400734581053257
0.0406082458794117
0.03981608897447586
0.03788062557578087
0.03716908022761345
0.03755131736397743
0.037881866097450256
0.03804086148738861
0.03822048753499985
0.038149572908878326
0.0374433696269989
0.037015870213508606
0.037065550684928894
0.037151820957660675
0.03718344122171402
0.03722893446683884
0.03719824552536011
0.03697965294122696
0.03680426627397537
0.03685271739959717
0.037089306861162186
0.03738311305642128
0.03773847222328186
0.03824123367667198
0.03893384337425232
0.03905722126364708
0.03841733559966087
0.03749049827456474
0.03748166561126709
0.03790085390210152
0.03821968659758568
0.03830178827047348
0.03812696784734726
0.03724024444818497
0.03656360134482384
0.036896638572216034
0.03741081804037094
0.03724357858300209
0.03684445470571518
0.03673819825053215
0.03669726476073265
0.03665749356150627
0.03671983629465103
0.036737434566020966
0.03661790117621422
0.03647644445300102
0.03641020506620407
0.03641451150178909
0.03649543970823288
0.03655131906270981
0.03649822995066643
0.03653138875961304
0.03677530214190483
0.03725435957312584
0.03809792175889015
0.03975769877433777
0.04136544466018677
0.042370256036520004
0.04043881967663765
0.03824036940932274
0.03728834167122841
0.03805636614561081
0.03926809877157211
0.03955402970314026
0.03879670426249504
0.037545666098594666
0.037331100553274155
0.037951238453388214
0.0382956862449646
0.03806205838918686
0.03748331218957901
0.03729100897908211
0.03764340281486511
0.03816251829266548
0.03824411705136299
0.03809948265552521
0.038069888949394226
0.03806554526090622
0.0379691906273365
0.03837508708238602
0.038850899785757065
0.03862153738737106
0.03731328621506691
0.036724209785461426
0.03711804747581482
0.037280671298503876
0.03711598366498947
0.037180397659540176
0.03732834756374359
0.03713296726346016
0.036861393600702286
0.036819420754909515
0.03687925636768341
0.0369068942964077
0.03692460060119629
0.03687822073698044
0.036812055855989456
0.036691710352897644
0.03648024797439575
0.03637496754527092
0.03646343573927879
0.03648998588323593
0.03639321029186249
0.03642119839787483
0.036569464951753616
0.03657880425453186
0.03655661642551422
0.03671634569764137
0.037035875022411346
0.03734926879405975
0.03786579146981239
0.038451097905635834
0.03893932327628136
0.03856051340699196
0.03781389072537422
0.03703765943646431
0.03694094717502594
0.03743184357881546
0.038012899458408356
0.03830920532345772
0.037912704050540924
0.03726346790790558
0.036655399948358536
0.036609526723623276
0.037051133811473846
0.03734758123755455
0.037208203226327896
0.03682652860879898
0.03666228801012039
0.036633528769016266
0.03662537783384323
0.036776769906282425
0.036980848759412766
0.036936357617378235
0.036596156656742096
0.03635699674487114
0.03636181354522705
0.036399416625499725
0.03638812527060509
0.03643598034977913
0.03654693067073822
0.03659016638994217
0.03658236935734749
0.036624737083911896
0.036843687295913696
0.037226226180791855
0.037759244441986084
0.03819258511066437
0.038415711373090744
0.03800397366285324
0.03719019517302513
0.03646385297179222
0.03657019883394241
0.0373169407248497
0.037749260663986206
0.037582240998744965
0.037094954401254654
0.037044085562229156
0.03732527792453766
0.03758663684129715
0.037582650780677795
0.03733497112989426
0.03675016760826111
0.03636685386300087
0.036536216735839844
0.03690962493419647
0.03693731129169464
0.03661138564348221
0.0363677553832531
0.03638511896133423
0.03647511824965477
0.03648924455046654
0.036465708166360855
0.0364532545208931
0.03642141819000244
0.0363953560590744
0.036482080817222595
0.03680117428302765
0.03734166920185089
0.038173094391822815
0.03901859372854233
0.03997050225734711
0.03991728648543358
0.03912205249071121
0.03794915974140167
0.03811154514551163
0.03910114988684654
0.03962695598602295
0.038828201591968536
0.03803613781929016
0.03829668089747429
0.03824913501739502
0.03773121535778046
0.03760881349444389
0.03803567588329315
0.03792319819331169
0.03728349879384041
0.037257544696331024
0.037441469728946686
0.03708247095346451
0.03698199242353439
0.037480562925338745
0.03780283033847809
0.037683259695768356
0.03811728209257126
0.039037495851516724
0.03985821455717087
0.039718110114336014
0.03957896679639816
0.03903275728225708
0.038412775844335556
0.037753649055957794
0.03781456500291824
0.03848949819803238
0.03885233402252197
0.03875129669904709
0.038051579147577286
0.037515077739953995
0.03707755729556084
0.037016358226537704
0.03749069944024086
0.037812042981386185
0.03756643831729889
0.03718174621462822
0.03733088821172714
0.03732651099562645
0.036788731813430786
0.03655640408396721
0.03681689873337746
0.03686050698161125
0.036740124225616455
0.03687822073698044
0.03696870803833008
0.03678404539823532
0.036686837673187256
0.03683719038963318
0.03675590455532074
0.036501530557870865
0.036457646638154984
0.036622971296310425
0.03673414885997772
0.03688091039657593
0.03712184727191925
0.037378136068582535
0.03743119165301323
0.037360742688179016
0.03702674061059952
0.03665312007069588
0.036415621638298035
0.03648294880986214
0.03676541894674301
0.03704909235239029
0.03715475648641586
0.036939628422260284
0.03673245385289192
0.03689118102192879
0.037280283868312836
0.03768203780055046
0.037838298827409744
0.03787742927670479
0.0374612882733345
0.036822959780693054
0.03643359988927841
0.03653440624475479
0.03678788244724274
0.0369139164686203
0.036957740783691406
0.03679535910487175
0.03647325932979584
0.03628312796354294
0.03644949197769165
0.036717597395181656
0.03679493069648743
0.0367530882358551
0.03669854253530502
0.036700423806905746
0.03676050528883934
0.036895252764225006
0.03716016933321953
0.03751616179943085
0.03802170604467392
0.038136016577482224
0.03776637464761734
0.0369076207280159
0.036427680402994156
0.036501090973615646
0.0367465540766716
0.036928147077560425
0.03695591911673546
0.03685551509261131
0.0367145836353302
0.036708228290081024
0.03669692575931549
0.03648412227630615
0.036355145275592804
0.03656770661473274
0.03689918667078018
0.03703900799155235
0.0370444729924202
0.03716261684894562
0.03739352896809578
0.03756198659539223
0.03761068359017372
0.03771566227078438
0.03803609684109688
0.038833972066640854
0.03925800323486328
0.03895873576402664
0.03759278729557991
0.0367969386279583
0.03696679323911667
0.037312909960746765
0.037478502839803696
0.0375896617770195
0.037735629826784134
0.0376916229724884
0.0375550203025341
0.03752848878502846
0.0375705361366272
0.03778691589832306
0.03827128931879997
0.038372501730918884
0.0377325676381588
0.03697710111737251
0.036924295127391815
0.037225402891635895
0.03730800747871399
0.03728902339935303
0.03746401518583298
0.037602897733449936
0.037675127387046814
0.037481117993593216
0.037428118288517
0.037821851670742035
0.03854307532310486
0.038614388555288315
0.037910766899585724
0.03737495467066765
0.0373903252184391
0.03698589280247688
0.03653545305132866
0.03679848089814186
0.037258364260196686
0.037317898124456406
0.0371864028275013
0.03724031522870064
0.037150878459215164
0.037099190056324005
0.037359483540058136
0.03774818032979965
0.03791433572769165
0.03807971626520157
0.037934135645627975
0.037437111139297485
0.03671479970216751
0.03648754581809044
0.036650702357292175
0.03692105412483215
0.03716812655329704
0.037025630474090576
0.03666860610246658
0.036714956164360046
0.037379778921604156
0.03816542401909828
0.03898103907704353
0.03981398046016693
0.04067588225007057
0.03982515633106232
0.03854098916053772
0.03780796751379967
0.03841422498226166
0.03908985108137131
0.03891030699014664
0.03789632394909859
0.036995332688093185
0.037243567407131195
0.037986818701028824
0.037961721420288086
0.03737618029117584
0.03724905848503113
0.03740272670984268
0.037547484040260315
0.03784579038619995
0.03839493542909622
0.038559868931770325
0.038659192621707916
0.03878522291779518
0.038501277565956116
0.03775857761502266
0.03777047246694565
0.03788388520479202
0.03730258345603943
0.036676790565252304
0.0369843989610672
0.0374516025185585
0.03727760165929794
0.037186525762081146
0.037448447197675705
0.037679072469472885
0.03765624761581421
0.037455152720212936
0.0371236726641655
0.03711424395442009
0.03715110197663307
0.03688553348183632
0.03667189180850983
0.036906760185956955
0.03707300126552582
0.03686434030532837
0.03678742051124573
0.03682590276002884
0.03669748455286026
0.036619335412979126
0.03686751052737236
0.03709333389997482
0.03719599172472954
0.037332307547330856
0.037450291216373444
0.03709596395492554
0.036618515849113464
0.03634195402264595
0.036355238407850266
0.0365399606525898
0.03671867027878761
0.03668317198753357
0.03648333624005318
0.03636939823627472
0.03631831333041191
0.036195557564496994
0.036165252327919006
0.036295466125011444
0.03635628893971443
0.03627382591366768
0.03620261698961258
0.036181241273880005
0.03611798211932182
0.03606576472520828
0.03611888736486435
0.03624977543950081
0.036438267678022385
0.03678891435265541
0.0373501256108284
0.03826413303613663
0.03921053931117058
0.04025982320308685
0.04012632369995117
0.039482444524765015
0.03852308914065361
0.03880293667316437
0.03971279039978981
0.040306590497493744
0.04054886847734451
0.03968532383441925
0.03880368918180466
0.03816499933600426
0.03839070722460747
0.038836441934108734
0.03865537419915199
0.03828034549951553
0.03811589255928993
0.03811834007501602
0.03789778798818588
0.037641290575265884
0.03747524693608284
0.03734955936670303
0.0371699295938015
0.037124618887901306
0.03725242242217064
0.03741872310638428
0.03739534690976143
0.03701911121606827
0.0369611494243145
0.03741566836833954
0.037748225033283234
0.03759660944342613
0.03769087791442871
0.03799714148044586
0.03788343071937561
0.03701487556099892
0.03654029965400696
0.036624014377593994
0.036693017929792404
0.03674740344285965
0.036872852593660355
0.03687761723995209
0.03669163957238197
0.036611005663871765
0.03659835457801819
0.0364656001329422
0.036371275782585144
0.036444634199142456
0.036582060158252716
0.03674330934882164
0.036857232451438904
0.03688960522413254
0.03687833994626999
0.03699299320578575
0.037024978548288345
0.03702294081449509
0.03719888627529144
0.0377601683139801
0.038119807839393616
0.03802318125963211
0.03730245307087898
0.03664358705282211
0.03637301176786423
0.036585837602615356
0.037029530853033066
0.03716618940234184
0.0369468629360199
0.03665522113442421
0.03662405535578728
0.036720678210258484
0.03677362948656082
0.03678273409605026
0.036747418344020844
0.03662819042801857
0.036508914083242416
0.03635694459080696
0.036276329308748245
0.036402128636837006
0.036647193133831024
0.03669367730617523
0.036519911140203476
0.036454908549785614
0.03667384758591652
0.03689710050821304
0.03702129051089287
0.03708261996507645
0.03723163530230522
0.037213604897260666
0.036963339895009995
0.03650423139333725
0.03616448864340782
0.03617969527840614
0.03642183542251587
0.03657412528991699
0.03651405870914459
0.03638799116015434
0.03629956394433975
0.03625611215829849
0.03622894734144211
0.03627832233905792
0.036392271518707275
0.03657755255699158
0.036937128752470016
0.0375240221619606
0.03809633478522301
0.0385001115500927
0.03849013149738312
0.03880765289068222
0.03898860514163971
0.039098165929317474
0.03875725343823433
0.0390339232981205
0.039413150399923325
0.03898968920111656
0.037691544741392136
0.03693825751543045
0.03787245601415634
