# adam, lr=0.01, alpha = 1000000, beta = 0.1
# best_iter: 2990, best_loss = 1.0150272846221924, imsave period = 300
303.3198547363281
283.83294677734375
254.7877655029297
221.09063720703125
187.51271057128906
158.615966796875
136.99822998046875
120.27027130126953
105.60883331298828
93.69950866699219
84.84962463378906
77.9337158203125
72.25067138671875
67.64115142822266
63.77886199951172
60.19802474975586
56.714542388916016
53.388423919677734
50.281280517578125
47.38746643066406
44.714412689208984
42.29661178588867
40.149131774902344
38.23841857910156
36.50713348388672
34.92428970336914
33.47834396362305
32.15699005126953
30.93711280822754
29.802997589111328
28.74941635131836
27.773649215698242
26.863170623779297
26.006105422973633
25.197275161743164
24.434175491333008
23.71196746826172
23.0255069732666
22.372102737426758
21.750518798828125
21.159774780273438
20.59661865234375
20.05803108215332
19.542896270751953
19.050495147705078
18.57879638671875
18.12604331970215
17.691469192504883
17.27496910095215
16.875926971435547
16.492788314819336
16.124414443969727
15.77038860321045
15.430180549621582
15.1027193069458
14.78722858428955
14.483393669128418
14.191194534301758
13.909707069396973
13.638320922851562
13.376550674438477
13.12378215789795
12.87978744506836
12.644383430480957
12.416975975036621
12.197070121765137
11.984607696533203
11.778992652893066
11.580300331115723
11.388136863708496
11.20184326171875
11.021077156066895
10.845736503601074
10.675658226013184
10.510841369628906
10.351130485534668
10.196272850036621
10.045916557312012
9.900005340576172
9.75798225402832
9.619893074035645
9.485763549804688
9.355249404907227
9.228469848632812
9.105087280273438
8.985021591186523
8.868128776550293
8.75446605682373
8.6435546875
8.53551959991455
8.429974555969238
8.326971054077148
8.226509094238281
8.128436088562012
8.03258228302002
7.9389543533325195
7.847620010375977
7.758359909057617
7.671124458312988
7.5859694480896
7.502769947052002
7.421433448791504
7.341767311096191
7.263968467712402
7.18791389465332
7.11354398727417
7.04067850112915
6.969349384307861
6.89952278137207
6.831267356872559
6.764425277709961
6.698943138122559
6.634741306304932
6.571812152862549
6.510151386260986
6.449638843536377
6.3902587890625
6.331984996795654
6.274832248687744
6.2187395095825195
6.163644790649414
6.109566688537598
6.056468963623047
6.004298210144043
5.95307731628418
5.902759552001953
5.853368759155273
5.804764270782471
5.757071018218994
5.710242748260498
5.664117336273193
5.618710994720459
5.5740647315979
5.530181884765625
5.487032890319824
5.444635391235352
5.402929306030273
5.3618645668029785
5.32153844833374
5.281848430633545
5.2427077293396
5.2042083740234375
5.1663994789123535
5.129149913787842
5.092466354370117
5.056305408477783
5.0206146240234375
4.9855194091796875
4.950908660888672
4.916778087615967
4.883180618286133
4.850083827972412
4.817439079284668
4.785244941711426
4.753512859344482
4.722261428833008
4.691407680511475
4.660975933074951
4.630976676940918
4.601320266723633
4.572061061859131
4.54319953918457
4.514745235443115
4.486655235290527
4.458950996398926
4.431564807891846
4.404504776000977
4.377818584442139
4.351568222045898
4.325637340545654
4.300025939941406
4.274755954742432
4.249821186065674
4.225161552429199
4.200871467590332
4.1768903732299805
4.153261661529541
4.129913330078125
4.1068549156188965
4.084089756011963
4.061640739440918
4.039453983306885
4.017478942871094
3.9958224296569824
3.9744441509246826
3.9532999992370605
3.932443618774414
3.9118239879608154
3.8914687633514404
3.871321678161621
3.8514599800109863
3.831845760345459
3.8124754428863525
3.793328285217285
3.774423360824585
3.7557220458984375
3.7372524738311768
3.719000816345215
3.700904369354248
3.6830475330352783
3.6654226779937744
3.6479361057281494
3.6306815147399902
3.6136369705200195
3.5967555046081543
3.5800647735595703
3.563579797744751
3.547286033630371
3.531188726425171
3.515270233154297
3.4995293617248535
3.483973741531372
3.468555450439453
3.45327091217041
3.4381959438323975
3.423252582550049
3.408450126647949
3.393801212310791
3.379331350326538
3.3649871349334717
3.350801467895508
3.3367671966552734
3.322880268096924
3.3091161251068115
3.295482873916626
3.282000780105591
3.2686495780944824
3.2554409503936768
3.242377281188965
3.229433059692383
3.2166085243225098
3.203909397125244
3.1913392543792725
3.178889274597168
3.1665806770324707
3.154381513595581
3.142285108566284
3.1302995681762695
3.1184232234954834
3.1066436767578125
3.0950160026550293
3.0834505558013916
3.072002649307251
3.0606815814971924
3.0494539737701416
3.038330316543579
3.0273118019104004
3.01640248298645
3.0055932998657227
2.9948768615722656
2.9842376708984375
2.9737088680267334
2.9632625579833984
2.952895164489746
2.942629098892212
2.932457208633423
2.922353744506836
2.912348747253418
2.9024264812469482
2.892587423324585
2.8828349113464355
2.873175859451294
2.863584518432617
2.8540682792663574
2.8446438312530518
2.835297107696533
2.8260204792022705
2.8168187141418457
2.807692527770996
2.7986574172973633
2.789700746536255
2.7808117866516113
2.7719767093658447
2.7632339000701904
2.7545597553253174
2.7459654808044434
2.737422466278076
2.7289535999298096
2.7205560207366943
2.712230682373047
2.7039661407470703
2.6957530975341797
2.6876137256622314
2.679537534713745
2.671520233154297
2.6635735034942627
2.655688762664795
2.6478471755981445
2.640096664428711
2.6323838233947754
2.624724864959717
2.617138624191284
2.6096057891845703
2.60213303565979
2.5947134494781494
2.5873634815216064
2.5800845623016357
2.5728628635406494
2.5656707286834717
2.558558225631714
2.5515077114105225
2.544487476348877
2.5375375747680664
2.5306384563446045
2.5237858295440674
2.5169851779937744
2.5102334022521973
2.503530740737915
2.4968738555908203
2.4902732372283936
2.4837260246276855
2.4772157669067383
2.470759153366089
2.464348554611206
2.4579873085021973
2.4516677856445312
2.445399761199951
2.439194440841675
2.4330294132232666
2.4269065856933594
2.4208314418792725
2.4147932529449463
2.408812999725342
2.4028706550598145
2.396977424621582
2.3911309242248535
2.385312080383301
2.3795416355133057
2.3738112449645996
2.3681206703186035
2.3624696731567383
2.356865406036377
2.351290225982666
2.3457627296447754
2.3402655124664307
2.3348019123077393
2.3293826580047607
2.324002742767334
2.3186511993408203
2.313326835632324
2.3080520629882812
2.302814245223999
2.2976088523864746
2.2924392223358154
2.2873075008392334
2.2822017669677734
2.2771155834198
2.2720746994018555
2.2670693397521973
2.2620902061462402
2.2571446895599365
2.252244710922241
2.247363328933716
2.2425036430358887
2.237697124481201
2.2329134941101074
2.2281622886657715
2.223435878753662
2.2187342643737793
2.214064121246338
2.2094225883483887
2.204808235168457
2.2002298831939697
2.195675849914551
2.1911427974700928
2.1866464614868164
2.1821789741516113
2.1777374744415283
2.17331862449646
2.1689250469207764
2.164555788040161
2.160224676132202
2.155909776687622
2.151623010635376
2.1473708152770996
2.1431427001953125
2.1389386653900146
2.134758234024048
2.1306090354919434
2.126476287841797
2.1223669052124023
2.118290662765503
2.114243984222412
2.110219955444336
2.1062216758728027
2.1022469997406006
2.0983023643493652
2.0943851470947266
2.0904860496520996
2.0866057872772217
2.082749366760254
2.078932762145996
2.075139045715332
2.0713553428649902
2.0675997734069824
2.063863754272461
2.060149908065796
2.056460380554199
2.0527913570404053
2.0491514205932617
2.0455198287963867
2.041914224624634
2.038327217102051
2.0347604751586914
2.0312159061431885
2.02769136428833
2.0241825580596924
2.0206987857818604
2.017232894897461
2.013789176940918
2.0103676319122314
2.006974220275879
2.003598690032959
2.0002424716949463
1.9969046115875244
1.9935868978500366
1.9902888536453247
1.986997365951538
1.9837357997894287
1.980495810508728
1.977267861366272
1.9740619659423828
1.9708716869354248
1.9676990509033203
1.9645373821258545
1.9613940715789795
1.9582757949829102
1.9551727771759033
1.9520875215530396
1.9490102529525757
1.9459588527679443
1.9429278373718262
1.9399070739746094
1.9369006156921387
1.933917760848999
1.9309442043304443
1.9279886484146118
1.925045371055603
1.922114372253418
1.9192051887512207
1.9163062572479248
1.9134210348129272
1.9105559587478638
1.9077084064483643
1.9048714637756348
1.902055025100708
1.8992502689361572
1.8964638710021973
1.8936896324157715
1.890927791595459
1.8881824016571045
1.885457992553711
1.8827357292175293
1.8800358772277832
1.8773443698883057
1.8746693134307861
1.872012972831726
1.869363784790039
1.8667311668395996
1.864112377166748
1.8615003824234009
1.85890531539917
1.8563300371170044
1.8537590503692627
1.851205587387085
1.8486649990081787
1.8461391925811768
1.843623399734497
1.8411245346069336
1.838634967803955
1.8361616134643555
1.833696961402893
1.8312419652938843
1.828800916671753
1.8263683319091797
1.8239471912384033
1.8215421438217163
1.8191524744033813
1.8167705535888672
1.8144092559814453
1.8120555877685547
1.8097059726715088
1.8073768615722656
1.8050603866577148
1.8027520179748535
1.8004567623138428
1.798171043395996
1.795900583267212
1.7936346530914307
1.791379690170288
1.7891380786895752
1.7869117259979248
1.7846887111663818
1.7824801206588745
1.7802860736846924
1.7781039476394653
1.775928020477295
1.7737667560577393
1.7716162204742432
1.7694694995880127
1.7673399448394775
1.765222191810608
1.7631149291992188
1.7610174417495728
1.7589349746704102
1.7568533420562744
1.7547848224639893
1.7527217864990234
1.7506663799285889
1.748619794845581
1.7465814352035522
1.7445541620254517
1.7425386905670166
1.7405283451080322
1.7385228872299194
1.736530065536499
1.7345430850982666
1.7325681447982788
1.7306028604507446
1.7286479473114014
1.7267048358917236
1.7247684001922607
1.7228386402130127
1.7209186553955078
1.71901273727417
1.7171136140823364
1.7152185440063477
1.7133383750915527
1.7114641666412354
1.7095935344696045
1.7077357769012451
1.7058818340301514
1.7040374279022217
1.7022051811218262
1.700376272201538
1.6985552310943604
1.6967461109161377
1.6949433088302612
1.6931443214416504
1.6913543939590454
1.6895723342895508
1.6877925395965576
1.6860249042510986
1.6842641830444336
1.6825088262557983
1.6807591915130615
1.6790201663970947
1.6772880554199219
1.675560712814331
1.6738407611846924
1.672133445739746
1.670426607131958
1.6687276363372803
1.667039155960083
1.6653590202331543
1.6636861562728882
1.6620163917541504
1.6603500843048096
1.658693790435791
1.6570475101470947
1.6554069519042969
1.6537708044052124
1.6521401405334473
1.6505136489868164
1.6488977670669556
1.6472890377044678
1.6456856727600098
1.6440863609313965
1.642496109008789
1.6409156322479248
1.639337182044983
1.6377683877944946
1.6362078189849854
1.6346502304077148
1.6330986022949219
1.6315557956695557
1.630018949508667
1.6284887790679932
1.6269705295562744
1.625453233718872
1.623939871788025
1.622438907623291
1.62094247341156
1.6194531917572021
1.6179711818695068
1.6164965629577637
1.6150262355804443
1.6135624647140503
1.612104058265686
1.6106489896774292
1.6092004776000977
1.6077580451965332
1.606319546699524
1.6048893928527832
1.6034674644470215
1.602047085762024
1.6006309986114502
1.5992255210876465
1.5978198051452637
1.5964237451553345
1.5950312614440918
1.593645691871643
1.5922681093215942
1.5908937454223633
1.5895237922668457
1.5881571769714355
1.5867981910705566
1.5854449272155762
1.584097146987915
1.5827550888061523
1.5814132690429688
1.5800799131393433
1.5787501335144043
1.577429175376892
1.5761098861694336
1.5747981071472168
1.5734896659851074
1.572185754776001
1.5708916187286377
1.5695996284484863
1.568312406539917
1.5670294761657715
1.5657505989074707
1.564476728439331
1.563209891319275
1.5619471073150635
1.5606880187988281
1.5594345331192017
1.558180570602417
1.5569344758987427
1.5556961297988892
1.5544610023498535
1.553229570388794
1.552005410194397
1.550786018371582
1.5495706796646118
1.5483603477478027
1.5471574068069458
1.5459551811218262
1.5447595119476318
1.5435678958892822
1.5423799753189087
1.5411975383758545
1.5400173664093018
1.5388412475585938
1.537670612335205
1.536505937576294
1.5353443622589111
1.5341862440109253
1.533036708831787
1.531890869140625
1.530747890472412
1.529609203338623
1.5284781455993652
1.5273473262786865
1.5262203216552734
1.5251023769378662
1.5239871740341187
1.5228753089904785
1.5217691659927368
1.5206652879714966
1.5195696353912354
1.5184767246246338
1.5173842906951904
1.516298770904541
1.5152150392532349
1.514136552810669
1.5130605697631836
1.5119872093200684
1.5109190940856934
1.5098543167114258
1.5087957382202148
1.5077418088912964
1.5066895484924316
1.5056390762329102
1.504595160484314
1.5035524368286133
1.5025125741958618
1.5014766454696655
1.500443696975708
1.4994179010391235
1.4983924627304077
1.4973722696304321
1.4963552951812744
1.4953417778015137
1.4943329095840454
1.4933240413665771
1.4923229217529297
1.491323471069336
1.490326166152954
1.4893335103988647
1.4883431196212769
1.4873580932617188
1.4863744974136353
1.4853947162628174
1.4844176769256592
1.4834433794021606
1.4824732542037964
1.4815049171447754
1.4805412292480469
1.4795806407928467
1.478625774383545
1.4776725769042969
1.4767224788665771
1.4757769107818604
1.4748347997665405
1.4738962650299072
1.4729602336883545
1.4720271825790405
1.4710965156555176
1.4701712131500244
1.4692455530166626
1.4683263301849365
1.4674080610275269
1.466494083404541
1.4655826091766357
1.464674472808838
1.4637701511383057
1.4628677368164062
1.4619704484939575
1.4610769748687744
1.4601871967315674
1.459296464920044
1.4584081172943115
1.4575287103652954
1.456648349761963
1.4557700157165527
1.4548962116241455
1.454024314880371
1.4531548023223877
1.4522894620895386
1.4514265060424805
1.450566053390503
1.449709415435791
1.4488539695739746
1.4479999542236328
1.4471478462219238
1.4463012218475342
1.4454550743103027
1.444610834121704
1.4437731504440308
1.4429347515106201
1.4421019554138184
1.4412708282470703
1.4404385089874268
1.4396129846572876
1.4387879371643066
1.437966227531433
1.437146782875061
1.4363312721252441
1.4355177879333496
1.434705138206482
1.4338955879211426
1.433090329170227
1.432283878326416
1.4314830303192139
1.430681824684143
1.4298818111419678
1.4290841817855835
1.4282910823822021
1.4274990558624268
1.4267083406448364
1.4259209632873535
1.4251325130462646
1.4243483543395996
1.4235645532608032
1.4227819442749023
1.4220027923583984
1.4212230443954468
1.4204469919204712
1.4196730852127075
1.4189002513885498
1.4181301593780518
1.417362928390503
1.416597604751587
1.41583251953125
1.4150710105895996
1.4143116474151611
1.4135527610778809
1.4127967357635498
1.4120430946350098
1.4112918376922607
1.410541296005249
1.4097959995269775
1.409050464630127
1.408308506011963
1.407569169998169
1.4068318605422974
1.4060956239700317
1.4053622484207153
1.4046322107315063
1.4039041996002197
1.403174638748169
1.4024488925933838
1.4017282724380493
1.401005506515503
1.4002842903137207
1.3995658159255981
1.3988529443740845
1.3981386423110962
1.3974272012710571
1.3967169523239136
1.3960094451904297
1.395303726196289
1.3945969343185425
1.3938947916030884
1.3931962251663208
1.3924987316131592
1.3918023109436035
1.391108512878418
1.3904156684875488
1.3897262811660767
1.3890374898910522
1.3883503675460815
1.387666940689087
1.3869832754135132
1.3863002061843872
1.3856216669082642
1.3849432468414307
1.3842668533325195
1.3835946321487427
1.3829219341278076
1.382250428199768
1.3815810680389404
1.3809148073196411
1.3802508115768433
1.3795863389968872
1.3789249658584595
1.3782660961151123
1.3776081800460815
1.3769515752792358
1.3762969970703125
1.3756444454193115
1.374991774559021
1.3743414878845215
1.373695969581604
1.3730497360229492
1.3724051713943481
1.3717634677886963
1.3711237907409668
1.370485544204712
1.3698484897613525
1.3692150115966797
1.368581771850586
1.3679524660110474
1.3673222064971924
1.3666954040527344
1.366068959236145
1.3654460906982422
1.3648240566253662
1.3642016649246216
1.3635807037353516
1.362960696220398
1.362343430519104
1.3617275953292847
1.3611116409301758
1.360499382019043
1.3598875999450684
1.3592778444290161
1.3586699962615967
1.3580654859542847
1.3574613332748413
1.3568577766418457
1.3562594652175903
1.3556604385375977
1.3550605773925781
1.3544652462005615
1.3538705110549927
1.3532781600952148
1.3526873588562012
1.3520987033843994
1.3515106439590454
1.3509242534637451
1.3503408432006836
1.349757432937622
1.3491759300231934
1.3485963344573975
1.3480172157287598
1.3474400043487549
1.3468654155731201
1.3462913036346436
1.3457180261611938
1.3451464176177979
1.344577431678772
1.3440102338790894
1.343443512916565
1.3428794145584106
1.3423175811767578
1.341754674911499
1.3411954641342163
1.3406355381011963
1.3400812149047852
1.3395256996154785
1.3389712572097778
1.338418960571289
1.3378700017929077
1.3373222351074219
1.336775302886963
1.3362290859222412
1.3356856107711792
1.3351420164108276
1.334600567817688
1.3340610265731812
1.3335232734680176
1.3329862356185913
1.3324506282806396
1.3319165706634521
1.3313848972320557
1.330854892730713
1.3303253650665283
1.3297966718673706
1.329271674156189
1.3287460803985596
1.3282212018966675
1.32769775390625
1.327176809310913
1.326656460762024
1.3261356353759766
1.3256173133850098
1.3251014947891235
1.3245869874954224
1.3240711688995361
1.32355797290802
1.3230472803115845
1.32253897190094
1.3220300674438477
1.3215227127075195
1.3210170269012451
1.3205111026763916
1.3200085163116455
1.3195054531097412
1.3190045356750488
1.3185049295425415
1.318006992340088
1.3175090551376343
1.3170114755630493
1.3165184259414673
1.3160244226455688
1.3155314922332764
1.3150395154953003
1.3145498037338257
1.3140614032745361
1.3135743141174316
1.31308913230896
1.3126037120819092
1.3121206760406494
1.3116388320922852
1.3111575841903687
1.310678482055664
1.3101999759674072
1.309722900390625
1.3092477321624756
1.3087737560272217
1.3083008527755737
1.307828426361084
1.307356595993042
1.306888461112976
1.306419014930725
1.3059512376785278
1.3054840564727783
1.3050198554992676
1.3045549392700195
1.3040906190872192
1.3036277294158936
1.3031651973724365
1.302704095840454
1.3022443056106567
1.3017845153808594
1.3013274669647217
1.3008692264556885
1.3004133701324463
1.2999597787857056
1.2995073795318604
1.299052357673645
1.2986000776290894
1.2981507778167725
1.2976996898651123
1.2972488403320312
1.2968002557754517
1.296351671218872
1.2959039211273193
1.295457124710083
1.2950127124786377
1.2945687770843506
1.2941246032714844
1.293683648109436
1.2932429313659668
1.2928013801574707
1.2923617362976074
1.2919232845306396
1.2914862632751465
1.2910494804382324
1.2906147241592407
1.290179967880249
1.2897462844848633
1.2893126010894775
1.288880705833435
1.2884495258331299
1.2880202531814575
1.287590742111206
1.2871636152267456
1.2867355346679688
1.2863085269927979
1.2858842611312866
1.2854593992233276
1.2850358486175537
1.2846126556396484
1.2841899394989014
1.283769130706787
1.2833483219146729
1.2829276323318481
1.2825086116790771
1.2820916175842285
1.2816734313964844
1.281257152557373
1.2808408737182617
1.280425786972046
1.2800114154815674
1.2795964479446411
1.2791836261749268
1.2787721157073975
1.2783609628677368
1.2779496908187866
1.2775404453277588
1.277130365371704
1.276721715927124
1.2763153314590454
1.2759082317352295
1.2755029201507568
1.2750985622406006
1.2746957540512085
1.2742924690246582
1.273890495300293
1.2734886407852173
1.27308988571167
1.272689700126648
1.2722909450531006
1.2718925476074219
1.2714968919754028
1.271101474761963
1.2707065343856812
1.2703113555908203
1.2699172496795654
1.269524097442627
1.269133448600769
1.2687418460845947
1.268350601196289
1.2679630517959595
1.2675739526748657
1.267185926437378
1.2667982578277588
1.2664105892181396
1.2660245895385742
1.2656400203704834
1.2652556896209717
1.264872670173645
1.2644912004470825
1.2641090154647827
1.2637293338775635
1.2633506059646606
1.2629722356796265
1.2625935077667236
1.2622170448303223
1.2618409395217896
1.261466145515442
1.2610915899276733
1.260718584060669
1.2603447437286377
1.259972333908081
1.25960111618042
1.2592297792434692
1.2588589191436768
1.258488655090332
1.2581205368041992
1.2577526569366455
1.2573856115341187
1.257017970085144
1.2566521167755127
1.2562878131866455
1.255922794342041
1.255558729171753
1.2551952600479126
1.25483238697052
1.254469394683838
1.2541086673736572
1.253746747970581
1.2533855438232422
1.2530264854431152
1.2526674270629883
1.2523088455200195
1.2519510984420776
1.2515958547592163
1.2512402534484863
1.2508856058120728
1.2505306005477905
1.2501764297485352
1.2498233318328857
1.2494721412658691
1.2491204738616943
1.2487714290618896
1.2484221458435059
1.2480734586715698
1.247725009918213
1.2473779916763306
1.2470314502716064
1.2466853857040405
1.2463406324386597
1.2459969520568848
1.2456533908843994
1.24531090259552
1.2449685335159302
1.2446273565292358
1.2442867755889893
1.243947148323059
1.2436083555221558
1.243269443511963
1.242932677268982
1.2425965070724487
1.2422592639923096
1.2419227361679077
1.2415887117385864
1.2412551641464233
1.2409204244613647
1.2405884265899658
1.240256905555725
1.2399253845214844
1.239595651626587
1.2392654418945312
1.2389355897903442
1.2386070489883423
1.238279938697815
1.2379525899887085
1.237626075744629
1.2373011112213135
1.2369765043258667
1.236650824546814
1.2363275289535522
1.2360050678253174
1.2356820106506348
1.2353594303131104
1.2350389957427979
1.234718680381775
1.2343990802764893
1.2340798377990723
1.233762264251709
1.2334439754486084
1.2331262826919556
1.2328100204467773
1.2324929237365723
1.2321770191192627
1.2318631410598755
1.2315499782562256
1.231235146522522
1.2309215068817139
1.2306095361709595
1.2302976846694946
1.2299842834472656
1.2296733856201172
1.229362964630127
1.2290533781051636
1.2287440299987793
1.2284364700317383
1.2281291484832764
1.227821946144104
1.2275159358978271
1.2272098064422607
1.2269039154052734
1.2265996932983398
1.2262951135635376
1.2259913682937622
1.2256884574890137
1.2253860235214233
1.225083827972412
1.2247827053070068
1.2244809865951538
1.2241806983947754
1.2238802909851074
1.223581075668335
1.2232823371887207
1.2229830026626587
1.2226850986480713
1.2223877906799316
1.2220906019210815
1.2217938899993896
1.2214986085891724
1.221203088760376
1.220908522605896
1.2206138372421265
1.2203186750411987
1.2200239896774292
1.2197308540344238
1.2194372415542603
1.2191452980041504
1.2188539505004883
1.2185624837875366
1.2182705402374268
1.2179791927337646
1.2176897525787354
1.217401385307312
1.2171120643615723
1.2168220281600952
1.2165344953536987
1.2162469625473022
1.2159608602523804
1.2156745195388794
1.2153886556625366
1.215104579925537
1.2148185968399048
1.214532494544983
1.214248776435852
1.2139654159545898
1.2136813402175903
1.2133980989456177
1.21311616897583
1.2128331661224365
1.2125515937805176
1.2122702598571777
1.2119886875152588
1.2117085456848145
1.2114284038543701
1.2111477851867676
1.210869550704956
1.2105909585952759
1.2103127241134644
1.2100353240966797
1.2097573280334473
1.2094813585281372
1.2092055082321167
1.2089289426803589
1.2086548805236816
1.2083792686462402
1.2081058025360107
1.207831859588623
1.2075583934783936
1.2072854042053223
1.2070133686065674
1.2067419290542603
1.2064707279205322
1.206198811531067
1.2059288024902344
1.2056589126586914
1.2053887844085693
1.2051196098327637
1.2048513889312744
1.2045828104019165
1.204315423965454
1.204047679901123
1.203779935836792
1.2035139799118042
1.2032475471496582
1.2029815912246704
1.2027161121368408
1.2024511098861694
1.202186942100525
1.2019232511520386
1.2016607522964478
1.2013969421386719
1.2011357545852661
1.2008740901947021
1.200613021850586
1.2003519535064697
1.2000911235809326
1.1998322010040283
1.1995728015899658
1.1993134021759033
1.1990549564361572
1.198796272277832
1.1985392570495605
1.1982818841934204
1.1980252265930176
1.1977702379226685
1.1975152492523193
1.1972591876983643
1.197004795074463
1.1967507600784302
1.1964972019195557
1.196244239807129
1.1959902048110962
1.1957370042800903
1.1954855918884277
1.195233941078186
1.1949821710586548
1.1947306394577026
1.1944799423217773
1.1942294836044312
1.1939797401428223
1.193730354309082
1.1934814453125
1.1932332515716553
1.1929841041564941
1.1927357912063599
1.1924878358840942
1.1922409534454346
1.1919946670532227
1.191749095916748
1.1915031671524048
1.1912567615509033
1.1910130977630615
1.1907682418823242
1.1905245780944824
1.190280795097351
1.1900379657745361
1.1897952556610107
1.1895533800125122
1.1893106698989868
1.189069390296936
1.1888288259506226
1.1885871887207031
1.188347578048706
1.1881077289581299
1.1878684759140015
1.1876285076141357
1.187389850616455
1.1871509552001953
1.1869126558303833
1.18667471408844
1.1864376068115234
1.1862001419067383
1.1859636306762695
1.1857277154922485
1.1854910850524902
1.185255765914917
1.1850197315216064
1.1847848892211914
1.1845495700836182
1.1843161582946777
1.18408203125
1.1838490962982178
1.1836167573928833
1.1833852529525757
1.1831517219543457
1.1829209327697754
1.182689905166626
1.1824582815170288
1.1822278499603271
1.1819968223571777
1.1817662715911865
1.1815366744995117
1.1813071966171265
1.1810777187347412
1.180849313735962
1.1806212663650513
1.1803934574127197
1.1801649332046509
1.1799378395080566
1.1797114610671997
1.1794849634170532
1.1792583465576172
1.1790324449539185
1.1788066625595093
1.1785824298858643
1.178356647491455
1.1781312227249146
1.1779069900512695
1.1776823997497559
1.1774592399597168
1.17723548412323
1.177011489868164
1.1767890453338623
1.1765658855438232
1.1763432025909424
1.1761205196380615
1.1758989095687866
1.1756775379180908
1.1754562854766846
1.175236463546753
1.1750155687332153
1.174796462059021
1.1745764017105103
1.1743584871292114
1.174139142036438
1.1739223003387451
1.173703908920288
1.1734880208969116
1.1732699871063232
1.1730549335479736
1.1728371381759644
1.1726218461990356
1.172404408454895
1.1721891164779663
1.171971082687378
1.1717555522918701
1.1715387105941772
1.1713240146636963
1.1711082458496094
1.1708955764770508
1.170680046081543
1.1704678535461426
1.1702550649642944
1.170045256614685
1.169833779335022
1.1696256399154663
1.169417142868042
1.1692126989364624
1.169005274772644
1.1688014268875122
1.168592095375061
1.1683851480484009
1.1681702136993408
1.1679589748382568
1.1677427291870117
1.1675307750701904
1.1673156023025513
1.16710364818573
1.1668912172317505
1.1666821241378784
1.1664719581604004
1.1662650108337402
1.1660577058792114
1.1658531427383423
1.1656486988067627
1.1654510498046875
1.1652544736862183
1.1650656461715698
1.1648783683776855
1.1646982431411743
1.1645095348358154
1.1643190383911133
1.1641067266464233
1.1638877391815186
1.1636524200439453
1.1634230613708496
1.1631971597671509
1.16298508644104
1.162780523300171
1.1625819206237793
1.1623916625976562
1.1622064113616943
1.1620354652404785
1.1618692874908447
1.1617186069488525
1.1615604162216187
1.16139817237854
1.1611934900283813
1.160965919494629
1.160702109336853
1.160443902015686
1.160198450088501
1.1599857807159424
1.1597963571548462
1.1596205234527588
1.1594620943069458
1.1593072414398193
1.1591672897338867
1.1590180397033691
1.1588680744171143
1.1586791276931763
1.158463954925537
1.1582006216049194
1.1579326391220093
1.1576666831970215
1.1574387550354004
1.157238483428955
1.157061219215393
1.1569041013717651
1.1567543745040894
1.1566252708435059
1.1564990282058716
1.156387209892273
1.156245231628418
1.156078815460205
1.155839443206787
1.155564785003662
1.1552543640136719
1.1549749374389648
1.154735803604126
1.1545476913452148
1.1543943881988525
1.1542582511901855
1.1541435718536377
1.1540319919586182
1.1539347171783447
1.1538078784942627
1.1536545753479004
1.1534217596054077
1.1531422138214111
1.152816891670227
1.1525224447250366
1.1522769927978516
1.1520938873291016
1.1519548892974854
1.15183424949646
1.1517391204833984
1.1516451835632324
1.1515705585479736
1.1514697074890137
1.151346206665039
1.151129961013794
1.1508511304855347
1.1504979133605957
1.1501636505126953
1.14988112449646
1.1496864557266235
1.1495530605316162
1.1494479179382324
1.1493654251098633
1.1492793560028076
1.1492072343826294
1.1490997076034546
1.1489628553390503
1.1487358808517456
1.1484531164169312
1.1481040716171265
1.1477783918380737
1.1475021839141846
1.14730703830719
1.1471713781356812
1.1470649242401123
1.1469899415969849
1.1469237804412842
1.1468878984451294
1.1468325853347778
1.1467643976211548
1.1465896368026733
1.1463255882263184
1.1459386348724365
1.145546793937683
1.1452008485794067
1.1449742317199707
1.144843339920044
1.1447616815567017
1.1447124481201172
1.1446665525436401
1.1446352005004883
1.144568920135498
1.1444752216339111
1.1442666053771973
1.1439822912216187
1.1435950994491577
1.1432154178619385
1.1428868770599365
1.1426643133163452
1.1425257921218872
1.1424369812011719
1.1423847675323486
1.1423437595367432
1.1423441171646118
1.1423405408859253
1.1423497200012207
1.1422652006149292
1.1420800685882568
1.1417028903961182
1.1412450075149536
1.140767216682434
1.140429139137268
1.1402565240859985
1.1402018070220947
1.1402007341384888
1.1401838064193726
1.1401536464691162
1.140052318572998
1.139898657798767
1.1396313905715942
1.1393110752105713
1.1389352083206177
1.1386018991470337
1.1383330821990967
1.1381516456604004
1.1380338668823242
1.137954592704773
1.1379292011260986
1.1379542350769043
1.1380820274353027
1.1382726430892944
1.138541579246521
1.1387091875076294
1.1387282609939575
1.1383435726165771
1.1376616954803467
1.1367926597595215
1.1361643075942993
1.1359318494796753
1.1360219717025757
1.1362099647521973
1.136277437210083
1.13617742061615
1.135844349861145
1.1353994607925415
1.1349176168441772
1.1345645189285278
1.1343672275543213
1.1342939138412476
1.134293794631958
1.134311318397522
1.1343706846237183
1.1344246864318848
1.1345016956329346
1.1344916820526123
1.1343914270401
1.134050965309143
1.13356614112854
1.1329749822616577
1.1325008869171143
1.1322259902954102
1.1321516036987305
1.1321887969970703
1.1322380304336548
1.1322840452194214
1.1322613954544067
1.1321933269500732
1.13199782371521
1.131711483001709
1.1312978267669678
1.1308813095092773
1.1305060386657715
1.1302549839019775
1.130112886428833
1.1300441026687622
1.130037784576416
1.1300793886184692
1.1302287578582764
1.1304855346679688
1.1308974027633667
1.1313282251358032
1.1317023038864136
1.131626844406128
1.1310715675354004
1.1299456357955933
1.1288484334945679
1.1281979084014893
1.128196120262146
1.128553032875061
1.1288408041000366
1.1288857460021973
1.128558874130249
1.1280094385147095
1.1273776292800903
1.1269375085830688
1.1267622709274292
1.1267825365066528
1.1268820762634277
1.126945972442627
1.126976490020752
1.1269023418426514
1.1267609596252441
1.1264852285385132
1.1261332035064697
1.1256966590881348
1.125305414199829
1.1249923706054688
1.1248036623001099
1.1247079372406006
1.1246670484542847
1.1246929168701172
1.1247845888137817
1.125022053718567
1.1254007816314697
1.125993251800537
1.1266037225723267
1.1271562576293945
1.1271132230758667
1.1264729499816895
1.1250556707382202
1.1236692667007446
1.1228933334350586
1.1229805946350098
1.1235188245773315
1.123921513557434
1.1239529848098755
1.123476266860962
1.122751235961914
1.1220308542251587
1.1216535568237305
1.1216318607330322
1.121781349182129
1.1219370365142822
1.121959924697876
1.1218708753585815
1.1216073036193848
1.1212526559829712
1.1208128929138184
1.1204171180725098
1.1200999021530151
1.1199054718017578
1.1198046207427979
1.1197614669799805
1.1197847127914429
1.119879961013794
1.1201311349868774
1.12056565284729
1.1212916374206543
1.1221753358840942
1.1231589317321777
1.1235339641571045
1.123185396194458
1.1215951442718506
1.1196720600128174
1.118266224861145
1.118118166923523
1.1188353300094604
1.11954927444458
1.1197657585144043
1.1192244291305542
1.1182767152786255
1.117343544960022
1.1169458627700806
1.117071509361267
1.117368221282959
1.1175563335418701
1.1174418926239014
1.1170878410339355
1.1165484189987183
1.1160457134246826
1.1156880855560303
1.1155365705490112
1.11553156375885
1.1155893802642822
1.1157028675079346
1.1158385276794434
1.1160392761230469
1.1162155866622925
1.116382122039795
1.1163427829742432
1.1160930395126343
1.1154797077178955
1.1147475242614746
1.1140528917312622
1.1136709451675415
1.1136081218719482
1.1137360334396362
1.1139317750930786
1.1140806674957275
1.1141880750656128
1.1141510009765625
1.113987922668457
1.1135984659194946
1.1131130456924438
1.1125781536102295
1.1121735572814941
1.111941933631897
1.1118718385696411
1.111907958984375
1.1120004653930664
1.1121903657913208
1.112486720085144
1.112983226776123
1.1136057376861572
1.1143667697906494
1.114809513092041
1.1147997379302979
1.1138256788253784
1.1123775243759155
1.1109026670455933
1.1102404594421387
1.1104624271392822
1.1110787391662598
1.1115882396697998
1.111623764038086
1.1112046241760254
1.1103838682174683
1.1096010208129883
1.1091448068618774
1.1091177463531494
1.1093376874923706
1.1095606088638306
1.10970938205719
1.1096688508987427
1.1094896793365479
1.1091015338897705
1.108630657196045
1.1081287860870361
1.1077674627304077
1.1075687408447266
1.1075130701065063
1.1075570583343506
1.1076675653457642
1.1079061031341553
1.1082910299301147
1.10894775390625
1.1098190546035767
1.1109269857406616
1.1117156744003296
1.1119751930236816
1.1108804941177368
1.1090372800827026
1.1069977283477783
1.1060395240783691
1.1063432693481445
1.1072349548339844
1.1079689264297485
1.1080026626586914
1.1073986291885376
1.1062874794006348
1.105358600616455
1.1050031185150146
1.1051955223083496
1.1055876016616821
1.1058213710784912
1.1058412790298462
1.105553388595581
1.105090618133545
1.1045054197311401
1.1040197610855103
1.1037172079086304
1.1036227941513062
1.1036670207977295
1.1037695407867432
1.103946566581726
1.1041927337646484
1.1045825481414795
1.1050361394882202
1.1055545806884766
1.1058112382888794
1.105765700340271
1.1050258874893188
1.1039470434188843
1.1027565002441406
1.102065086364746
1.1020125150680542
1.1023725271224976
1.1028193235397339
1.103071689605713
1.1030917167663574
1.1027436256408691
1.102183222770691
1.1014988422393799
1.1009786128997803
1.1007212400436401
1.1007153987884521
1.100858211517334
1.1010414361953735
1.1012967824935913
1.1015948057174683
1.102001667022705
1.1023730039596558
1.1026822328567505
1.1025983095169067
1.1021413803100586
1.1011500358581543
1.1001076698303223
1.0993242263793945
1.0991106033325195
1.0993410348892212
1.0997182130813599
1.1000820398330688
1.100278377532959
1.100302815437317
1.1000133752822876
1.0995111465454102
1.0988240242004395
1.0982275009155273
1.0978543758392334
1.0977611541748047
1.0978593826293945
1.0980454683303833
1.0983355045318604
1.0987298488616943
1.0993232727050781
1.1000462770462036
1.1009159088134766
1.1014840602874756
1.1016058921813965
1.1006345748901367
1.0990419387817383
1.0972845554351807
1.0964093208312988
1.096587061882019
1.0973159074783325
1.0980290174484253
1.0982959270477295
1.098073124885559
1.0972846746444702
1.0963406562805176
1.0955778360366821
1.095325231552124
1.0954939126968384
1.095819354057312
1.0961660146713257
1.0964062213897705
1.0965534448623657
1.096462368965149
1.0961639881134033
1.0955705642700195
1.094907283782959
1.0942986011505127
1.0939618349075317
1.0938925743103027
1.0939966440200806
1.0942111015319824
1.0944921970367432
1.0949114561080933
1.0954440832138062
1.0961588621139526
1.0968247652053833
1.0973730087280273
1.0971884727478027
1.0963717699050903
1.0947787761688232
1.0933061838150024
1.0925287008285522
1.0926885604858398
1.093357801437378
1.0939600467681885
1.094307541847229
1.0941481590270996
1.093616008758545
1.0927460193634033
1.0919523239135742
1.0914796590805054
1.0914344787597656
1.0916621685028076
1.0919636487960815
1.092305302619934
1.092625379562378
1.0929698944091797
1.0931522846221924
1.0931904315948486
1.0928186178207397
1.092159390449524
1.091227650642395
1.09044349193573
1.0900027751922607
1.0899821519851685
1.0902254581451416
1.0905482769012451
1.0909262895584106
1.091288447380066
1.091694951057434
1.0919444561004639
1.0920308828353882
1.0916441679000854
1.090905785560608
1.0898610353469849
1.0890074968338013
1.0885869264602661
1.088649868965149
1.0889912843704224
1.0893893241882324
1.0898265838623047
1.0902104377746582
1.090569019317627
1.090678095817566
1.0905203819274902
1.0898629426956177
1.0889557600021362
1.087974190711975
1.087374210357666
1.0872557163238525
1.0874898433685303
1.087894320487976
1.08832848072052
1.0888241529464722
1.0892716646194458
1.0896940231323242
1.0897446870803833
1.0894322395324707
1.0885273218154907
1.087412714958191
1.0864036083221436
1.0859737396240234
1.086105227470398
1.0865192413330078
1.087007999420166
1.0874093770980835
1.0877561569213867
1.0878698825836182
1.0877677202224731
1.0872340202331543
1.0864607095718384
1.085556149482727
1.084929347038269
1.0846999883651733
1.084816575050354
1.08513343334198
1.0855326652526855
1.0860891342163086
1.08678138256073
1.087708830833435
1.0885621309280396
1.089268445968628
1.0890408754348755
1.0879637002944946
1.0859640836715698
1.0842477083206177
1.0835380554199219
1.0839531421661377
1.08488929271698
1.0856740474700928
1.0861026048660278
1.0858474969863892
1.0850878953933716
1.0839205980300903
1.0829797983169556
1.0825976133346558
1.0827716588974
1.0832282304763794
1.0836968421936035
1.0841659307479858
1.0844939947128296
1.0847042798995972
1.0845332145690918
1.0840518474578857
1.0831414461135864
1.082214593887329
1.081531047821045
1.0813298225402832
1.0815045833587646
1.081843614578247
1.0822794437408447
1.0827447175979614
1.0833288431167603
1.0838497877120972
1.0842981338500977
1.0842540264129639
1.08371901512146
1.0824835300445557
1.0811876058578491
1.0802803039550781
1.0801241397857666
1.0805246829986572
1.0810985565185547
1.081691026687622
1.0821032524108887
1.0823569297790527
1.0821386575698853
1.08159601688385
1.0806593894958496
1.0797545909881592
1.0791263580322266
1.0789724588394165
1.0791760683059692
1.079544186592102
1.0800440311431885
1.0806623697280884
1.0815225839614868
1.0824618339538574
1.0835139751434326
1.0840122699737549
1.083884596824646
1.0824187994003296
1.080425500869751
1.0785527229309082
1.0778822898864746
1.0783735513687134
1.079373836517334
1.080368995666504
1.0809226036071777
1.0810067653656006
1.080253005027771
1.0790419578552246
1.0777370929718018
1.077030062675476
1.0770490169525146
1.0775220394134521
1.0781549215316772
1.0787092447280884
1.079215168952942
1.0794280767440796
1.0793721675872803
1.078744649887085
1.077824354171753
1.0767359733581543
1.0760003328323364
1.0757768154144287
1.0759823322296143
1.0764143466949463
1.0768883228302002
1.0774670839309692
1.0780407190322876
1.0786805152893066
1.0790467262268066
1.0790919065475464
1.0783523321151733
1.077134370803833
1.0756815671920776
1.0747697353363037
1.0746501684188843
1.0751097202301025
1.0757839679718018
1.0763592720031738
1.0768214464187622
1.0769187211990356
1.0767048597335815
1.075954556465149
1.0750166177749634
1.074097752571106
1.0736007690429688
1.073556661605835
1.07382071018219
1.0742703676223755
1.0748438835144043
1.0756783485412598
1.076742172241211
1.078183650970459
1.0794644355773926
1.0805275440216064
1.0800641775131226
1.0784320831298828
1.0754872560501099
1.0732183456420898
1.0726100206375122
1.0735572576522827
1.0750805139541626
1.0762468576431274
1.0767920017242432
1.0761538743972778
1.0747336149215698
1.0729442834854126
1.0719109773635864
1.0719516277313232
1.0726629495620728
1.0734965801239014
1.0740059614181519
1.0741733312606812
1.0737735033035278
1.073014736175537
1.0719797611236572
1.0711596012115479
1.0707675218582153
1.0708259344100952
1.0711610317230225
1.0715980529785156
1.072188138961792
1.0728833675384521
1.0738182067871094
1.074710726737976
1.0755221843719482
1.0754848718643188
1.074665904045105
1.0727219581604004
1.0708085298538208
1.0697033405303955
1.0698344707489014
1.0707225799560547
1.0716478824615479
1.0723568201065063
1.0724848508834839
1.0721213817596436
1.0710726976394653
1.0698933601379395
1.0689773559570312
1.0687133073806763
1.0689857006072998
1.0694878101348877
1.070082664489746
1.0706623792648315
1.0713099241256714
1.0717450380325317
1.071953535079956
1.0714354515075684
1.0704386234283447
1.06904935836792
1.067990779876709
1.0676006078720093
1.0678538084030151
1.068428874015808
1.0690053701400757
1.0695674419403076
1.0699408054351807
1.0701401233673096
1.0698329210281372
1.0691711902618408
1.0681357383728027
1.0671961307525635
1.0666109323501587
1.0665364265441895
1.0668202638626099
1.0672690868377686
1.0678985118865967
1.068691372871399
1.0698204040527344
1.0710747241973877
1.072475552558899
1.0731173753738403
1.0728518962860107
1.0708297491073608
1.0682271718978882
1.06609046459198
1.065688133239746
1.0666987895965576
1.0680876970291138
1.0692405700683594
1.0695631504058838
1.0691155195236206
1.0676647424697876
1.0660784244537354
1.0650163888931274
1.0649445056915283
1.0655624866485596
1.0663301944732666
1.067031741142273
1.0674065351486206
1.067482829093933
1.0669625997543335
1.066094160079956
1.064974308013916
1.0641555786132812
1.0638335943222046
1.063978672027588
1.0643982887268066
1.064926266670227
1.0656174421310425
1.0664430856704712
1.0674878358840942
1.0683766603469849
1.0690642595291138
1.0687130689620972
1.0675300359725952
1.065392017364502
1.063581109046936
1.062828540802002
1.0632580518722534
1.0642728805541992
1.0652111768722534
1.0658754110336304
1.0658930540084839
1.0653525590896606
1.0641601085662842
1.0629304647445679
1.062110424041748
1.0620077848434448
1.0624191761016846
1.063003420829773
1.063659429550171
1.0642707347869873
1.064880609512329
1.065171480178833
1.0651459693908691
1.0643787384033203
1.0632212162017822
1.0618997812271118
1.0610785484313965
1.0609489679336548
1.0613349676132202
1.0619521141052246
1.0625627040863037
1.0631996393203735
1.063674807548523
1.0640337467193604
1.0639005899429321
1.0633398294448853
1.0621871948242188
1.061002492904663
1.0601260662078857
1.0598888397216797
1.060166597366333
1.0606886148452759
1.0613771677017212
1.062164068222046
1.0631835460662842
1.0641998052597046
1.065219521522522
1.065476655960083
1.0649560689926147
1.0630918741226196
1.0609492063522339
1.0593339204788208
1.0590578317642212
1.0598305463790894
1.060928225517273
1.061983346939087
1.0625889301300049
1.0627450942993164
1.0619968175888062
1.0607171058654785
1.0592318773269653
1.0583410263061523
1.058257818222046
1.05875563621521
1.0595169067382812
1.060310959815979
1.0611765384674072
1.0618749856948853
1.062406063079834
1.062206745147705
1.061379075050354
1.0597559213638306
1.0582181215286255
1.057327389717102
1.0573982000350952
1.0580763816833496
1.058874487876892
1.0596657991409302
1.060228943824768
1.060560941696167
1.06026029586792
1.059486746788025
1.0582048892974854
1.0570545196533203
1.0564017295837402
1.0564128160476685
1.0568636655807495
1.0574805736541748
1.0582455396652222
1.0591175556182861
1.0602387189865112
1.0612742900848389
1.0622282028198242
1.0621951818466187
1.061285376548767
1.0590898990631104
1.0569038391113281
1.055600643157959
1.0557160377502441
1.0567448139190674
1.0579358339309692
1.0589956045150757
1.0594866275787354
1.05942702293396
1.0583728551864624
1.056870460510254
1.055408000946045
1.0547534227371216
1.0549527406692505
1.055625081062317
1.0564796924591064
1.05729079246521
1.0581251382827759
1.0586152076721191
1.058749794960022
1.0579966306686401
1.0567195415496826
1.0551271438598633
1.054076075553894
1.0538487434387207
1.054295539855957
1.0550611019134521
1.0558500289916992
1.0567123889923096
1.0574009418487549
1.0579336881637573
1.0577694177627563
1.0570344924926758
1.0555328130722046
1.0540465116500854
1.0530774593353271
1.0529849529266357
1.0535259246826172
1.0542999505996704
1.0551975965499878
1.0560835599899292
1.0570350885391235
1.0575727224349976
1.0576642751693726
1.0566914081573486
1.0551490783691406
1.0533392429351807
1.0522617101669312
1.0521798133850098
1.0528192520141602
1.053760051727295
1.0546560287475586
1.0555646419525146
1.0561437606811523
1.056368350982666
1.0556972026824951
1.0544483661651611
1.0527920722961426
1.0516152381896973
1.0512676239013672
1.0516610145568848
1.0524418354034424
1.053312063217163
1.0543345212936401
1.0553014278411865
1.0562589168548584
1.0565552711486816
1.056222677230835
1.0546777248382568
1.052748203277588
1.0510462522506714
1.0504575967788696
1.0509153604507446
1.051875114440918
1.0529797077178955
1.0539371967315674
1.0547831058502197
1.0549516677856445
1.054520606994629
1.053114414215088
1.0514624118804932
1.0500973463058472
1.0496752262115479
1.050085425376892
1.0508878231048584
1.0518693923950195
1.0528347492218018
1.053861141204834
1.0544995069503784
1.054634690284729
1.0536119937896729
1.0519739389419556
1.0500661134719849
1.0489964485168457
1.0490283966064453
1.0497846603393555
1.0507824420928955
1.0516440868377686
1.052346110343933
1.0524941682815552
1.0521761178970337
1.0510785579681396
1.0497534275054932
1.04856538772583
1.0480719804763794
1.048245906829834
1.0488085746765137
1.049607276916504
1.0505692958831787
1.051889181137085
1.0533878803253174
1.0551395416259766
1.0561795234680176
1.0563774108886719
1.0544099807739258
1.0514662265777588
1.0485050678253174
1.0474238395690918
1.0482724905014038
1.0499773025512695
1.051735758781433
1.0527633428573608
1.0529589653015137
1.0516357421875
1.0496042966842651
1.0476031303405762
1.0468242168426514
1.0473031997680664
1.0483675003051758
1.0494978427886963
1.0502718687057495
1.0507246255874634
1.0504224300384521
1.0495641231536865
1.0480897426605225
1.0467729568481445
1.046027660369873
1.0460540056228638
1.0465948581695557
1.0473397970199585
1.0482902526855469
1.0493202209472656
1.0506103038787842
1.0516092777252197
1.0522384643554688
1.0514965057373047
1.0497466325759888
1.0472289323806763
1.0455129146575928
1.0452439785003662
1.0461359024047852
1.0474539995193481
1.0485508441925049
1.0493228435516357
1.0492548942565918
1.0484951734542847
1.0469093322753906
1.0454005002975464
1.0445259809494019
1.044578194618225
1.0452394485473633
1.0460892915725708
1.047042727470398
1.047926425933838
1.0488049983978271
1.049117922782898
1.048886775970459
1.0475794076919556
1.0458570718765259
1.0442641973495483
1.0436431169509888
1.0439836978912354
1.0448124408721924
1.0457968711853027
1.0466681718826294
1.047438621520996
1.0476654767990112
1.047390103340149
1.046204686164856
1.044742226600647
1.043419361114502
1.042860746383667
1.0430500507354736
1.0436763763427734
1.0445536375045776
1.0455483198165894
1.0468149185180664
1.0481175184249878
1.049424171447754
1.0497468709945679
1.049041509628296
1.046640157699585
1.044039011001587
1.0423575639724731
1.0424023866653442
1.0436162948608398
1.0450612306594849
1.0463536977767944
1.0469634532928467
1.0468554496765137
1.0455434322357178
1.043747067451477
1.0421147346496582
1.0415406227111816
1.0419752597808838
1.0429021120071411
1.044028639793396
1.045147180557251
1.046324372291565
1.0469861030578613
1.0470492839813232
1.0458004474639893
1.0438634157180786
1.0418128967285156
1.0408506393432617
1.0411314964294434
1.0421128273010254
1.0432896614074707
1.04423189163208
1.0449551343917847
1.044985055923462
1.0444573163986206
1.0430456399917603
1.0415027141571045
1.0403422117233276
1.0400736331939697
1.0405216217041016
1.0412977933883667
1.042263388633728
1.0432980060577393
1.0445531606674194
1.0456135272979736
1.0464040040969849
1.04597806930542
1.0445812940597534
1.0421204566955566
1.040117859840393
1.0393577814102173
1.039917230606079
1.0411632061004639
1.042454719543457
1.043724775314331
1.0444469451904297
1.0446103811264038
1.04354727268219
1.0418387651443481
1.0398926734924316
1.0388109683990479
1.0388412475585938
1.0396208763122559
1.04072105884552
1.041832685470581
1.0429966449737549
1.0437759160995483
1.0440771579742432
1.0431365966796875
1.041460394859314
1.0394022464752197
1.038163423538208
1.038111686706543
1.0389000177383423
1.0400078296661377
1.0410298109054565
1.0420007705688477
1.0424715280532837
1.0424718856811523
1.041466236114502
1.0399808883666992
1.0383284091949463
1.0373884439468384
1.0373492240905762
1.0379505157470703
1.0388838052749634
1.0399247407913208
1.041206955909729
1.0424178838729858
1.043561577796936
1.043716311454773
1.0429576635360718
1.0407475233078003
1.038394570350647
1.0368160009384155
1.0367368459701538
1.0377376079559326
1.0390678644180298
1.040482997894287
1.0415610074996948
1.0422998666763306
1.0419425964355469
1.0406917333602905
1.0385507345199585
1.036765456199646
1.0359795093536377
1.036330223083496
1.0373321771621704
1.0384743213653564
1.0397270917892456
1.0407971143722534
1.0417481660842896
1.04170560836792
1.0408480167388916
1.0388679504394531
1.0368314981460571
1.0354753732681274
1.0353670120239258
1.0361663103103638
1.0372933149337769
1.038597583770752
1.0397852659225464
1.040925145149231
1.041257381439209
1.0408368110656738
1.039034128189087
1.0368708372116089
1.0350978374481201
1.0346248149871826
1.0352730751037598
1.0364201068878174
1.0377782583236694
1.039085865020752
1.0404064655303955
1.0409296751022339
1.0406038761138916
1.0387133359909058
1.0363974571228027
1.0344990491867065
1.034012794494629
1.0347362756729126
1.035964012145996
1.0373666286468506
1.0385574102401733
1.0395927429199219
1.0396920442581177
1.038935661315918
1.0369436740875244
1.0348762273788452
1.0335233211517334
1.0334680080413818
1.0343321561813354
1.0354865789413452
1.0367743968963623
1.037848711013794
1.038739800453186
1.0386371612548828
1.037725806236267
1.0357353687286377
1.0338325500488281
1.0327578783035278
1.0328912734985352
1.0337977409362793
1.034909725189209
1.0360914468765259
1.0370227098464966
1.0377492904663086
1.0375620126724243
1.0366308689117432
1.0347621440887451
1.03302800655365
1.0320616960525513
1.0321828126907349
1.03300940990448
1.0340591669082642
1.035261631011963
1.0363478660583496
1.0373945236206055
1.0376338958740234
1.0371208190917969
1.0353492498397827
1.0333073139190674
1.0317186117172241
1.0313808917999268
1.0320653915405273
1.0331685543060303
1.0344330072402954
1.0355688333511353
1.036643147468567
1.036921739578247
1.036501169204712
1.0348191261291504
1.032821774482727
1.0311901569366455
1.0307351350784302
1.0312987565994263
1.032360553741455
1.0337085723876953
1.0351334810256958
1.0367960929870605
1.0379785299301147
1.0386625528335571
1.0375102758407593
1.0352715253829956
1.0322932004928589
1.0304783582687378
1.0303878784179688
1.0315637588500977
1.0332181453704834
1.0346758365631104
1.0358721017837524
1.0360279083251953
1.0352745056152344
1.033204436302185
1.0310826301574707
1.0297701358795166
1.0298142433166504
1.0307815074920654
1.0320230722427368
1.0334151983261108
1.0346192121505737
1.0356755256652832
1.0356937646865845
1.0348267555236816
1.0326522588729858
1.0304632186889648
1.0291309356689453
1.0292038917541504
1.0302197933197021
1.0315053462982178
1.0328978300094604
1.033991813659668
1.03485107421875
1.0346065759658813
1.0335233211517334
1.0314043760299683
1.0294699668884277
1.0284425020217896
1.0286310911178589
1.0295969247817993
1.0308284759521484
1.032274842262268
1.0336570739746094
1.0350158214569092
1.035349726676941
1.0347236394882202
1.032421588897705
1.0298566818237305
1.0280718803405762
1.027978539466858
1.029114007949829
1.0306406021118164
1.0322593450546265
1.0334891080856323
1.0343272686004639
1.0337930917739868
1.0322341918945312
1.029739260673523
1.027860403060913
1.0272834300994873
1.0279464721679688
1.0292500257492065
1.0306541919708252
1.0321946144104004
1.03338623046875
1.034124493598938
1.0334036350250244
1.0316545963287354
1.029024600982666
1.027160882949829
1.0267484188079834
1.0275901556015015
1.0290076732635498
1.0304020643234253
1.0318061113357544
1.032637357711792
1.0328612327575684
1.0316171646118164
1.029611587524414
1.0273716449737549
1.0262062549591064
1.0263638496398926
1.0273637771606445
1.0287190675735474
1.030038833618164
1.031376838684082
1.0320926904678345
1.0321154594421387
1.0306370258331299
1.0284972190856934
1.0263723134994507
1.025533676147461
1.0260229110717773
1.0272032022476196
1.0286436080932617
1.029983639717102
1.0312877893447876
1.0317901372909546
1.031469702720642
1.0296409130096436
1.027362585067749
1.025462031364441
1.0249732732772827
1.0257118940353394
1.0269989967346191
1.0285090208053589
1.0298845767974854
1.0311601161956787
1.0314481258392334
1.0307708978652954
1.028578281402588
1.0262025594711304
1.0246140956878662
1.0245540142059326
1.0255954265594482
1.0269962549209595
1.0285420417785645
1.0298380851745605
1.030895709991455
1.0307321548461914
1.029593586921692
1.027231216430664
1.0250399112701416
1.023913025856018
1.0242149829864502
1.0253902673721313
1.0267486572265625
1.028199553489685
1.02933931350708
1.0301560163497925
1.0296778678894043
1.0282599925994873
1.025881290435791
1.0239815711975098
1.0233086347579956
1.0238920450210571
1.0251280069351196
1.0264378786087036
1.0278035402297974
1.0288047790527344
1.0294785499572754
1.028867244720459
1.0273871421813965
1.025084376335144
1.0233328342437744
1.0227357149124146
1.0232778787612915
1.0244336128234863
1.025730013847351
1.027232050895691
1.0285522937774658
1.0297322273254395
1.02968168258667
1.0286213159561157
1.026082158088684
1.023660659790039
1.022293210029602
1.0224859714508057
1.0237010717391968
1.0252419710159302
1.0270189046859741
1.028613805770874
1.0300384759902954
1.0300698280334473
1.0288950204849243
1.0260260105133057
1.02329421043396
1.0218086242675781
1.0221190452575684
1.0235544443130493
1.0252574682235718
1.0270516872406006
1.0283668041229248
1.0293070077896118
1.028564214706421
1.0267083644866943
1.0238333940505981
1.0217771530151367
1.0212974548339844
1.0222108364105225
1.023810863494873
1.025483250617981
1.0272692441940308
1.0284371376037598
1.0289793014526367
1.027585744857788
1.0251370668411255
1.0222892761230469
1.0208323001861572
1.0211074352264404
1.0224655866622925
1.024280071258545
1.0260059833526611
1.027677297592163
1.0282083749771118
1.0277048349380493
1.025322437286377
1.0225666761398315
1.0205612182617188
1.020365595817566
1.0215413570404053
1.0231850147247314
1.0249896049499512
1.026437759399414
1.0275166034698486
1.0270836353302002
1.025465488433838
1.02262282371521
1.0204180479049683
1.0197486877441406
1.0205731391906738
1.022130012512207
1.0237034559249878
1.0252748727798462
1.0261144638061523
1.0262432098388672
1.024760127067566
1.0225533246994019
1.0202751159667969
1.0192371606826782
1.0195729732513428
1.0207138061523438
1.0221973657608032
1.0236338376998901
1.0251086950302124
1.025840401649475
1.025803804397583
1.0240906476974487
1.0216951370239258
1.0194487571716309
1.0186659097671509
1.0193116664886475
1.0206586122512817
1.0222193002700806
1.023571252822876
1.0247588157653809
1.0248790979385376
1.02408766746521
1.0219230651855469
1.0196983814239502
1.0182864665985107
1.018296241760254
1.0193047523498535
1.0206907987594604
1.0223904848098755
1.024085521697998
1.0259184837341309
1.0266083478927612
1.026163935661316
1.0235764980316162
1.0204581022262573
1.0180976390838623
1.0178576707839966
1.0192375183105469
1.0211127996444702
1.0230531692504883
1.024375319480896
1.0250884294509888
1.0239890813827515
1.0218418836593628
1.0190950632095337
1.017477035522461
1.0174709558486938
1.0186147689819336
1.020302176475525
1.022068977355957
1.0239713191986084
1.0250991582870483
1.025360107421875
1.0234993696212769
1.0206804275512695
1.0178661346435547
1.0168204307556152
1.0175694227218628
1.019191861152649
1.0210530757904053
1.022538185119629
1.0236895084381104
1.023400068283081
1.0219957828521729
1.0193660259246826
1.0171821117401123
1.01632559299469
1.0169236660003662
1.0183303356170654
1.0199191570281982
1.021736741065979
1.0232235193252563
1.0243315696716309
1.02374267578125
1.02190363407135
1.0188167095184326
1.0164918899536133
1.0158820152282715
1.0168545246124268
1.018583059310913
1.0202962160110474
1.0219295024871826
1.0226575136184692
1.0225083827972412
1.020592451095581
1.0181005001068115
1.0159766674041748
1.0153855085372925
1.016158103942871
1.017547607421875
1.0191792249679565
1.0206302404403687
1.0219292640686035
1.0221349000930786
1.021324634552002
1.0189907550811768
1.0165685415267944
1.0150272846221924
1.0150537490844727
1.0161687135696411
1.017616868019104
1.0192108154296875
1.0205053091049194
1.0215330123901367
1.0212016105651855
1.0198346376419067
1.0173214673995972
