# adam, lr=0.01, alpha = 1000000, beta = 0.1
# best_iter: 2999, best_loss = 0.29822349548339844, imsave period = 300
178.2998809814453
165.30638122558594
151.62107849121094
137.19122314453125
122.48385620117188
108.05856323242188
94.42253875732422
82.13021850585938
71.60143280029297
63.03299331665039
56.325809478759766
51.10296630859375
46.8648796081543
43.168540954589844
39.76028823852539
36.577571868896484
33.65363311767578
31.0391902923584
28.74983787536621
26.76557731628418
25.047855377197266
23.545406341552734
22.215957641601562
21.028141021728516
19.959184646606445
18.989540100097656
18.102840423583984
17.284032821655273
16.52144432067871
15.80667495727539
15.136746406555176
14.510202407836914
13.924919128417969
13.380121231079102
12.873037338256836
12.399046897888184
11.95361614227295
11.532383918762207
11.133241653442383
10.754701614379883
10.396466255187988
10.058094024658203
9.738777160644531
9.436704635620117
9.150952339172363
8.880374908447266
8.623336791992188
8.379264831542969
8.147185325622559
7.9266252517700195
7.716585159301758
7.516534805297852
7.325553894042969
7.142995357513428
6.9681596755981445
6.8006367683410645
6.640112400054932
6.486288070678711
6.338636875152588
6.196964740753174
6.061061859130859
5.930588722229004
5.805192470550537
5.684638977050781
5.568743705749512
5.457149982452393
5.349705696105957
5.246372699737549
5.146762371063232
5.050726890563965
4.958118915557861
4.868772029876709
4.782539367675781
4.699240684509277
4.61869478225708
4.540742874145508
4.465322494506836
4.392313480377197
4.321595668792725
4.253109455108643
4.186692237854004
4.1222710609436035
4.059763431549072
3.9991157054901123
3.9402546882629395
3.8830924034118652
3.827498435974121
3.773488759994507
3.7209572792053223
3.6698849201202393
3.620244026184082
3.5719311237335205
3.5249063968658447
3.479106903076172
3.4344899654388428
3.390991687774658
3.348592519760132
3.3072376251220703
3.2668848037719727
3.2275259494781494
3.1891212463378906
3.1516265869140625
3.11500883102417
3.079249858856201
3.044339418411255
3.010213613510132
2.9768433570861816
2.944246292114258
2.912367582321167
2.8811464309692383
2.850566864013672
2.8206589221954346
2.79140567779541
2.762779712677002
2.7347614765167236
2.707315444946289
2.6804709434509277
2.6541988849639893
2.628434658050537
2.6031785011291504
2.5784027576446533
2.5541114807128906
2.5303094387054443
2.506988525390625
2.4840664863586426
2.4615681171417236
2.4395108222961426
2.417846918106079
2.396582841873169
2.3757266998291016
2.3552608489990234
2.3351290225982666
2.315345048904419
2.2959139347076416
2.2768118381500244
2.2580161094665527
2.2395691871643066
2.2214303016662598
2.2035717964172363
2.186009168624878
2.168722152709961
2.1517295837402344
2.135014533996582
2.1185684204101562
2.1023762226104736
2.086439371109009
2.0707480907440186
2.055306911468506
2.040109634399414
2.0251379013061523
2.0104081630706787
1.9958972930908203
1.9816091060638428
1.967532753944397
1.9536670446395874
1.9400110244750977
1.9265460968017578
1.9132698774337769
1.9001822471618652
1.887292504310608
1.8745920658111572
1.8620620965957642
1.849705696105957
1.8375104665756226
1.825517177581787
1.813685417175293
1.8020120859146118
1.7905076742172241
1.7791460752487183
1.7679343223571777
1.7568788528442383
1.7459796667099
1.735211968421936
1.724587082862854
1.7140904664993286
1.7037227153778076
1.6934924125671387
1.6833951473236084
1.6734224557876587
1.6635655164718628
1.6538326740264893
1.6442204713821411
1.6347284317016602
1.6253514289855957
1.6160870790481567
1.606933832168579
1.5978903770446777
1.5889571905136108
1.5801455974578857
1.5714237689971924
1.5627998113632202
1.5542831420898438
1.5458767414093018
1.5375468730926514
1.5293090343475342
1.52117121219635
1.5131261348724365
1.5051660537719727
1.4973070621490479
1.489545464515686
1.4818577766418457
1.474255919456482
1.4667460918426514
1.4593231678009033
1.4519860744476318
1.4447218179702759
1.4375354051589966
1.4304349422454834
1.42342209815979
1.4164761304855347
1.4096102714538574
1.4028165340423584
1.3960976600646973
1.3894492387771606
1.382869005203247
1.3763595819473267
1.36991286277771
1.3635364770889282
1.3572295904159546
1.350982427597046
1.3447961807250977
1.3386752605438232
1.3326151371002197
1.3266160488128662
1.3206841945648193
1.3148120641708374
1.308997631072998
1.303244948387146
1.297539234161377
1.2918933629989624
1.2863006591796875
1.280756950378418
1.2752673625946045
1.2698302268981934
1.2644470930099487
1.2591102123260498
1.253830075263977
1.2486017942428589
1.2434155941009521
1.2382721900939941
1.2331864833831787
1.2281428575515747
1.2231457233428955
1.2181904315948486
1.2132834196090698
1.208426833152771
1.203608751296997
1.1988368034362793
1.1941018104553223
1.1894103288650513
1.1847600936889648
1.1801470518112183
1.175580620765686
1.1710550785064697
1.1665644645690918
1.1621168851852417
1.157706379890442
1.1533328294754028
1.1490015983581543
1.1447029113769531
1.1404445171356201
1.1362197399139404
1.132035255432129
1.1278903484344482
1.1237750053405762
1.1196998357772827
1.1156576871871948
1.111649990081787
1.1076774597167969
1.1037368774414062
1.0998249053955078
1.095942497253418
1.0920997858047485
1.0882906913757324
1.084510326385498
1.080757975578308
1.077038049697876
1.073346734046936
1.0696848630905151
1.0660511255264282
1.0624468326568604
1.058870553970337
1.0553209781646729
1.0517966747283936
1.048301339149475
1.044834017753601
1.0413953065872192
1.037980079650879
1.0345916748046875
1.0312286615371704
1.0278903245925903
1.0245792865753174
1.0212901830673218
1.0180280208587646
1.0147898197174072
1.0115771293640137
1.0083873271942139
1.0052201747894287
1.0020776987075806
0.9989539384841919
0.995857298374176
0.9927840232849121
0.9897328615188599
0.9867039918899536
0.9836989641189575
0.9807162284851074
0.9777531623840332
0.9748096466064453
0.9718887209892273
0.9689897298812866
0.9661115407943726
0.9632537364959717
0.9604146480560303
0.9575954675674438
0.9547998905181885
0.9520246982574463
0.9492630958557129
0.9465236067771912
0.9438045024871826
0.9411042332649231
0.9384205341339111
0.9357553720474243
0.9331102967262268
0.9304845929145813
0.9278775453567505
0.9252876043319702
0.9227161407470703
0.9201624393463135
0.9176281690597534
0.9151095151901245
0.9126083850860596
0.9101259708404541
0.9076604843139648
0.9052125215530396
0.9027789831161499
0.9003602266311646
0.897960901260376
0.8955733180046082
0.8931993246078491
0.8908467292785645
0.8885064125061035
0.8861805200576782
0.8838704824447632
0.8815757036209106
0.87929368019104
0.8770269155502319
0.8747748136520386
0.8725352883338928
0.8703100681304932
0.8680990934371948
0.865902304649353
0.8637212514877319
0.861553430557251
0.8593994379043579
0.8572577834129333
0.8551303148269653
0.8530153036117554
0.8509132266044617
0.8488236665725708
0.8467478156089783
0.8446825742721558
0.8426305651664734
0.8405894041061401
0.8385611772537231
0.836546778678894
0.83454430103302
0.8325526714324951
0.8305742144584656
0.8286052346229553
0.8266493082046509
0.8247053623199463
0.8227726221084595
0.8208523988723755
0.8189424276351929
0.8170435428619385
0.8151562809944153
0.8132807016372681
0.811415433883667
0.8095617294311523
0.8077176809310913
0.8058835864067078
0.8040608763694763
0.8022485971450806
0.8004454374313354
0.7986537218093872
0.7968727946281433
0.7951005697250366
0.7933400869369507
0.7915907502174377
0.789850652217865
0.7881199717521667
0.7864020466804504
0.7846932411193848
0.782995343208313
0.781305193901062
0.7796279191970825
0.7779594659805298
0.7762991189956665
0.7746487855911255
0.77301025390625
0.7713809609413147
0.7697590589523315
0.7681462168693542
0.7665432691574097
0.7649496793746948
0.7633649706840515
0.761789083480835
0.7602208852767944
0.7586619257926941
0.7571113109588623
0.7555685043334961
0.7540357112884521
0.752510666847229
0.7509946823120117
0.7494869232177734
0.7479883432388306
0.7464964389801025
0.7450137138366699
0.7435392737388611
0.7420730590820312
0.7406153678894043
0.7391647696495056
0.7377204298973083
0.7362854480743408
0.7348577976226807
0.7334373593330383
0.732025146484375
0.7306204438209534
0.729223370552063
0.7278323173522949
0.7264499664306641
0.7250745296478271
0.7237065434455872
0.7223461270332336
0.7209924459457397
0.7196451425552368
0.7183070778846741
0.7169750928878784
0.7156507968902588
0.7143330574035645
0.7130228281021118
0.7117197513580322
0.7104233503341675
0.7091326713562012
0.7078493237495422
0.7065718173980713
0.705302357673645
0.704038143157959
0.702779233455658
0.7015281915664673
0.7002837657928467
0.6990455389022827
0.6978132724761963
0.6965860724449158
0.6953659653663635
0.6941509246826172
0.6929427981376648
0.6917399168014526
0.6905441284179688
0.6893537044525146
0.6881691217422485
0.686991810798645
0.6858199834823608
0.6846530437469482
0.6834926605224609
0.6823381781578064
0.6811903715133667
0.6800475120544434
0.6789097785949707
0.6777781248092651
0.6766518354415894
0.6755313277244568
0.6744159460067749
0.6733058094978333
0.6722017526626587
0.6711031198501587
0.670008659362793
0.6689211130142212
0.6678391098976135
0.6667618751525879
0.665691614151001
0.664624810218811
0.6635630130767822
0.6625071167945862
0.6614539623260498
0.660407543182373
0.6593668460845947
0.658331036567688
0.6572998762130737
0.6562738418579102
0.6552516222000122
0.6542360782623291
0.6532258987426758
0.6522202491760254
0.6512193083763123
0.6502245664596558
0.6492345333099365
0.6482492685317993
0.6472687721252441
0.6462926864624023
0.6453214287757874
0.6443557739257812
0.6433930397033691
0.6424346566200256
0.6414821147918701
0.6405333280563354
0.6395894885063171
0.6386499404907227
0.6377139687538147
0.6367818713188171
0.6358544826507568
0.6349305510520935
0.6340122222900391
0.6330962181091309
0.6321849822998047
0.6312786936759949
0.6303757429122925
0.6294769048690796
0.6285814046859741
0.6276906132698059
0.6268038749694824
0.6259211897850037
0.6250423192977905
0.6241673231124878
0.6232966780662537
0.6224298477172852
0.6215671300888062
0.6207084059715271
0.6198539733886719
0.619002103805542
0.6181553602218628
0.6173117160797119
0.6164718866348267
0.6156356334686279
0.6148028373718262
0.6139742732048035
0.6131490468978882
0.6123279333114624
0.6115105152130127
0.6106958389282227
0.6098847389221191
0.6090770959854126
0.608272135257721
0.60747230052948
0.6066755056381226
0.6058814525604248
0.6050914525985718
0.6043049097061157
0.6035217046737671
0.6027430295944214
0.6019664406776428
0.6011929512023926
0.6004238128662109
0.5996575355529785
0.5988941192626953
0.5981343984603882
0.597378134727478
0.5966240167617798
0.5958738327026367
0.5951268672943115
0.5943827629089355
0.5936415195465088
0.5929039716720581
0.5921696424484253
0.591437578201294
0.5907101631164551
0.5899848937988281
0.5892623662948608
0.5885428786277771
0.5878270864486694
0.5871144533157349
0.5864050388336182
0.5856990218162537
0.5849957466125488
0.5842957496643066
0.5835983157157898
0.5829039216041565
0.5822122097015381
0.5815243721008301
0.5808384418487549
0.5801554918289185
0.5794756412506104
0.5787982940673828
0.5781237483024597
0.5774517059326172
0.5767824649810791
0.5761160850524902
0.5754525065422058
0.5747918486595154
0.5741338729858398
0.573478639125824
0.572826623916626
0.5721771717071533
0.571529746055603
0.5708858966827393
0.570244550704956
0.569606363773346
0.5689703226089478
0.5683366060256958
0.5677062273025513
0.5670783519744873
0.5664528608322144
0.5658303499221802
0.5652099847793579
0.5645925998687744
0.5639770030975342
0.5633645057678223
0.56275475025177
0.5621471405029297
0.561541736125946
0.5609385371208191
0.5603376626968384
0.5597397089004517
0.5591443777084351
0.5585509538650513
0.5579595565795898
0.557371199131012
0.5567848682403564
0.5562000274658203
0.5556180477142334
0.5550380945205688
0.5544610619544983
0.5538853406906128
0.5533120632171631
0.5527424812316895
0.5521743297576904
0.5516085624694824
0.5510448813438416
0.5504838228225708
0.5499244928359985
0.5493667125701904
0.5488114953041077
0.5482580661773682
0.5477070808410645
0.5471587181091309
0.5466122031211853
0.5460668802261353
0.5455243587493896
0.5449838638305664
0.5444449186325073
0.5439088940620422
0.5433744788169861
0.5428423881530762
0.5423121452331543
0.5417839288711548
0.5412577390670776
0.5407335758209229
0.5402111411094666
0.5396908521652222
0.5391722917556763
0.5386556386947632
0.5381407737731934
0.5376282930374146
0.5371175408363342
0.5366086959838867
0.5361013412475586
0.5355960130691528
0.5350924730300903
0.5345903635025024
0.5340900421142578
0.5335912704467773
0.5330944061279297
0.5325998663902283
0.5321063995361328
0.5316151976585388
0.5311257243156433
0.5306378602981567
0.5301514863967896
0.5296674966812134
0.5291845798492432
0.5287039875984192
0.5282249450683594
0.5277473330497742
0.5272719264030457
0.5267980098724365
0.5263257026672363
0.5258551836013794
0.5253866910934448
0.5249197483062744
0.5244543552398682
0.5239908695220947
0.523529052734375
0.5230686664581299
0.5226101875305176
0.5221531391143799
0.5216977596282959
0.5212438106536865
0.5207910537719727
0.520340085029602
0.5198908448219299
0.5194430351257324
0.5189964771270752
0.5185514688491821
0.5181084275245667
0.5176666378974915
0.5172262191772461
0.5167877674102783
0.5163511037826538
0.5159155130386353
0.5154809951782227
0.5150488018989563
0.5146176218986511
0.5141876935958862
0.5137596130371094
0.5133329629898071
0.5129075050354004
0.512483537197113
0.5120608806610107
0.5116399526596069
0.5112202167510986
0.5108022093772888
0.5103861689567566
0.5099703073501587
0.5095566511154175
0.5091447830200195
0.5087335109710693
0.5083240270614624
0.5079162120819092
0.5075091123580933
0.5071039199829102
0.5066998600959778
0.5062974691390991
0.5058959722518921
0.5054960250854492
0.505097508430481
0.5047006011009216
0.5043047666549683
0.5039098262786865
0.5035167932510376
0.5031248331069946
0.5027340650558472
0.5023443102836609
0.5019561052322388
0.5015693306922913
0.5011840462684631
0.5007995367050171
0.5004165172576904
0.5000349283218384
0.4996543526649475
0.499275267124176
0.49889689683914185
0.49852052330970764
0.4981449842453003
0.4977703094482422
0.497397243976593
0.4970255494117737
0.4966548681259155
0.49628520011901855
0.49591684341430664
0.4955499470233917
0.4951837360858917
0.49481889605522156
0.49445533752441406
0.4940929412841797
0.49373143911361694
0.49337106943130493
0.4930118918418884
0.4926542043685913
0.4922979474067688
0.4919423460960388
0.49158793687820435
0.49123531579971313
0.4908832311630249
0.49053287506103516
0.4901835024356842
0.48983535170555115
0.48948851227760315
0.48914217948913574
0.4887974262237549
0.48845356702804565
0.48811113834381104
0.4877694845199585
0.487429141998291
0.4870898127555847
0.4867513179779053
0.48641371726989746
0.4860776960849762
0.48574298620224
0.48540908098220825
0.48507606983184814
0.4847443103790283
0.4844135642051697
0.4840836524963379
0.4837551414966583
0.48342782258987427
0.48310136795043945
0.48277580738067627
0.48245158791542053
0.4821283519268036
0.48180580139160156
0.481484591960907
0.4811641573905945
0.4808446764945984
0.48052653670310974
0.4802093505859375
0.47989320755004883
0.4795777201652527
0.4792636036872864
0.47895023226737976
0.4786373972892761
0.4783252477645874
0.4780147969722748
0.4777049422264099
0.4773961901664734
0.4770882725715637
0.47678112983703613
0.4764751195907593
0.4761695861816406
0.4758650064468384
0.47556155920028687
0.47525909543037415
0.4749574065208435
0.47465670108795166
0.47435683012008667
0.47405824065208435
0.47376003861427307
0.47346317768096924
0.47316721081733704
0.47287195920944214
0.4725777208805084
0.4722844958305359
0.471992164850235
0.47170037031173706
0.47140997648239136
0.47111988067626953
0.4708307385444641
0.4705427289009094
0.4702550768852234
0.4699689745903015
0.46968334913253784
0.4693983197212219
0.4691140651702881
0.46883082389831543
0.46854811906814575
0.46826645731925964
0.46798545122146606
0.46770524978637695
0.4674258232116699
0.4671471416950226
0.46686944365501404
0.4665927290916443
0.4663163125514984
0.46604079008102417
0.46576568484306335
0.4654915928840637
0.4652184844017029
0.46494603157043457
0.4646742045879364
0.46440285444259644
0.4641323685646057
0.4638628363609314
0.4635940194129944
0.4633257985115051
0.46305859088897705
0.4627918601036072
0.4625258445739746
0.46226102113723755
0.46199652552604675
0.4617331027984619
0.46147048473358154
0.4612079858779907
0.46094614267349243
0.460685670375824
0.4604261815547943
0.4601668417453766
0.45990830659866333
0.45965060591697693
0.45939362049102783
0.4591371715068817
0.4588814079761505
0.4586261510848999
0.4583719074726105
0.45811790227890015
0.4578648805618286
0.4576123356819153
0.4573604166507721
0.457109272480011
0.45685875415802
0.45660877227783203
0.45635947585105896
0.45611101388931274
0.45586317777633667
0.45561569929122925
0.4553689956665039
0.4551226794719696
0.45487695932388306
0.45463186502456665
0.4543876051902771
0.4541438817977905
0.45390084385871887
0.45365822315216064
0.4534163475036621
0.45317524671554565
0.45293474197387695
0.45269519090652466
0.4524560272693634
0.4522174596786499
0.4519795775413513
0.45174241065979004
0.4515058994293213
0.45127004384994507
0.45103466510772705
0.45079970359802246
0.4505654275417328
0.4503321051597595
0.4500992000102997
0.44986671209335327
0.4496349096298218
0.44940391182899475
0.44917336106300354
0.44894373416900635
0.4487144351005554
0.44848597049713135
0.4482578635215759
0.4480304718017578
0.4478037655353546
0.44757789373397827
0.44735217094421387
0.4471273422241211
0.4469032287597656
0.44667965173721313
0.44645681977272034
0.4462345838546753
0.446012943983078
0.44579192996025085
0.44557103514671326
0.4453513026237488
0.44513189792633057
0.44491323828697205
0.44469472765922546
0.4444769024848938
0.44426000118255615
0.44404327869415283
0.44382715225219727
0.4436114430427551
0.44339630007743835
0.443181574344635
0.44296765327453613
0.44275403022766113
0.44254088401794434
0.4423285722732544
0.44211655855178833
0.44190514087677
0.44169414043426514
0.441483736038208
0.44127368927001953
0.4410642087459564
0.4408552050590515
0.44064658880233765
0.4404386281967163
0.4402308464050293
0.4400239884853363
0.43981724977493286
0.43961095809936523
0.43940529227256775
0.43920013308525085
0.43899548053741455
0.43879103660583496
0.43858712911605835
0.4383837580680847
0.4381810128688812
0.4379785656929016
0.4377765655517578
0.4375752806663513
0.43737438321113586
0.4371737539768219
0.43697360157966614
0.43677401542663574
0.4365750253200531
0.43637651205062866
0.43617814779281616
0.43598049879074097
0.43578338623046875
0.43558669090270996
0.4353905916213989
0.4351947605609894
0.4349994957447052
0.4348045885562897
0.4346100986003876
0.4344162940979004
0.4342227578163147
0.4340294897556305
0.43383699655532837
0.43364477157592773
0.4334529638290405
0.43326181173324585
0.43307071924209595
0.43288037180900574
0.4326903522014618
0.43250083923339844
0.4323117733001709
0.4321228861808777
0.43193432688713074
0.4317465126514435
0.4315590560436249
0.43137186765670776
0.43118521571159363
0.4309992790222168
0.43081343173980713
0.43062806129455566
0.43044304847717285
0.4302583932876587
0.43007397651672363
0.42989033460617065
0.4297071099281311
0.42952409386634827
0.42934149503707886
0.4291588068008423
0.42897704243659973
0.4287952482700348
0.4286137819290161
0.4284331500530243
0.428252637386322
0.428072452545166
0.4278927445411682
0.4277133643627167
0.4275343418121338
0.42735573649406433
0.4271773099899292
0.4269995093345642
0.42682206630706787
0.4266449511051178
0.4264681935310364
0.42629194259643555
0.42611584067344666
0.4259403944015503
0.4257654845714569
0.4255906343460083
0.42541640996932983
0.42524248361587524
0.42506876587867737
0.42489537596702576
0.42472267150878906
0.4245501160621643
0.4243779182434082
0.42420637607574463
0.42403510212898254
0.42386436462402344
0.4236937165260315
0.4235233664512634
0.4233534336090088
0.4231838583946228
0.42301464080810547
0.422845721244812
0.42267730832099915
0.42250895500183105
0.4223410487174988
0.4221733808517456
0.42200613021850586
0.42183923721313477
0.4216727018356323
0.421506404876709
0.42134034633636475
0.4211750030517578
0.4210096597671509
0.4208446741104126
0.4206801950931549
0.42051592469215393
0.420352041721344
0.4201886057853699
0.42002543807029724
0.4198625087738037
0.41970014572143555
0.4195382297039032
0.4193763732910156
0.4192148447036743
0.41905373334884644
0.4188929498195648
0.41873258352279663
0.4185723066329956
0.41841238737106323
0.4182531237602234
0.41809388995170593
0.41793495416641235
0.41777655482292175
0.4176180958747864
0.41746002435684204
0.4173024296760559
0.417145311832428
0.41698819398880005
0.41683149337768555
0.41667497158050537
0.4165189266204834
0.4163629412651062
0.41620737314224243
0.4160524010658264
0.4158972501754761
0.41574251651763916
0.41558778285980225
0.4154335856437683
0.4152796268463135
0.41512569785118103
0.41497212648391724
0.41481897234916687
0.41466623544692993
0.4145132899284363
0.41436129808425903
0.4142090976238251
0.41405725479125977
0.41390562057495117
0.413754403591156
0.4136034846305847
0.4134528636932373
0.41330254077911377
0.4131525754928589
0.4130029082298279
0.4128534197807312
0.41270434856414795
0.41255509853363037
0.4124065339565277
0.4122583866119385
0.41211044788360596
0.41196268796920776
0.4118153750896454
0.4116683006286621
0.4115211069583893
0.41137462854385376
0.41122815012931824
0.4110819101333618
0.4109364151954651
0.4107908606529236
0.4106455147266388
0.41050058603286743
0.410355806350708
0.410211443901062
0.41006723046302795
0.40992340445518494
0.4097796678543091
0.40963611006736755
0.40949302911758423
0.4093502163887024
0.4092073440551758
0.4090649485588074
0.4089227318763733
0.4087808132171631
0.40863943099975586
0.4084981381893158
0.40835705399513245
0.40821656584739685
0.40807604789733887
0.40793576836586
0.407795786857605
0.40765607357025146
0.4075167179107666
0.40737754106521606
0.4072387218475342
0.40709996223449707
0.4069615602493286
0.40682369470596313
0.4066856801509857
0.40654826164245605
0.40641075372695923
0.4062735438346863
0.4061364531517029
0.40599972009658813
0.40586337447166443
0.405727356672287
0.40559130907058716
0.4054555594921112
0.40532010793685913
0.4051850736141205
0.4050501585006714
0.40491563081741333
0.4047811031341553
0.40464717149734497
0.4045131206512451
0.40437939763069153
0.40424609184265137
0.40411296486854553
0.4039801061153412
0.4038476347923279
0.4037152826786041
0.40358322858810425
0.40345144271850586
0.40331995487213135
0.4031885862350464
0.403057336807251
0.40292635560035706
0.40279561281204224
0.4026654362678528
0.40253520011901855
0.4024052023887634
0.4022754430770874
0.4021458029747009
0.4020164906978607
0.4018874168395996
0.40175843238830566
0.40162980556488037
0.40150126814842224
0.401373028755188
0.40124475955963135
0.40111690759658813
0.400989294052124
0.4008617699146271
0.40073439478874207
0.40060728788375854
0.40048059821128845
0.4003538489341736
0.4002273678779602
0.40010127425193787
0.3999751806259155
0.3998492360115051
0.3997235894203186
0.39959844946861267
0.39947307109832764
0.3993479609489441
0.39922305941581726
0.3990984559059143
0.39897412061691284
0.39885014295578003
0.3987261652946472
0.39860236644744873
0.39847907423973083
0.39835596084594727
0.3982327878475189
0.3981098532676697
0.3979874849319458
0.39786505699157715
0.39774268865585327
0.3976207971572876
0.3974989950656891
0.3973773717880249
0.39725595712661743
0.39713460206985474
0.39701342582702637
0.39689260721206665
0.3967719078063965
0.39665132761001587
0.3965310752391815
0.3964107632637024
0.39629068970680237
0.39617106318473816
0.3960514962673187
0.39593198895454407
0.39581298828125
0.3956940472126007
0.39557504653930664
0.3954564034938812
0.3953379988670349
0.39521971344947815
0.39510148763656616
0.3949834704399109
0.3948657810688019
0.3947482109069824
0.39463067054748535
0.39451342821121216
0.3943963944911957
0.39427947998046875
0.3941628038883209
0.3940461277961731
0.39392971992492676
0.39381343126296997
0.39369744062423706
0.3935815691947937
0.3934657573699951
0.39335039258003235
0.3932349681854248
0.393119752407074
0.393004834651947
0.3928900361061096
0.39277541637420654
0.39266085624694824
0.3925464153289795
0.3924323320388794
0.3923184275627136
0.3922044634819031
0.39209073781967163
0.3919773995876312
0.39186400175094604
0.3917508125305176
0.3916378319263458
0.3915250897407532
0.39141231775283813
0.3912997841835022
0.3911873698234558
0.3910751938819885
0.39096325635910034
0.3908512592315674
0.3907397985458374
0.39062824845314026
0.390516996383667
0.3904057741165161
0.39029479026794434
0.39018377661705017
0.39007318019866943
0.3899627923965454
0.38985252380371094
0.389742374420166
0.3896324634552002
0.3895225524902344
0.38941293954849243
0.38930368423461914
0.38919442892074585
0.38908544182777405
0.3889765739440918
0.38886788487434387
0.38875943422317505
0.3886512517929077
0.38854286074638367
0.38843482732772827
0.3883269727230072
0.38821932673454285
0.38811194896698
0.3880046010017395
0.38789722323417664
0.3877902626991272
0.3876833915710449
0.3875766694545746
0.3874701261520386
0.38736385107040405
0.38725745677948
0.3871515989303589
0.38704556226730347
0.3869398832321167
0.3868342936038971
0.38672900199890137
0.3866237998008728
0.38651883602142334
0.3864140510559082
0.3863091468811035
0.3862047791481018
0.386100172996521
0.38599586486816406
0.3858918249607086
0.3857877552509308
0.3856838345527649
0.3855801820755005
0.38547658920288086
0.38537320494651794
0.38526996970176697
0.38516682386398315
0.38506394624710083
0.38496133685112
0.38485878705978394
0.3847559690475464
0.384653776884079
0.3845517039299011
0.3844495713710785
0.38434773683547974
0.3842461109161377
0.3841446042060852
0.38404324650764465
0.3839418888092041
0.38384079933166504
0.3837398290634155
0.38363897800445557
0.38353830575942993
0.3834378123283386
0.3833373486995697
0.38323718309402466
0.38313692808151245
0.3830370306968689
0.38293716311454773
0.3828374147415161
0.3827378451824188
0.3826383352279663
0.3825390338897705
0.38243985176086426
0.38234081864356995
0.38224178552627563
0.3821430206298828
0.38204437494277954
0.3819458484649658
0.38184744119644165
0.3817492127418518
0.38165122270584106
0.3815530836582184
0.3814551532268524
0.38135746121406555
0.381259948015213
0.38116246461868286
0.3810650706291199
0.3809678256511688
0.3808708190917969
0.3807738125324249
0.3806767165660858
0.3805800676345825
0.3804834485054016
0.3803870379924774
0.38029080629348755
0.38019469380378723
0.3800986409187317
0.3800027370452881
0.37990713119506836
0.379811555147171
0.3797159194946289
0.37962058186531067
0.379525363445282
0.37943035364151
0.37933534383773804
0.3792405426502228
0.3791458308696747
0.3790512681007385
0.3789566457271576
0.37886229157447815
0.37876805663108826
0.3786739408969879
0.3785797953605652
0.3784860372543335
0.3783923387527466
0.3782985806465149
0.3782050609588623
0.37811169028282166
0.378018319606781
0.377925306558609
0.3778321444988251
0.3777393102645874
0.37764662504196167
0.37755393981933594
0.3774614632129669
0.3773691654205322
0.37727677822113037
0.3771846890449524
0.37709301710128784
0.3770010471343994
0.37690913677215576
0.37681761384010315
0.37672626972198486
0.37663498520851135
0.37654367089271545
0.37645262479782104
0.3763617277145386
0.3762708902359009
0.3761802911758423
0.376089870929718
0.375999391078949
0.37590909004211426
0.37581899762153625
0.375728964805603
0.37563902139663696
0.3755492866039276
0.3754596710205078
0.37537017464637756
0.3752807676792145
0.3751913905143738
0.37510228157043457
0.3750131130218506
0.3749241828918457
0.3748352527618408
0.3747466206550598
0.3746579587459564
0.3745694160461426
0.3744809329509735
0.374392569065094
0.37430447340011597
0.37421637773513794
0.3741283714771271
0.37404048442840576
0.3739526867866516
0.3738650381565094
0.37377747893333435
0.3736899495124817
0.37360265851020813
0.3735153079032898
0.37342801690101624
0.37334099411964417
0.37325406074523926
0.3731673061847687
0.3730805516242981
0.3729938566684723
0.372907429933548
0.37282082438468933
0.37273454666137695
0.37264835834503174
0.3725621700286865
0.37247616052627563
0.37239018082618713
0.3723042905330658
0.3722184896469116
0.3721327483654022
0.3720471262931824
0.371961772441864
0.3718762695789337
0.37179088592529297
0.3717057704925537
0.3716205954551697
0.37153559923171997
0.3714506924152374
0.3713659644126892
0.3712812066078186
0.3711966276168823
0.3711121082305908
0.37102776765823364
0.37094342708587646
0.3708592355251312
0.37077516317367554
0.37069106101989746
0.3706073760986328
0.3705236613750458
0.37043994665145874
0.37035641074180603
0.3702731430530548
0.37018996477127075
0.37010684609413147
0.3700237274169922
0.3699406385421753
0.3698577582836151
0.36977487802505493
0.36969226598739624
0.369609534740448
0.36952704191207886
0.3694445490837097
0.3693622350692749
0.36928001046180725
0.3691977560520172
0.3691156506538391
0.3690337836742401
0.3689518868923187
0.36886999011039734
0.3687882423400879
0.36870667338371277
0.36862504482269287
0.3685435354709625
0.36846211552619934
0.36838093400001526
0.3682997226715088
0.36821866035461426
0.3681375980377197
0.36805662512779236
0.3679758906364441
0.3678950369358063
0.36781442165374756
0.367733895778656
0.36765334010124207
0.36757293343544006
0.3674926161766052
0.3674125075340271
0.3673323094844818
0.3672521710395813
0.36717212200164795
0.3670925199985504
0.3670126795768738
0.3669329881668091
0.36685338616371155
0.36677393317222595
0.3666945695877075
0.3666152358055115
0.36653605103492737
0.36645692586898804
0.3663778305053711
0.3662989139556885
0.3662201166152954
0.36614128947257996
0.36606261134147644
0.36598390340805054
0.3659052848815918
0.3658268451690674
0.3657485246658325
0.3656701445579529
0.3655920922756195
0.36551395058631897
0.3654358983039856
0.36535799503326416
0.3652799129486084
0.3652021586894989
0.3651244640350342
0.36504676938056946
0.36496907472610474
0.36489152908325195
0.36481401324272156
0.36473652720451355
0.3646591305732727
0.36458197236061096
0.36450472474098206
0.364427775144577
0.3643507659435272
0.3642737865447998
0.36419689655303955
0.36412012577056885
0.3640434443950653
0.3639669120311737
0.3638903796672821
0.36381396651268005
0.36373764276504517
0.36366134881973267
0.36358505487442017
0.36350899934768677
0.36343300342559814
0.3633570075035095
0.36328113079071045
0.3632054328918457
0.36312976479530334
0.3630541265010834
0.3629785180091858
0.36290302872657776
0.3628275990486145
0.362752228975296
0.36267685890197754
0.3626015782356262
0.3625265657901764
0.362451434135437
0.3623763620853424
0.36230143904685974
0.36222654581069946
0.3621518313884735
0.36207714676856995
0.3620024025440216
0.36192798614501953
0.36185356974601746
0.3617791533470154
0.36170485615730286
0.36163073778152466
0.36155661940574646
0.36148253083229065
0.36140871047973633
0.36133483052253723
0.3612610101699829
0.36118730902671814
0.36111366748809814
0.36104023456573486
0.36096683144569397
0.3608933985233307
0.36082011461257935
0.3607468903064728
0.3606736958026886
0.3606005609035492
0.3605276942253113
0.3604547083377838
0.3603817820549011
0.36030900478363037
0.36023637652397156
0.3601638078689575
0.36009112000465393
0.36001870036125183
0.35994642972946167
0.35987403988838196
0.3598017692565918
0.3597295880317688
0.35965752601623535
0.35958537459373474
0.35951340198516846
0.3594415485858917
0.35936957597732544
0.3592977523803711
0.3592261075973511
0.3591543734073639
0.3590829372406006
0.3590114116668701
0.3589400053024292
0.35886868834495544
0.35879749059677124
0.3587264120578766
0.35865533351898193
0.3585844039916992
0.3585135042667389
0.3584426939487457
0.3583718538284302
0.3583011329174042
0.3582306504249573
0.3581603169441223
0.3580898642539978
0.35801976919174194
0.357949435710907
0.35787931084632874
0.35780924558639526
0.3577391505241394
0.35766923427581787
0.3575993478298187
0.3575296401977539
0.3574599027633667
0.35739028453826904
0.3573206961154938
0.35725128650665283
0.35718172788619995
0.3571123480796814
0.3570428788661957
0.3569735884666443
0.35690438747406006
0.35683512687683105
0.35676589608192444
0.3566970229148865
0.356627881526947
0.3565589189529419
0.3564900755882263
0.3564213216304779
0.3563525676727295
0.3562840521335602
0.3562154471874237
0.3561468720436096
0.3560783863067627
0.35600996017456055
0.35594165325164795
0.35587358474731445
0.3558053970336914
0.3557371497154236
0.3556690216064453
0.35560113191604614
0.35553309321403503
0.3554651737213135
0.3553972840309143
0.3553294241428375
0.35526177287101746
0.3551940321922302
0.3551263213157654
0.35505881905555725
0.3549913763999939
0.35492396354675293
0.3548566401004791
0.35478946566581726
0.35472214221954346
0.3546549677848816
0.35458794236183167
0.35452091693878174
0.3544539213180542
0.35438695549964905
0.35432013869285583
0.354253351688385
0.35418665409088135
0.35412001609802246
0.3540536165237427
0.35398703813552856
0.3539205491542816
0.35385432839393616
0.35378792881965637
0.35372164845466614
0.3536556363105774
0.3535894751548767
0.3535233736038208
0.35345736145973206
0.35339146852493286
0.3533255457878113
0.35325977206230164
0.3531939387321472
0.35312825441360474
0.35306254029273987
0.35299691557884216
0.35293135046958923
0.35286587476730347
0.35280048847198486
0.3527352213859558
0.35266995429992676
0.3526046574115753
0.35253962874412537
0.35247448086738586
0.35240939259529114
0.3523445129394531
0.35227957367897034
0.3522147834300995
0.352150022983551
0.3520853519439697
0.3520207703113556
0.35195621848106384
0.3518919050693512
0.3518272638320923
0.35176292061805725
0.35169875621795654
0.3516344130039215
0.351570188999176
0.35150617361068726
0.3514420986175537
0.3513779938220978
0.351313978433609
0.3512500822544098
0.35118627548217773
0.3511224389076233
0.3510587215423584
0.35099512338638306
0.35093146562576294
0.35086795687675476
0.3508044183254242
0.35074108839035034
0.35067760944366455
0.3506142497062683
0.3505510091781616
0.3504878878593445
0.3504246473312378
0.3503614664077759
0.3502984642982483
0.3502354323863983
0.3501725196838379
0.35010969638824463
0.35004690289497375
0.3499840497970581
0.3499212861061096
0.3498586416244507
0.34979599714279175
0.3497334122657776
0.3496708869934082
0.3496083617210388
0.3495458662509918
0.3494834899902344
0.3494212329387665
0.3493589758872986
0.3492967188358307
0.3492344915866852
0.34917235374450684
0.34911033511161804
0.349048376083374
0.34898632764816284
0.34892430901527405
0.3488624691963196
0.3488008379936218
0.34873896837234497
0.3486773669719696
0.3486159145832062
0.3485543131828308
0.3484927713871002
0.348431259393692
0.3483699560165405
0.3483085036277771
0.34824711084365845
0.3481858968734741
0.3481246531009674
0.3480634093284607
0.34800225496292114
0.3479410707950592
0.34787994623184204
0.3478189706802368
0.34775781631469727
0.3476966917514801
0.3476359248161316
0.347574919462204
0.34751400351524353
0.3474530875682831
0.347392201423645
0.3473314642906189
0.34727078676223755
0.3472100496292114
0.34714943170547485
0.34708887338638306
0.3470281958580017
0.3469676673412323
0.34690725803375244
0.34684669971466064
0.3467864394187927
0.3467261493206024
0.3466658294200897
0.34660565853118896
0.346545547246933
0.3464854061603546
0.34642529487609863
0.34636539220809937
0.3463054299354553
0.34624558687210083
0.3461857736110687
0.34612607955932617
0.3460663855075836
0.3460066020488739
0.3459469676017761
0.3458874821662903
0.345828115940094
0.34576860070228577
0.3457092046737671
0.34564992785453796
0.34559059143066406
0.3455314636230469
0.3454723358154297
0.34541311860084534
0.34535425901412964
0.345295250415802
0.3452363610267639
0.3451775312423706
0.34511876106262207
0.34505999088287354
0.34500133991241455
0.34494274854660034
0.3448842763900757
0.3448256552219391
0.34476715326309204
0.34470880031585693
0.34465041756629944
0.3445920944213867
0.34453386068344116
0.3444755971431732
0.3444174528121948
0.34435930848121643
0.34430116415023804
0.34424322843551636
0.34418532252311707
0.34412744641304016
0.34406962990760803
0.34401190280914307
0.3439541161060333
0.3438963294029236
0.34383881092071533
0.34378117322921753
0.34372368454933167
0.3436662554740906
0.3436087667942047
0.34355127811431885
0.3434939980506897
0.3434367775917053
0.34337952733039856
0.3433222472667694
0.3432651460170746
0.34320807456970215
0.3431508541107178
0.3430939018726349
0.3430370092391968
0.3429800271987915
0.342923104763031
0.34286633133888245
0.3428094685077667
0.3427525758743286
0.3426958918571472
0.3426392376422882
0.3425825536251068
0.3425258696079254
0.3424692153930664
0.3424127697944641
0.34235629439353943
0.3422997295856476
0.34224334359169006
0.342186838388443
0.3421304225921631
0.34207412600517273
0.34201788902282715
0.3419616222381592
0.3419053554534912
0.34184929728507996
0.3417932391166687
0.34173721075057983
0.34168121218681335
0.3416251540184021
0.34156930446624756
0.34151339530944824
0.34145769476890564
0.3414019048213959
0.34134620428085327
0.34129050374031067
0.34123495221138
0.3411793112754822
0.3411237895488739
0.3410682678222656
0.3410128355026245
0.34095755219459534
0.34090232849121094
0.34084707498550415
0.3407919406890869
0.34073686599731445
0.34068167209625244
0.3406265377998352
0.3405716121196747
0.34051671624183655
0.34046193957328796
0.3404070734977722
0.34035226702690125
0.3402976095676422
0.3402429223060608
0.34018826484680176
0.3401336371898651
0.3400791883468628
0.34002476930618286
0.33997035026550293
0.339915931224823
0.3398614525794983
0.33980733156204224
0.3397531509399414
0.3396989703178406
0.33964475989341736
0.33959057927131653
0.33953651785850525
0.33948248624801636
0.33942854404449463
0.3393746316432953
0.3393206298351288
0.339266836643219
0.33921295404434204
0.33915913105010986
0.33910542726516724
0.3390517234802246
0.3389979898929596
0.3389444053173065
0.33889076113700867
0.338837206363678
0.33878380060195923
0.3387303650379181
0.33867692947387695
0.33862364292144775
0.33857035636901855
0.3385171890258789
0.33846405148506165
0.3384109437465668
0.3383578360080719
0.33830493688583374
0.3382519483566284
0.3381989300251007
0.33814603090286255
0.33809322118759155
0.33804041147232056
0.33798763155937195
0.3379349708557129
0.3378823399543762
0.3378297686576843
0.33777719736099243
0.3377246856689453
0.3376722037792206
0.3376197814941406
0.33756738901138306
0.3375149369239807
0.3374626040458679
0.3374103009700775
0.33735811710357666
0.3373059630393982
0.3372536301612854
0.33720162510871887
0.3371496796607971
0.3370975852012634
0.3370455503463745
0.3369937539100647
0.33694183826446533
0.33688992261886597
0.33683815598487854
0.3367864787578583
0.33673468232154846
0.3366829752922058
0.33663132786750793
0.33657974004745483
0.33652809262275696
0.33647650480270386
0.3364250063896179
0.3363734483718872
0.33632200956344604
0.33627060055732727
0.33621931076049805
0.33616796135902405
0.3361165225505829
0.33606526255607605
0.336014062166214
0.33596283197402954
0.33591169118881226
0.3358604609966278
0.33580926060676575
0.33575814962387085
0.3357071280479431
0.33565592765808105
0.3356049358844757
0.3355538547039032
0.33550286293029785
0.33545196056365967
0.33540093898773193
0.335349977016449
0.3352990746498108
0.3352481424808502
0.3351973295211792
0.33514660596847534
0.3350958228111267
0.3350451588630676
0.33499449491500854
0.3349438011646271
0.33489319682121277
0.3348425626754761
0.33479201793670654
0.33474138379096985
0.33469077944755554
0.33464035391807556
0.33458995819091797
0.3345395028591156
0.33448919653892517
0.3344387412071228
0.33438846468925476
0.3343382477760315
0.3342878818511963
0.3342377245426178
0.3341876268386841
0.3341374099254608
0.33408740162849426
0.33403730392456055
0.3339873254299164
0.3339373469352722
0.3338874578475952
0.33383750915527344
0.33378762006759644
0.333737850189209
0.33368808031082153
0.33363834023475647
0.33358851075172424
0.33353888988494873
0.33348923921585083
0.3334396481513977
0.3333900570869446
0.3333405554294586
0.33329105377197266
0.3332415819168091
0.3331920802593231
0.3331426680088043
0.33309340476989746
0.33304405212402344
0.3329947590827942
0.33294546604156494
0.3328962028026581
0.33284705877304077
0.33279794454574585
0.3327487111091614
0.33269965648651123
0.3326505720615387
0.3326015770435333
0.3325524926185608
0.3325035274028778
0.3324546813964844
0.33240577578544617
0.3323568105697632
0.3323080539703369
0.33225929737091064
0.332210510969162
0.3321617841720581
0.3321131467819214
0.3320644795894623
0.33201584219932556
0.33196741342544556
0.331918865442276
0.33187034726142883
0.3318219780921936
0.33177363872528076
0.33172523975372314
0.33167704939842224
0.3316287398338318
0.3315805196762085
0.3315322697162628
0.33148419857025146
0.3314360976219177
0.33138808608055115
0.3313400149345398
0.33129218220710754
0.3312442898750305
0.3311963677406311
0.3311486840248108
0.3311009407043457
0.3310530483722687
0.331005334854126
0.33095782995224
0.3309100866317749
0.330862432718277
0.3308149576187134
0.33076751232147217
0.3307200074195862
0.33067262172698975
0.33062517642974854
0.33057788014411926
0.3305305242538452
0.3304831385612488
0.3304358124732971
0.33038854598999023
0.33034130930900574
0.330294132232666
0.33024707436561584
0.3301998972892761
0.3301527202129364
0.33010566234588623
0.3300585448741913
0.33001163601875305
0.3299644887447357
0.3299175798892975
0.3298706114292145
0.32982364296913147
0.3297768533229828
0.329729825258255
0.32968294620513916
0.32963621616363525
0.32958948612213135
0.32954278588294983
0.32949599623680115
0.32944926619529724
0.3294026553630829
0.32935598492622375
0.32930922508239746
0.32926249504089355
0.329215943813324
0.3291693925857544
0.3291228711605072
0.32907629013061523
0.32902979850769043
0.3289833962917328
0.32893693447113037
0.32889047265052795
0.3288441598415375
0.32879772782325745
0.32875147461891174
0.32870519161224365
0.32865893840789795
0.328612744808197
0.32856646180152893
0.3285202383995056
0.32847410440444946
0.32842791080474854
0.3283817768096924
0.32833564281463623
0.32828956842422485
0.3282434344291687
0.3281974196434021
0.32815131545066833
0.3281051814556122
0.32805928587913513
0.328013151884079
0.32796722650527954
0.3279212415218353
0.3278752267360687
0.3278292417526245
0.3277835249900818
0.32773762941360474
0.3276917338371277
0.32764601707458496
0.32760030031204224
0.3275546431541443
0.3275088965892792
0.32746320962905884
0.3274174630641937
0.3273719549179077
0.327326238155365
0.3272807002067566
0.32723522186279297
0.327189564704895
0.32714414596557617
0.32709866762161255
0.3270533084869385
0.327007919549942
0.326962411403656
0.32691702246665955
0.32687175273895264
0.3268265128135681
0.32678109407424927
0.32673585414886475
0.326690673828125
0.3266453146934509
0.3266001343727112
0.3265550434589386
0.326509952545166
0.32646486163139343
0.32641977071762085
0.3263747990131378
0.32632970809936523
0.3262847065925598
0.32623979449272156
0.3261948227882385
0.32614994049072266
0.32610511779785156
0.3260602653026581
0.32601550221443176
0.32597067952156067
0.3259258568286896
0.3258811831474304
0.32583650946617126
0.3257918059825897
0.32574713230133057
0.3257024884223938
0.3256579041481018
0.32561320066452026
0.32556867599487305
0.3255240321159363
0.32547956705093384
0.325435072183609
0.32539045810699463
0.32534611225128174
0.3253017067909241
0.3252573013305664
0.32521310448646545
0.32516875863075256
0.3251243531703949
0.3250800669193268
0.3250359892845154
0.3249918222427368
0.3249475955963135
0.3249034285545349
0.3248594403266907
0.3248152732849121
0.32477128505706787
0.32472726702690125
0.32468345761299133
0.3246394395828247
0.32459554076194763
0.32455170154571533
0.32450783252716064
0.3244640827178955
0.3244202136993408
0.3243764638900757
0.3243327736854553
0.32428911328315735
0.32424548268318176
0.32420170307159424
0.3241581320762634
0.32411450147628784
0.3240709602832794
0.324027419090271
0.323983758687973
0.32394033670425415
0.32389697432518005
0.323853462934494
0.3238101303577423
0.32376667857170105
0.3237232565879822
0.32368001341819763
0.32363662123680115
0.323593407869339
0.32355016469955444
0.3235069811344147
0.3234637677669525
0.3234206438064575
0.32337749004364014
0.32333439588546753
0.3232913315296173
0.32324832677841187
0.3232053220272064
0.32316237688064575
0.3231194019317627
0.3230764865875244
0.32303357124328613
0.32299068570137024
0.3229478895664215
0.3229050636291504
0.32286226749420166
0.32281941175460815
0.32277679443359375
0.3227340877056122
0.32269132137298584
0.3226486146450043
0.32260608673095703
0.32256338000297546
0.3225207030773163
0.32247820496559143
0.32243576645851135
0.32239317893981934
0.32235077023506165
0.32230836153030396
0.32226595282554626
0.3222235143184662
0.3221811056137085
0.32213887572288513
0.3220965564250946
0.3220542073249817
0.3220119774341583
0.3219697177410126
0.3219275176525116
0.3218854069709778
0.32184329628944397
0.32180118560791016
0.32175910472869873
0.3217170238494873
0.32167506217956543
0.321632981300354
0.32159101963043213
0.32154902815818787
0.32150721549987793
0.32146528363227844
0.3214234709739685
0.3213816285133362
0.3213396966457367
0.3212980031967163
0.32125625014305115
0.3212145268917084
0.3211727738380432
0.32113105058670044
0.32108941674232483
0.32104772329330444
0.3210061490535736
0.3209645450115204
0.3209228515625
0.320881187915802
0.32083964347839355
0.32079803943634033
0.32075661420822144
0.32071518898010254
0.3206736445426941
0.3206321895122528
0.3205907642841339
0.3205494284629822
0.32050803303718567
0.32046669721603394
0.32042545080184937
0.32038414478302
0.32034289836883545
0.3203016519546509
0.3202604651451111
0.3202192485332489
0.3201780915260315
0.3201369643211365
0.32009580731391907
0.32005470991134644
0.32001373171806335
0.3199727535247803
0.3199317455291748
0.3198907971382141
0.3198499083518982
0.3198089599609375
0.31976795196533203
0.3197271525859833
0.31968629360198975
0.31964555382728577
0.319604754447937
0.31956392526626587
0.3195231854915619
0.3194825351238251
0.31944185495376587
0.3194012939929962
0.3193606734275818
0.3193201422691345
0.3192795515060425
0.31923907995224
0.3191985785961151
0.31915807723999023
0.3191175162792206
0.3190770447254181
0.3190365433692932
0.31899622082710266
0.31895583868026733
0.31891557574272156
0.31887516379356384
0.3188348710536957
0.3187946677207947
0.3187543451786041
0.31871408224105835
0.3186738193035126
0.31863367557525635
0.31859344244003296
0.3185533583164215
0.3185132145881653
0.31847310066223145
0.3184329569339752
0.31839296221733093
0.3183528482913971
0.3183128535747528
0.31827279925346375
0.31823277473449707
0.3181927800178528
0.31815287470817566
0.318112850189209
0.31807297468185425
0.31803297996520996
0.3179931938648224
0.31795334815979004
0.3179134428501129
0.31787365674972534
0.31783393025398254
0.31779414415359497
0.3177543878555298
0.3177146911621094
0.31767499446868896
0.3176352381706238
0.3175956904888153
0.31755608320236206
0.3175163269042969
0.31747686862945557
0.3174372613430023
0.3173977732658386
0.3173583149909973
0.31731879711151123
0.3172793388366699
0.31724002957344055
0.31720060110092163
0.3171612024307251
0.31712180376052856
0.31708240509033203
0.31704312562942505
0.31700387597084045
0.31696459650993347
0.31692537665367126
0.31688618659973145
0.3168469965457916
0.31680795550346375
0.3167688250541687
0.31672972440719604
0.316690593957901
0.3166516125202179
0.3166125416755676
0.31657350063323975
0.3165346682071686
0.3164956271648407
0.3164566159248352
0.3164176940917969
0.31637877225875854
0.31633979082107544
0.3163008987903595
0.3162621855735779
0.3162232041358948
0.3161843419075012
0.31614553928375244
0.31610673666000366
0.3160678744316101
0.3160293400287628
0.31599047780036926
0.31595179438591003
0.31591302156448364
0.3158743381500244
0.3158356845378876
0.31579703092575073
0.31575843691825867
0.3157198429107666
0.3156813979148865
0.3156428039073944
0.3156042993068695
0.3155658543109894
0.3155273497104645
0.31548887491226196
0.315450519323349
0.31541216373443604
0.31537383794784546
0.3153354823589325
0.31529709696769714
0.31525886058807373
0.31522053480148315
0.3151823878288269
0.3151441514492035
0.3151059150695801
0.3150678873062134
0.31502968072891235
0.31499162316322327
0.3149535655975342
0.3149155378341675
0.3148774802684784
0.3148394823074341
0.314801424741745
0.3147634267807007
0.31472545862197876
0.314687579870224
0.3146496117115021
0.3146117329597473
0.31457382440567017
0.31453588604927063
0.31449800729751587
0.31446024775505066
0.3144224286079407
0.3143845200538635
0.3143467605113983
0.3143090307712555
0.31427133083343506
0.31423360109329224
0.31419599056243896
0.31415826082229614
0.31412065029144287
0.31408318877220154
0.3140454888343811
0.3140079975128174
0.31397053599357605
0.31393301486968994
0.31389546394348145
0.3138580024242401
0.3138205409049988
0.3137831389904022
0.3137456476688385
0.3137083351612091
0.31367096304893494
0.3136335611343384
0.31359633803367615
0.3135591149330139
0.3135218024253845
0.3134846091270447
0.31344735622406006
0.31341010332107544
0.31337296962738037
0.3133358359336853
0.31329864263534546
0.3132615387439728
0.3132244646549225
0.31318724155426025
0.3131501376628876
0.31311315298080444
0.31307607889175415
0.3130391538143158
0.3130020797252655
0.3129650354385376
0.31292808055877686
0.3128912150859833
0.31285423040390015
0.3128173351287842
0.31278032064437866
0.31274354457855225
0.3127066493034363
0.31266990303993225
0.31263306736946106
0.31259632110595703
0.312559574842453
0.31252288818359375
0.31248629093170166
0.31244951486587524
0.3124128580093384
0.3123762607574463
0.31233951449394226
0.31230300664901733
0.3122665286064148
0.31223008036613464
0.3121935725212097
0.3121570646762848
0.312120646238327
0.31208425760269165
0.31204792857170105
0.3120114803314209
0.3119752109050751
0.31193894147872925
0.31190255284309387
0.3118664026260376
0.3118300437927246
0.31179380416870117
0.31175756454467773
0.3117213845252991
0.31168514490127563
0.3116489052772522
0.31161269545555115
0.3115766644477844
0.311540424823761
0.3115043342113495
0.3114681541919708
0.3114320635795593
0.3113960027694702
0.3113600015640259
0.31132403016090393
0.3112879991531372
0.31125202775001526
0.3112160563468933
0.3111802935600281
0.3111443519592285
0.31110844016075134
0.31107261776924133
0.3110368251800537
0.3110010027885437
0.3109652101993561
0.31092941761016846
0.310893714427948
0.31085795164108276
0.31082236766815186
0.3107866644859314
0.3107510507106781
0.3107154667377472
0.3106798231601715
0.31064432859420776
0.31060874462127686
0.3105732798576355
0.3105379343032837
0.3105025291442871
0.310467004776001
0.310431569814682
0.31039613485336304
0.31036072969436646
0.31032535433769226
0.31029003858566284
0.3102547824382782
0.3102194368839264
0.31018418073654175
0.31014904379844666
0.31011372804641724
0.31007853150367737
0.3100433349609375
0.31000816822052
0.3099730610847473
0.3099379241466522
0.30990269780158997
0.3098676800727844
0.30983269214630127
0.3097975552082062
0.30976250767707825
0.3097275197505951
0.30969253182411194
0.30965739488601685
0.3096224367618561
0.3095875382423401
0.3095525801181793
0.30951768159866333
0.3094826340675354
0.3094478249549866
0.30941298604011536
0.309378057718277
0.3093431293964386
0.30930832028388977
0.3092736005783081
0.3092387914657593
0.30920401215553284
0.3091692626476288
0.3091345429420471
0.309099942445755
0.3090651333332062
0.3090304136276245
0.3089958131313324
0.3089611232280731
0.30892661213874817
0.30889204144477844
0.30885738134384155
0.3088228404521942
0.3087882995605469
0.3087537884712219
0.308719277381897
0.3086848258972168
0.30865031480789185
0.3086158037185669
0.3085813820362091
0.3085470199584961
0.3085125684738159
0.3084782660007477
0.30844399333000183
0.3084096610546112
0.3083752691745758
0.3083410859107971
0.30830681324005127
0.30827251076698303
0.30823829770088196
0.3082040846347809
0.30816975235939026
0.30813559889793396
0.3081014156341553
0.3080671429634094
0.3080330491065979
0.30799874663352966
0.30796459317207336
0.30793046951293945
0.3078964054584503
0.3078623414039612
0.30782827734947205
0.3077942728996277
0.30776020884513855
0.30772626399993896
0.30769219994544983
0.30765819549560547
0.3076242506504059
0.30759042501449585
0.30755653977394104
0.30752259492874146
0.30748870968818665
0.3074549436569214
0.30742114782333374
0.3073873817920685
0.3073536157608032
0.3073198199272156
0.3072860836982727
0.30725234746932983
0.3072187900543213
0.30718520283699036
0.30715158581733704
0.3071179986000061
0.3070843517780304
0.30705076456069946
0.3070172965526581
0.30698367953300476
0.3069501221179962
0.30691665410995483
0.30688321590423584
0.3068498373031616
0.3068163990974426
0.30678287148475647
0.30674949288368225
0.30671602487564087
0.3066827058792114
0.3066493570804596
0.306615948677063
0.30658265948295593
0.3065492808818817
0.30651602149009705
0.30648279190063477
0.3064495325088501
0.3064163029193878
0.30638307332992554
0.30634987354278564
0.3063167929649353
0.3062836229801178
0.30625051259994507
0.3062174916267395
0.3061842918395996
0.3061511516571045
0.3061181902885437
0.30608516931533813
0.3060521185398102
0.306019127368927
0.30598610639572144
0.30595314502716064
0.30592024326324463
0.30588728189468384
0.3058544099330902
0.3058214485645294
0.30578869581222534
0.3057558834552765
0.30572307109832764
0.30569028854370117
0.3056574761867523
0.3056246042251587
0.30559197068214417
0.30555930733680725
0.3055264949798584
0.30549395084381104
0.30546125769615173
0.30542853474617004
0.3053959906101227
0.30536338686943054
0.30533069372177124
0.30529823899269104
0.3052656948566437
0.30523306131362915
0.3052005171775818
0.305168092250824
0.30513569712638855
0.3051031827926636
0.3050707280635834
0.30503833293914795
0.30500590801239014
0.3049735128879547
0.30494120717048645
0.30490878224372864
0.3048764169216156
0.3048442006111145
0.30481183528900146
0.3047795593738556
0.3047473132610321
0.30471503734588623
0.30468279123306274
0.30465060472488403
0.30461829900741577
0.30458611249923706
0.30455389618873596
0.3045218586921692
0.3044896721839905
0.30445754528045654
0.304425448179245
0.3043932616710663
0.30436116456985474
0.30432915687561035
0.30429714918136597
0.3042651116847992
0.30423301458358765
0.30420106649398804
0.30416908860206604
0.30413714051246643
0.30410513281822205
0.30407318472862244
0.3040412664413452
0.30400943756103516
0.30397748947143555
0.3039456903934479
0.30391377210617065
0.30388203263282776
0.3038501739501953
0.30381834506988525
0.30378660559654236
0.3037547767162323
0.303723007440567
0.3036913573741913
0.3036595582962036
0.3036278188228607
0.3035961985588074
0.30356448888778687
0.3035327196121216
0.3035009801387787
0.30346933007240295
0.3034377098083496
0.3034060001373291
0.3033742904663086
0.30334270000457764
0.30331113934516907
0.30327948927879333
0.30324792861938477
0.3032163381576538
0.30318477749824524
0.3031533360481262
0.30312180519104004
0.30309024453163147
0.30305877327919006
0.30302727222442627
0.30299586057662964
0.302964448928833
0.3029330372810364
0.30290156602859497
0.3028701841831207
0.30283886194229126
0.30280745029449463
0.30277612805366516
0.30274471640586853
0.3027133345603943
0.30268198251724243
0.30265066027641296
0.3026193082332611
0.30258798599243164
0.30255672335624695
0.3025253117084503
0.3024941086769104
0.3024628758430481
0.30243170261383057
0.30240049958229065
0.3023693263530731
0.3023380637168884
0.30230697989463806
0.3022758960723877
0.30224481225013733
0.30221372842788696
0.30218255519866943
0.30215153098106384
0.30212050676345825
0.30208951234817505
0.3020585775375366
0.3020276129245758
0.3019965887069702
0.301965594291687
0.30193468928337097
0.3019038140773773
0.3018728494644165
0.3018420934677124
0.301811158657074
0.3017803728580475
0.3017496168613434
0.3017188012599945
0.301688015460968
0.30165737867355347
0.3016265630722046
0.30159586668014526
0.3015652000904083
0.3015344738960266
0.30150383710861206
0.3014732599258423
0.30144253373146057
0.30141186714172363
0.30138131976127625
0.30135077238082886
0.3013201057910919
0.30128955841064453
0.30125904083251953
0.3012283742427826
0.3011978268623352
0.301167368888855
0.30113685131073
0.30110642313957214
0.30107590556144714
0.3010455071926117
0.30101513862609863
0.3009846806526184
0.3009543716907501
0.3009238541126251
0.3008934259414673
0.30086320638656616
0.3008328378200531
0.30080246925354004
0.30077219009399414
0.30074188113212585
0.300711452960968
0.3006811738014221
0.30065086483955383
0.3006206452846527
0.3005903959274292
0.30056023597717285
0.30053001642227173
0.3004998564720154
0.30046969652175903
0.30043962597846985
0.3004094958305359
0.3003794252872467
0.3003493845462799
0.3003193140029907
0.30028921365737915
0.30025923252105713
0.3002292513847351
0.3001992702484131
0.30016931891441345
0.30013930797576904
0.3001094162464142
0.30007943511009216
0.3000495433807373
0.30001959204673767
0.2999897599220276
0.29995980858802795
0.29993003606796265
0.2999001145362854
0.2998703122138977
0.2998405694961548
0.2998107075691223
0.299780935049057
0.2997511923313141
0.29972147941589355
0.2996916174888611
0.2996620237827301
0.29963231086730957
0.2996026575565338
0.2995729148387909
0.29954326152801514
0.29951369762420654
0.2994840443134308
0.2994545102119446
0.29942482709884644
0.29939526319503784
0.29936569929122925
0.2993362247943878
0.2993066906929016
0.29927709698677063
0.2992476224899292
0.29921820759773254
0.2991887331008911
0.29915928840637207
0.299129843711853
0.299100399017334
0.29907092452049255
0.2990415692329407
0.299012154340744
0.29898273944854736
0.2989532947540283
0.29892396926879883
0.2988947033882141
0.2988653779029846
0.2988360524177551
0.29880669713020325
0.2987774610519409
0.2987481355667114
0.29871881008148193
0.29868945479393005
0.2986602783203125
0.29863113164901733
0.298601895570755
0.2985726594924927
0.2985435128211975
0.29851436614990234
0.29848524928092957
0.2984560430049896
0.2984269857406616
0.29839780926704407
0.2983686923980713
0.2983395755290985
0.29831060767173767
0.2982814908027649
0.2982524633407593
0.29822349548339844
