# adam, lr=0.01, alpha = 1000000, beta = 0.1
# best_iter: 2976, best_loss = 0.03207416832447052, imsave period = 300
3.816220760345459
2.265632152557373
1.4375925064086914
1.0321811437606812
0.9747631549835205
0.9753404259681702
0.9171134233474731
0.8452031016349792
0.7804498076438904
0.7200961709022522
0.6631530523300171
0.611065685749054
0.5647854208946228
0.5245848894119263
0.4902636706829071
0.46092841029167175
0.43589508533477783
0.41491228342056274
0.3969292938709259
0.3803690969944
0.3648225963115692
0.35061749815940857
0.3379618525505066
0.3269345164299011
0.3170892596244812
0.30768343806266785
0.29881516098976135
0.2909625172615051
0.2839653491973877
0.2775103449821472
0.2715311646461487
0.2657940089702606
0.2602134048938751
0.2550857663154602
0.2503221035003662
0.24556300044059753
0.24088791012763977
0.2365088015794754
0.23238205909729004
0.2284543216228485
0.22464144229888916
0.2208329439163208
0.217120960354805
0.21355891227722168
0.21004104614257812
0.20660045742988586
0.20329058170318604
0.20004038512706757
0.19686533510684967
0.19379432499408722
0.19077028334140778
0.18779800832271576
0.18489408493041992
0.18204425275325775
0.17926956713199615
0.17655162513256073
0.17387031018733978
0.17125709354877472
0.16870351135730743
0.1661885678768158
0.16372786462306976
0.16132083535194397
0.15896321833133698
0.15664878487586975
0.15436531603336334
0.15212413668632507
0.1499316692352295
0.1477784812450409
0.14566561579704285
0.14359109103679657
0.14155256748199463
0.13955029845237732
0.13758164644241333
0.13564711809158325
0.13374748826026917
0.13188278675079346
0.13005204498767853
0.12825220823287964
0.12648361921310425
0.12474831193685532
0.12304465472698212
0.12136969715356827
0.11972366273403168
0.11810781061649323
0.11652121692895889
0.1149633377790451
0.11343362927436829
0.111932173371315
0.1104583889245987
0.10901094228029251
0.10758960992097855
0.10619477927684784
0.10482675582170486
0.10348481684923172
0.10216768085956573
0.1008753776550293
0.09960785508155823
0.09836497902870178
0.09714660048484802
0.09595201909542084
0.09478135406970978
0.09363393485546112
0.09250950813293457
0.091407909989357
0.09032861888408661
0.08927168697118759
0.08823668956756592
0.08722339570522308
0.08623133599758148
0.08526026457548141
0.08431010693311691
0.08338049054145813
0.0824713259935379
0.08158211410045624
0.0807127133011818
0.07986295968294144
0.07903248071670532
0.0782209187746048
0.07742814719676971
0.07665388286113739
0.07589767873287201
0.07515938580036163
0.07443872094154358
0.07373509556055069
0.07304825633764267
0.07237797975540161
0.07172398269176483
0.07108605653047562
0.07046381384134293
0.06985684484243393
0.06926490366458893
0.06868767738342285
0.06812490522861481
0.06757622957229614
0.06704136729240417
0.06652016192674637
0.06601230800151825
0.06551757454872131
0.06503549963235855
0.06456580758094788
0.06410828232765198
0.0636625662446022
0.06322842836380005
0.06280563771724701
0.062393926084041595
0.06199289485812187
0.06160227209329605
0.06122179329395294
0.060851141810417175
0.06049007922410965
0.06013830378651619
0.05979561060667038
0.05946173146367073
0.05913640186190605
0.05881938338279724
0.05851041525602341
0.05820923671126366
0.05791562795639038
0.05762937292456627
0.057350367307662964
0.05707835033535957
0.05681312084197998
0.05655442178249359
0.05630214884877205
0.05605607107281685
0.05581602454185486
0.05558175593614578
0.05535309761762619
0.055129848420619965
0.0549117848277092
0.05469880253076553
0.05449078232049942
0.05428749695420265
0.054088808596134186
0.05389462411403656
0.053704749792814255
0.053519025444984436
0.05333731696009636
0.053159572184085846
0.05298565700650215
0.052815381437540054
0.05264866724610329
0.052485376596450806
0.05232546478509903
0.05216881260275841
0.05201531946659088
0.05186482518911362
0.051717258989810944
0.05157257989048958
0.05143061280250549
0.05129130557179451
0.05115458369255066
0.05102038383483887
0.05088858678936958
0.05075916647911072
0.05063207074999809
0.050507210195064545
0.050384521484375
0.0502639040350914
0.050145335495471954
0.05002877861261368
0.0499141551554203
0.04980140179395676
0.04969045892357826
0.049581270664930344
0.04947378486394882
0.049367956817150116
0.049263738095760345
0.04916108772158623
0.04905993491411209
0.04896031320095062
0.048862166702747345
0.04876543581485748
0.048670053482055664
0.048576001077890396
0.04848321154713631
0.048391714692115784
0.04830145090818405
0.048212382942438126
0.04812447726726532
0.04803774133324623
0.04795214533805847
0.04786764830350876
0.047784220427274704
0.04770180583000183
0.04762041196227074
0.04754002392292023
0.0474606454372406
0.04738222807645798
0.04730471968650818
0.04722809046506882
0.04715236276388168
0.047077521681785583
0.04700353741645813
0.04693039134144783
0.04685806483030319
0.046786580234766006
0.046715885400772095
0.04664595052599907
0.04657673463225365
0.04650823026895523
0.046440452337265015
0.0463734045624733
0.04630705714225769
0.04624137282371521
0.04617636650800705
0.046112000942230225
0.04604827240109444
0.045985184609889984
0.04592271149158478
0.045860882848501205
0.04579963535070419
0.04573890566825867
0.04567873850464821
0.04561912268400192
0.045560095459222794
0.045501600950956345
0.04544364660978317
0.04538622498512268
0.04532930254936218
0.045272909104824066
0.045217059552669525
0.045161716639995575
0.04510689526796341
0.04505256935954094
0.04499870538711548
0.044945359230041504
0.04489247128367424
0.044840048998594284
0.044788092374801636
0.044736597687006
0.04468556493520737
0.04463498294353485
0.04458483308553696
0.04453510791063309
0.044485777616500854
0.04443686455488205
0.04438837617635727
0.044340308755636215
0.0442926399409771
0.04424535483121872
0.04419844597578049
0.0441519096493721
0.04410574957728386
0.04405994713306427
0.04401448369026184
0.04396937042474747
0.043924618512392044
0.04388017952442169
0.0438360720872879
0.043792303651571274
0.04374884441494942
0.04370570555329323
0.04366287589073181
0.043620362877845764
0.04357815533876419
0.04353626072406769
0.043494679033756256
0.043453384190797806
0.04341239482164383
0.04337166249752045
0.04333121329545975
0.04329104721546173
0.0432511642575264
0.04321154206991196
0.043172210454940796
0.043133143335580826
0.04309435933828354
0.04305584356188774
0.04301760345697403
0.042979612946510315
0.042941898107528687
0.04290445148944855
0.042867280542850494
0.042830370366573334
0.04279372841119766
0.04275733232498169
0.04272117465734482
0.042685262858867645
0.04264958202838898
0.04261414706707001
0.04257894307374954
0.04254399612545967
0.0425092987716198
0.04247480630874634
0.04244052246212959
0.04240645840764046
0.04237261787056923
0.04233899340033531
0.042305584996938705
0.04227238893508911
0.04223940148949623
0.04220660775899887
0.04217398166656494
0.04214157536625862
0.04210936650633812
0.042077358812093735
0.042045556008815765
0.04201393574476242
0.041982512921094894
0.041951291263103485
0.0419202595949173
0.04188939929008484
0.0418587401509285
0.041828230023384094
0.04179791361093521
0.04176776111125946
0.04173778370022774
0.04170795530080795
0.041678287088871
0.041648779064416885
0.0416194349527359
0.04159022867679596
0.04156118258833885
0.04153231903910637
0.04150360822677612
0.04147505760192871
0.04144667461514473
0.04141846299171448
0.04139040783047676
0.04136248677968979
0.04133472964167595
0.04130711778998375
0.041279684752225876
0.041252411901950836
0.041225284337997437
0.04119829833507538
0.04117145389318466
0.041144754737615585
0.04111820459365845
0.041091788560152054
0.0410655252635479
0.04103941097855568
0.04101342707872391
0.04098759964108467
0.04096192494034767
0.04093636944890022
0.04091094806790352
0.04088565707206726
0.04086049273610115
0.04083546623587608
0.04081054776906967
0.04078574851155281
0.0407610759139061
0.040736548602581024
0.0407121442258358
0.040687866508960724
0.040663719177246094
0.040639687329530716
0.040615782141685486
0.040591977536678314
0.04056829959154129
0.040544748306274414
0.040521297603845596
0.04049796983599663
0.04047475755214691
0.04045165702700615
0.04042866826057434
0.04040578380227089
0.0403829887509346
0.04036032035946846
0.04033777862787247
0.040315352380275726
0.04029300808906555
0.040270790457725525
0.04024866595864296
0.04022664576768875
0.0402047224342823
0.04018289968371391
0.04016118869185448
0.0401395708322525
0.04011804983019829
0.04009663313627243
0.040075309574604034
0.0400540754199028
0.04003293812274933
0.04001190513372421
0.03999096900224686
0.03997012972831726
0.03994937613606453
0.039928704500198364
0.03990810737013817
0.03988759219646454
0.039867185056209564
0.03984687477350235
0.0398266538977623
0.03980651870369911
0.039786480367183685
0.03976653888821602
0.039746686816215515
0.039726924151182175
0.0397072471678257
0.03968765214085579
0.039668139070272446
0.03964871168136597
0.039629384875297546
0.0396101288497448
0.03959096595644951
0.039571866393089294
0.03955286368727684
0.03953393176198006
0.03951508551836014
0.03949631005525589
0.0394776314496994
0.03945904225111008
0.039440520107746124
0.03942209482192993
0.0394037589430809
0.03938550874590874
0.03936733305454254
0.039349257946014404
0.039331257343292236
0.03931334242224693
0.039295509457588196
0.03927775099873543
0.03926008194684982
0.03924249857664108
0.03922498971223831
0.039207570254802704
0.039190229028463364
0.03917296975851059
0.03915579617023468
0.03913869708776474
0.039121661335229874
0.039104707539081573
0.039087820798158646
0.039071016013622284
0.0390542708337307
0.03903760761022568
0.03902099281549454
0.03900447487831116
0.038988009095191956
0.03897161781787872
0.03895530104637146
0.03893906623125076
0.03892289102077484
0.03890679031610489
0.03889075294137001
0.038874778896570206
0.03885888680815697
0.038843050599098206
0.03882727771997452
0.0388115793466568
0.03879594802856445
0.038780391216278076
0.038764890283346176
0.03874945640563965
0.0387340672314167
0.03871874883770943
0.038703493773937225
0.0386883020401001
0.038673173636198044
0.03865810111165047
0.03864308446645737
0.03862812742590904
0.038613226264715195
0.03859837353229523
0.03858356922864914
0.03856881707906723
0.038554124534130096
0.03853948786854744
0.038524895906448364
0.038510359823703766
0.03849588707089424
0.0384814590215683
0.03846708685159683
0.038452789187431335
0.038438521325588226
0.038424327969551086
0.03841017559170723
0.03839610144495964
0.03838207572698593
0.03836817666888237
0.03835435211658478
0.038340769708156586
0.03832739591598511
0.03831448033452034
0.03830203786492348
0.03829050064086914
0.038279835134744644
0.038270287215709686
0.038261547684669495
0.038253095000982285
0.03824404627084732
0.03823322430253029
0.038219574838876724
0.038203105330467224
0.038184259086847305
0.038164857774972916
0.038145966827869415
0.03812903165817261
0.0381137877702713
0.03810010850429535
0.03808745741844177
0.03807571157813072
0.03806551173329353
0.0380575954914093
0.0380539670586586
0.03805683180689812
0.03806834667921066
0.03808936849236488
0.038115084171295166
0.03813625127077103
0.038138795644044876
0.03810872137546539
0.03805157542228699
0.037982191890478134
0.03792937472462654
0.037907376885414124
0.03791259601712227
0.037931203842163086
0.037949927151203156
0.03796174377202988
0.03796108812093735
0.03794477507472038
0.03791072219610214
0.03786657378077507
0.03782198578119278
0.03778945654630661
0.037772856652736664
0.037769440561532974
0.0377744659781456
0.03778458014130592
0.03780033439397812
0.037821635603904724
0.03784671425819397
0.0378686860203743
0.03787825629115105
0.037858765572309494
0.03781149536371231
0.037740860134363174
0.03767414391040802
0.037631161510944366
0.03761981055140495
0.03763074427843094
0.03765048086643219
0.03767167776823044
0.03769013658165932
0.037702955305576324
0.03770245611667633
0.03768404945731163
0.037642329931259155
0.037588655948638916
0.0375361442565918
0.037501104176044464
0.03748590499162674
0.03748451918363571
0.03748993203043938
0.037499234080314636
0.037516213953495026
0.03754627704620361
0.03759431093931198
0.037659287452697754
0.03772770240902901
0.03776276484131813
0.03774825856089592
0.03765818476676941
0.037544045597314835
0.0374457985162735
0.03739919140934944
0.037393540143966675
0.037403497844934464
0.03741583973169327
0.037429336458444595
0.0374482125043869
0.03746133670210838
0.03745263069868088
0.037403516471385956
0.03732879459857941
0.03725997731089592
0.03723044693470001
0.03723793104290962
0.037256382405757904
0.03726177662611008
0.03724823519587517
0.037228960543870926
0.03722492232918739
0.03725907951593399
0.03734591230750084
0.03749106824398041
0.037684500217437744
0.03790775686502457
0.038065966218709946
0.03818688169121742
0.03818829357624054
0.03816580772399902
0.0379592627286911
0.037617217749357224
0.03730391338467598
0.03729997202754021
0.037557005882263184
0.037705905735492706
0.03754333406686783
0.03719940781593323
0.03706354647874832
0.03721453994512558
0.03737180680036545
0.03733506426215172
0.03716573864221573
0.03707593306899071
0.037114258855581284
0.03715763986110687
0.03710319474339485
0.03699792921543121
0.03695424646139145
0.03699794039130211
0.03705432638525963
0.0370468832552433
0.036979541182518005
0.03691147267818451
0.036900635808706284
0.03693831339478493
0.036977242678403854
0.03697913885116577
0.03695395216345787
0.03693648800253868
0.03696878254413605
0.03705571964383125
0.03717249259352684
0.03726401552557945
0.03730197995901108
0.03723899647593498
0.03715768828988075
0.037096474319696426
0.037083547562360764
0.03704127296805382
0.03692737594246864
0.036789365112781525
0.03673754632472992
0.036803025752305984
0.03690104931592941
0.03693709149956703
0.03687744960188866
0.03678593784570694
0.03673629090189934
0.036754801869392395
0.036789193749427795
0.03678364306688309
0.03671891614794731
0.03663971647620201
0.036597639322280884
0.036609143018722534
0.036642249673604965
0.03665770962834358
0.036641236394643784
0.03660779446363449
0.03658859431743622
0.036617912352085114
0.03671771287918091
0.036914218217134476
0.03724534809589386
0.037759777158498764
0.038363032042980194
0.03904558718204498
0.03921007737517357
0.038942769169807434
0.037939365953207016
0.037160199135541916
0.03717780113220215
0.03773488104343414
0.03799836337566376
0.03744550049304962
0.03682027757167816
0.03683647885918617
0.037277862429618835
0.03739527612924576
0.0369487889111042
0.03657902404665947
0.03670305758714676
0.03699067234992981
0.036980029195547104
0.036662809550762177
0.03646054491400719
0.036558665335178375
0.03672996535897255
0.03672867268323898
0.03654463589191437
0.036392681300640106
0.0364004522562027
0.036497823894023895
0.03654693812131882
0.03648596256971359
0.03637992963194847
0.036313705146312714
0.0363222137093544
0.03636441379785538
0.03638216853141785
0.03635730966925621
0.03630419075489044
0.036262381821870804
0.036251574754714966
0.03626498207449913
0.036278847604990005
0.03627251833677292
0.03624336048960686
0.03620092570781708
0.0361652597784996
0.03614941984415054
0.036153022199869156
0.03616516292095184
0.03617515414953232
0.036177799105644226
0.036171987652778625
0.036162830889225006
0.036160413175821304
0.03617905080318451
0.036240506917238235
0.03636631742119789
0.03658168390393257
0.03687465563416481
0.037205856293439865
0.03734762594103813
0.03724626079201698
0.03676924109458923
0.03630833327770233
0.03615901991724968
0.03635126352310181
0.03660133481025696
0.03660076484084129
0.036368560045957565
0.03611696511507034
0.036100123077631
0.036267299205064774
0.03637528419494629
0.036306630820035934
0.03611065819859505
0.035987578332424164
0.036027129739522934
0.036134395748376846
0.036179061979055405
0.036116648465394974
0.036026451736688614
0.03600391000509262
0.03609227016568184
0.03625462204217911
0.03642748296260834
0.03657791018486023
0.036700885742902756
0.03677741438150406
0.03691035881638527
0.03702761232852936
0.037124451249837875
0.036983489990234375
0.03664439916610718
0.036183152347803116
0.03600877895951271
0.03622472286224365
0.03653205931186676
0.03659866005182266
0.03630682826042175
0.03596695140004158
0.03587839752435684
0.03603379428386688
0.03617502376437187
0.036127276718616486
0.035982728004455566
0.03590993210673332
0.03598351404070854
0.0361015610396862
0.03612005338072777
0.036019217222929
0.03587164357304573
0.03580687195062637
0.035859160125255585
0.03594174236059189
0.035968441516160965
0.03591148927807808
0.03583136945962906
0.03579901531338692
0.035851556807756424
0.03595161810517311
0.036040954291820526
0.03608182072639465
0.03607170283794403
0.036034442484378815
0.036043524742126465
0.03610847890377045
0.03621673583984375
0.036273982375860214
0.0362197570502758
0.035993169993162155
0.03574579954147339
0.03562834858894348
0.035691037774086
0.0358215756714344
0.03588081896305084
0.035834234207868576
0.03573480248451233
0.03571097180247307
0.035822268575429916
0.03603887930512428
0.03629903495311737
0.03653230518102646
0.036661043763160706
0.03675191104412079
0.03678266331553459
0.03693079203367233
0.03703915700316429
0.03702664002776146
0.03659125044941902
0.03603289648890495
0.03573652729392052
0.03598494827747345
0.03643643110990524
0.03651479259133339
0.03616369888186455
0.03570901229977608
0.03563782200217247
0.035870954394340515
0.03598537668585777
0.03584040701389313
0.035624176263809204
0.03562251850962639
0.035802148282527924
0.03591790795326233
0.03586322069168091
0.035714998841285706
0.035667650401592255
0.03579702973365784
0.035966213792562485
0.03604584559798241
0.035964835435152054
0.035848237574100494
0.03577830642461777
0.035789765417575836
0.035784028470516205
0.03568587452173233
0.03552630543708801
0.035411205142736435
0.035423461347818375
0.035526517778635025
0.03562299162149429
0.035650238394737244
0.035613760352134705
0.03556705638766289
0.03558585047721863
0.0356801338493824
0.03581680729985237
0.035909365862607956
0.03590800240635872
0.03575897216796875
0.03558739274740219
0.035499200224876404
0.03554856777191162
0.035652659833431244
0.03568681702017784
0.035600412636995316
0.035425759851932526
0.035299092531204224
0.035303883254528046
0.03538789227604866
0.03544547036290169
0.03541591018438339
0.035328712314367294
0.03525187075138092
0.03524614870548248
0.03530656546354294
0.03539947792887688
0.03552582114934921
0.03574902564287186
0.03621414303779602
0.037222255021333694
0.03888273984193802
0.04145536571741104
0.04277195781469345
0.04237087815999985
0.03828898444771767
0.03613484650850296
0.0379076786339283
0.04003036767244339
0.03928954154253006
0.036272045224905014
0.03619282692670822
0.03818844258785248
0.03778047859668732
0.036058928817510605
0.036134716123342514
0.0372348427772522
0.036885906010866165
0.03577520698308945
0.03600452467799187
0.036677878350019455
0.03624282032251358
0.035603854805231094
0.03581179678440094
0.03618490695953369
0.03592180460691452
0.035463761538267136
0.03555843234062195
0.03584637865424156
0.03571384772658348
0.035397376865148544
0.03535480424761772
0.03552524000406265
0.035568322986364365
0.03539571166038513
0.03524258732795715
0.03526349365711212
0.03536348044872284
0.035367414355278015
0.03525203838944435
0.03515421599149704
0.03514983877539635
0.035195812582969666
0.0352247916162014
0.035194214433431625
0.03512611612677574
0.035070568323135376
0.03506316989660263
0.035087063908576965
0.035115260630846024
0.035135578364133835
0.03513803705573082
0.035132136195898056
0.03514337167143822
0.035196453332901
0.03529961407184601
0.03543567657470703
0.035578206181526184
0.03560158237814903
0.03548605740070343
0.03521940857172012
0.03499713912606239
0.03494546562433243
0.03505459427833557
0.03519159555435181
0.03522076457738876
0.03512883186340332
0.0349891260266304
0.0349246971309185
0.034972768276929855
0.03507506102323532
0.0351579524576664
0.03517076373100281
0.03513925522565842
0.03510504588484764
0.03513696789741516
0.0352446585893631
0.035393208265304565
0.03551708906888962
0.03550355136394501
0.035328980535268784
0.03504692763090134
0.03485582396388054
0.03486791253089905
0.03501869738101959
0.03514984995126724
0.03515222668647766
0.03503149002790451
0.03489323705434799
0.03485019505023956
0.03492499142885208
0.03504560887813568
0.035135190933942795
0.035138849169015884
0.03507797420024872
0.03499240800738335
0.03499224781990051
0.035117365419864655
0.0353582538664341
0.03562026098370552
0.03579229488968849
0.035698845982551575
0.03538498282432556
0.0350039005279541
0.03486156463623047
0.03500198945403099
0.03523571416735649
0.035318080335855484
0.03517347574234009
0.03489807993173599
0.034738123416900635
0.03479693457484245
0.03495628759264946
0.03504044935107231
0.034983593970537186
0.03484205901622772
0.03474899008870125
0.03478412330150604
0.03492721915245056
0.03510604426264763
0.03528612479567528
0.03542228788137436
0.035584352910518646
0.03577525168657303
0.03619666025042534
0.036727335304021835
0.0373503640294075
0.037267301231622696
0.03655045107007027
0.035420387983322144
0.03504130616784096
0.035678792744874954
0.03640330955386162
0.036421116441488266
0.035552334040403366
0.03489936143159866
0.03507890924811363
0.03556008264422417
0.035575903952121735
0.035082440823316574
0.0347813181579113
0.03498944267630577
0.0353085994720459
0.035296857357025146
0.03499139845371246
0.03478343039751053
0.03489287197589874
0.03512810170650482
0.0352325402200222
0.03510303422808647
0.034941114485263824
0.03491218760609627
0.035050343722105026
0.035171639174222946
0.035148631781339645
0.03493187949061394
0.03469131514430046
0.03460099548101425
0.03468606248497963
0.03480558842420578
0.034829530864953995
0.03473132103681564
0.03459338843822479
0.034523140639066696
0.03455400839447975
0.034627605229616165
0.03467055782675743
0.03464937582612038
0.03458027541637421
0.034507159143686295
0.0344713069498539
0.034480899572372437
0.03451557457447052
0.03455320745706558
0.03458129242062569
0.03460317850112915
0.03463326394557953
0.03472614660859108
0.03497586399316788
0.03559104725718498
0.036784712225198746
0.03892926499247551
0.0409463569521904
0.04226132109761238
0.039325226098299026
0.0357358381152153
0.034995175898075104
0.03724890574812889
0.038676805794239044
0.03697400912642479
0.03525036945939064
0.035922855138778687
0.03722497820854187
0.03685446083545685
0.035485684871673584
0.03562859818339348
0.03662751615047455
0.036349643021821976
0.03539605066180229
0.03523586690425873
0.035767752677202225
0.03574788570404053
0.03507032245397568
0.03483477234840393
0.03518323600292206
0.03534936532378197
0.03510472550988197
0.03479240834712982
0.034813202917575836
0.03504294157028198
0.035083942115306854
0.03486382216215134
0.03464602679014206
0.03470552712678909
0.03488259017467499
0.03488120064139366
0.034737057983875275
0.034620121121406555
0.03459958732128143
0.03463733568787575
0.03469365835189819
0.03471300005912781
0.034621693193912506
0.03449089080095291
0.03443484380841255
0.034466199576854706
0.034504182636737823
0.03451106697320938
0.0344972088932991
0.03444942459464073
0.03437994793057442
0.034327927976846695
0.034322381019592285
0.03434416279196739
0.03436978906393051
0.03440011292695999
0.034428566694259644
0.034453343600034714
0.034479424357414246
0.034544944763183594
0.03465896472334862
0.03486442565917969
0.035134248435497284
0.03550984710454941
0.035774555057287216
0.03575880825519562
0.03537994995713234
0.03487798571586609
0.03475707024335861
0.03506645932793617
0.03551743924617767
0.03557805344462395
0.0351705476641655
0.034532174468040466
0.03431399539113045
0.0346163734793663
0.03491920232772827
0.03483394905924797
0.03447999805212021
0.034292880445718765
0.03442351147532463
0.03463248535990715
0.034669697284698486
0.034526240080595016
0.03435660898685455
0.03432411327958107
0.03443510830402374
0.03457104042172432
0.03460104390978813
0.03453274071216583
0.034411121159791946
0.034374065697193146
0.0344572439789772
0.034611888229846954
0.03470997139811516
0.034666191786527634
0.0344843715429306
0.03430834785103798
0.03423411026597023
0.03426660597324371
0.03434146195650101
0.03441065549850464
0.03441173955798149
0.03431950882077217
0.03418036922812462
0.03410695865750313
0.03414100781083107
0.03422331064939499
0.034285787492990494
0.034328535199165344
0.034370843321084976
0.03443673998117447
0.03454705327749252
0.03478633239865303
0.03522524610161781
0.03593318164348602
0.036630142480134964
0.037203848361968994
0.03658119589090347
0.03539815917611122
0.034341320395469666
0.03451830521225929
0.03545292466878891
0.035902250558137894
0.035662584006786346
0.035175178200006485
0.035290468484163284
0.035891640931367874
0.03615747392177582
0.03582905977964401
0.03503170609474182
0.03449644893407822
0.034685466438531876
0.03507760912179947
0.035002097487449646
0.034468602389097214
0.034230418503284454
0.0345626100897789
0.0348283089697361
0.03464371711015701
0.03435744345188141
0.034442078322172165
0.03476575389504433
0.035023681819438934
0.03511820361018181
0.035186875611543655
0.03525933623313904
0.03540651500225067
0.03540533408522606
0.03519536554813385
0.03466849774122238
0.034256428480148315
0.03420073539018631
0.03444209322333336
0.03470679000020027
0.03472867235541344
0.03453085198998451
0.034260980784893036
0.03419994190335274
0.03433644026517868
0.034406501799821854
0.034307077527046204
0.03415310010313988
0.034092195332050323
0.03408653289079666
0.03407749906182289
0.034113261848688126
0.03418741747736931
0.03419459983706474
0.03412047401070595
0.034093499183654785
0.03422817960381508
0.03450226038694382
0.0349106565117836
0.03544934466481209
0.03616762161254883
0.03653356805443764
0.03652336075901985
0.03556514531373978
0.03463532403111458
0.03433429077267647
0.03480877727270126
0.0354742631316185
0.035533007234334946
0.035021621733903885
0.0343393050134182
0.03418287634849548
0.03448617830872536
0.03471788018941879
0.03469502925872803
0.034475911408662796
0.03421191871166229
0.034065648913383484
0.03415974602103233
0.03437766060233116
0.03441412374377251
0.03419964760541916
0.033997323364019394
0.03400963917374611
0.03409436345100403
0.03410927951335907
0.03413195535540581
0.03422652184963226
0.034316547214984894
0.03428742662072182
0.03429066762328148
0.0344623439013958
0.0348207950592041
0.03534524887800217
0.03580423444509506
0.036322206258773804
0.036242932081222534
0.03570186719298363
0.03484931215643883
0.03451862186193466
0.0348910354077816
0.03548914194107056
0.03567477688193321
0.035209499299526215
0.034458812326192856
0.034070394933223724
0.034386295825242996
0.03480544686317444
0.03471255674958229
0.034350600093603134
0.03416585549712181
0.034193456172943115
0.03418080881237984
0.034211188554763794
0.03435492515563965
0.03430309519171715
0.034054383635520935
0.033946819603443146
0.03412961587309837
0.034323208034038544
0.03442763909697533
0.03463010489940643
0.03498487547039986
0.03512335568666458
0.03504371643066406
0.034788936376571655
0.034743957221508026
0.034923963248729706
0.035435788333415985
0.03593015670776367
0.03598880395293236
0.03520520031452179
0.034341443330049515
0.03406401723623276
0.03435969352722168
0.03470119088888168
0.034777216613292694
0.03455939143896103
0.03411688283085823
0.03396892920136452
0.03427326679229736
0.0345362052321434
0.034374937415122986
0.03404456749558449
0.034009888768196106
0.03422219678759575
0.034383151680231094
0.03455643728375435
0.03473052754998207
0.03484382480382919
0.03482656925916672
0.034878045320510864
0.034959666430950165
0.03497989848256111
0.034656327217817307
0.03431730717420578
0.034055549651384354
0.03400053456425667
0.034222960472106934
0.034505221992731094
0.03452978655695915
0.03421267122030258
0.03395874798297882
0.033952947705984116
0.034003082662820816
0.03400406986474991
0.03403552621603012
0.03405926749110222
0.03393959999084473
0.033755335956811905
0.033713579177856445
0.03379377722740173
0.033857639878988266
0.0338914729654789
0.03393973410129547
0.03398744761943817
0.034068308770656586
0.03428840637207031
0.03479951247572899
0.03553412854671478
0.03656819090247154
0.03722140192985535
0.03726695477962494
0.03576114401221275
0.03412637114524841
0.03394448757171631
0.03499838709831238
0.03561411052942276
0.03506181761622429
0.034374725073575974
0.03434509038925171
0.03467196971178055
0.03479636088013649
0.03495455160737038
0.03526639938354492
0.03550870344042778
0.03593786060810089
0.0367865227162838
0.03712024167180061
0.03688809275627136
0.0355742871761322
0.034546516835689545
0.0341821163892746
0.03463229537010193
0.03541337326169014
0.03541545197367668
0.03474423661828041
0.03430038318037987
0.03437040373682976
0.03430916741490364
0.03419039025902748
0.03446818143129349
0.03456934168934822
0.03408755362033844
0.033791523426771164
0.0339948907494545
0.03405182808637619
0.033918436616659164
0.03399134799838066
0.03408879041671753
0.03395768627524376
0.033822786062955856
0.03383375331759453
0.0337926484644413
0.03375144302845001
0.03390718623995781
0.03416109457612038
0.03448549658060074
0.03502080217003822
0.03587082400918007
0.03632047027349472
0.03619389235973358
0.03516388311982155
0.03424828499555588
0.033868249505758286
0.034190353006124496
0.03481083735823631
0.03497086465358734
0.034539926797151566
0.03399265930056572
0.034084875136613846
0.03456255421042442
0.03483272343873978
0.034790635108947754
0.034534502774477005
0.0342814102768898
0.03425780311226845
0.034505512565374374
0.034721821546554565
0.034413084387779236
0.03391856700181961
0.03369142860174179
0.033762793987989426
0.03388141468167305
0.034011952579021454
0.03413374722003937
0.03403881937265396
0.03379334509372711
0.033647388219833374
0.03368304669857025
0.03374893218278885
0.03380260616540909
0.033881720155477524
0.03388506919145584
0.033759698271751404
0.03360407054424286
0.033546287566423416
0.033537231385707855
0.033529333770275116
0.033571455627679825
0.033671967685222626
0.03376518189907074
0.033811021596193314
0.03389207273721695
0.03403531387448311
0.03426405042409897
0.034551963210105896
0.03502146154642105
0.035400159657001495
0.03567665442824364
0.03534901142120361
0.03486140817403793
0.034703902900218964
0.035138897597789764
0.03604651987552643
0.03641647472977638
0.03595989942550659
0.03448300063610077
0.033648781478405
0.03412918746471405
0.03491196781396866
0.034968774765729904
0.03427213802933693
0.03384871408343315
0.03406218811869621
0.03444898501038551
0.03454199433326721
0.03416406363248825
0.03375832736492157
0.033758923411369324
0.03408493846654892
0.03425567224621773
0.034000009298324585
0.03373029828071594
0.03377785161137581
0.03401661291718483
0.034144096076488495
0.0340738371014595
0.033932529389858246
0.03382181376218796
0.0337982252240181
0.03392358496785164
0.034029774367809296
0.033970706164836884
0.03375118970870972
0.03358013182878494
0.03354383260011673
0.03357818350195885
0.03362081199884415
0.033641040325164795
0.03359602764248848
0.033478498458862305
0.03338209539651871
0.03337973356246948
0.03343262895941734
0.0334727019071579
0.03348086401820183
0.03347605839371681
0.03346030041575432
0.033463843166828156
0.03355269506573677
0.03384523093700409
0.03447443246841431
0.03566735237836838
0.03724697604775429
0.03915232792496681
0.03904861956834793
0.03747541457414627
0.035099685192108154
0.03533140942454338
0.037649475038051605
0.039500556886196136
0.03821961581707001
0.03557058051228523
0.035099200904369354
0.03668636828660965
0.03689069673418999
0.03544631600379944
0.03469545394182205
0.03549760580062866
0.03554626554250717
0.03463495895266533
0.034356001764535904
0.03477904573082924
0.03474458307027817
0.03425746038556099
0.03415655344724655
0.03435863181948662
0.03424564376473427
0.03400219976902008
0.03395470604300499
0.03397193178534508
0.033932700753211975
0.03385244309902191
0.03375260904431343
0.03372419998049736
0.033779993653297424
0.03377990424633026
0.03374996408820152
0.03394443541765213
0.03450891748070717
0.0353969931602478
0.03704628720879555
0.03912578523159027
0.041477400809526443
0.040090348571538925
0.036688316613435745
0.034002505242824554
0.03510458767414093
0.037178926169872284
0.036927804350852966
0.03536825627088547
0.03449292108416557
0.03512013331055641
0.03562132269144058
0.035026565194129944
0.03442614898085594
0.03459587320685387
0.03475264832377434
0.034308698028326035
0.03422855585813522
0.034505102783441544
0.03410153090953827
0.033753376454114914
0.03409827873110771
0.03415744751691818
0.03371714800596237
0.033621031790971756
0.033839672803878784
0.03374972939491272
0.03357566520571709
0.03364934027194977
0.033662982285022736
0.03354073315858841
0.033514730632305145
0.03350772708654404
0.03343658894300461
0.033439308404922485
0.03348151221871376
0.033460937440395355
0.033512238413095474
0.03371638432145119
0.033996887505054474
0.034350693225860596
0.034945592284202576
0.035403698682785034
0.035477977246046066
0.0347600057721138
0.03389729931950569
0.03345387428998947
0.03369634598493576
0.03426584601402283
0.03447132930159569
0.03414927050471306
0.03367152065038681
0.033668410032987595
0.03394622355699539
0.034074485301971436
0.03393922001123428
0.03367450833320618
0.033456020057201385
0.033426761627197266
0.03358457237482071
0.033693280071020126
0.033550553023815155
0.03333635628223419
0.033254049718379974
0.033310793340206146
0.03339904546737671
0.03343607485294342
0.03338592126965523
0.03327535465359688
0.03321492299437523
0.0332355797290802
0.03327535092830658
0.033314298838377
0.033396165817976
0.0335160456597805
0.03364964574575424
0.033774688839912415
0.033984314650297165
0.03421887382864952
0.03456374257802963
0.03485696017742157
0.03514217212796211
0.034932494163513184
0.03434939682483673
0.033747993409633636
0.03372780978679657
0.03412298858165741
0.03437343239784241
0.034288253635168076
0.0339403860270977
0.03365165367722511
0.033464569598436356
0.033487629145383835
0.03368023410439491
0.033810488879680634
0.033762846142053604
0.033533792942762375
0.03333159536123276
0.03328365087509155
0.03339202702045441
0.03351590037345886
0.033501558005809784
0.03341138735413551
0.03335065767168999
0.03333396464586258
0.033273935317993164
0.03317780792713165
0.03313818946480751
0.033167075365781784
0.03320442885160446
0.033239077776670456
0.0332818329334259
0.03333494812250137
0.03340481221675873
0.03353166952729225
0.033700309693813324
0.03381163626909256
0.033808574080467224
0.033824622631073
0.033933572471141815
0.034255899488925934
0.03470664843916893
0.0355701707303524
0.03647245094180107
0.03731059655547142
0.03654097020626068
0.03476230800151825
0.03347153589129448
0.03402207791805267
0.03535636514425278
0.03569895029067993
0.03503819555044174
0.034248750656843185
0.034397367388010025
0.03477044403553009
0.034714341163635254
0.034405943006277084
0.03437225893139839
0.034472886472940445
0.03400185704231262
0.03357557952404022
0.03382519260048866
0.03410270810127258
0.0338146835565567
0.033418186008930206
0.03353264182806015
0.033652227371931076
0.033405523747205734
0.03329278901219368
0.03345755487680435
0.033455751836299896
0.03330407291650772
0.03336912393569946
0.033549364656209946
0.03356537967920303
0.03360740467905998
0.033908285200595856
0.034323401749134064
0.03457951545715332
0.03495170548558235
0.03540264442563057
0.0360834002494812
0.03632592037320137
0.03672989830374718
0.03649290278553963
0.03589983657002449
0.03507958725094795
0.03499859198927879
0.03583231568336487
0.0358944833278656
0.034998781979084015
0.0339750312268734
0.03407185152173042
0.034644193947315216
0.03478989377617836
0.034624360501766205
0.03412701189517975
0.03361796587705612
0.03359409421682358
0.034037765115499496
0.034203507006168365
0.03379908949136734
0.033485136926174164
0.033467937260866165
0.033464014530181885
0.03347469121217728
0.03356698900461197
0.033570561558008194
0.03339892625808716
0.03327403590083122
0.033243048936128616
0.03320029377937317
0.03318185731768608
0.03324497118592262
0.03329432010650635
0.033282872289419174
0.03330130875110626
0.03332244232296944
0.03326814994215965
0.03318433463573456
0.033158525824546814
0.033139340579509735
0.03311092033982277
0.03316664323210716
0.033338870853185654
0.0335732027888298
0.033826492726802826
0.034179359674453735
0.03440026193857193
0.03437275066971779
0.03387311100959778
0.03332958742976189
0.03304481506347656
0.03310225158929825
0.03334547206759453
0.033569205552339554
0.033605337142944336
0.03335730731487274
0.033070262521505356
0.03299165517091751
0.033107466995716095
0.03322711959481239
0.03326793015003204
0.033275432884693146
0.033232614398002625
0.033165253698825836
0.03314593434333801
0.03327658027410507
0.03355652838945389
0.033910710364580154
0.034340549260377884
0.034492023289203644
0.03434726968407631
0.033682387322187424
0.033111464232206345
0.033115897327661514
0.033557094633579254
0.03396100178360939
0.03401045873761177
0.03392639756202698
0.03392839804291725
0.034258417785167694
0.0347641222178936
0.03515465557575226
0.035015933215618134
0.03460307419300079
0.034050121903419495
0.03379824757575989
0.033608369529247284
0.033596280962228775
0.03386901691555977
0.034057050943374634
0.033755023032426834
0.033168431371450424
0.03314720094203949
0.03359757736325264
0.033745262771844864
0.03352604806423187
0.03345462679862976
0.0336478129029274
0.033849772065877914
0.03402915224432945
0.034629225730895996
0.03547944128513336
0.036378566175699234
0.036425840109586716
0.035572122782468796
0.03408549726009369
0.033439964056015015
0.03385394066572189
0.03436342999339104
0.034244418144226074
0.03403626009821892
0.034302763640880585
0.03415688872337341
0.033487506210803986
0.0331789068877697
0.033595189452171326
0.033800117671489716
0.0334731861948967
0.03342614322900772
0.03369853273034096
0.03373442590236664
0.03372407332062721
0.03409302979707718
0.034635964781045914
0.03535276651382446
0.03592684119939804
0.03650860860943794
0.03577663004398346
0.03455308824777603
0.034277673810720444
0.035108812153339386
0.036317721009254456
0.037005070596933365
0.037286631762981415
0.03588167205452919
0.03443396836519241
0.0345853716135025
0.03537421301007271
0.034888796508312225
0.033815138041973114
0.03394939377903938
0.03451288864016533
0.03453502431511879
0.03435514122247696
0.03399951383471489
0.03340527415275574
0.033480264246463776
0.03393665328621864
0.03367078676819801
0.033260516822338104
0.03343762457370758
0.03348530828952789
0.03327305242419243
0.03337752819061279
0.033545415848493576
0.033481989055871964
0.03353402018547058
0.033812329173088074
0.03395888954401016
0.034250371158123016
0.03466413542628288
0.034718725830316544
0.03402460739016533
0.033382199704647064
0.03319143131375313
0.03326138108968735
0.03341926634311676
0.03358030319213867
0.03352227434515953
0.033311352133750916
0.033233027905225754
0.033153463155031204
0.03301616385579109
0.033053044229745865
0.03324855491518974
0.033268146216869354
0.03306124359369278
0.0329437255859375
0.03296934813261032
0.03298776596784592
0.03302263095974922
0.03312484920024872
0.0332782156765461
0.03350087255239487
0.03389589861035347
0.034272488206624985
0.03447948396205902
0.03433392196893692
0.03419419378042221
0.033915869891643524
0.03364882245659828
0.03344716876745224
0.03362130746245384
0.03399140015244484
0.03405887633562088
0.03378122299909592
0.03325444087386131
0.032976049929857254
0.0331152006983757
0.03340044990181923
0.033471181988716125
0.03325986489653587
0.03313961997628212
0.03319636359810829
0.03315167501568794
0.03297083452343941
0.03291743993759155
0.033087871968746185
0.033242788165807724
0.033189430832862854
0.03308778628706932
0.033033743500709534
0.03300881385803223
0.03296332433819771
0.03290595859289169
0.032884541898965836
0.03296181559562683
0.0331689715385437
0.03347837179899216
0.03374840319156647
0.03405684232711792
0.034298092126846313
0.034540072083473206
0.034411631524562836
0.03408549353480339
0.03391474857926369
0.034380994737148285
0.03491337597370148
0.03514011204242706
0.03454272449016571
0.03376155346632004
0.03353716805577278
0.03379015624523163
0.03411344811320305
0.03401406481862068
0.03372005745768547
0.03352639079093933
0.033483922481536865
0.03343866020441055
0.033317930996418
0.03336264193058014
0.033509042114019394
0.03337796404957771
0.03318497911095619
0.03328881785273552
0.03361593186855316
0.03383459523320198
0.03401872143149376
0.034373097121715546
0.03486648574471474
0.034852974116802216
0.03468836098909378
0.034273695200681686
0.03386080637574196
0.03341365605592728
0.033367790281772614
0.033771973103284836
0.03397832065820694
0.033844199031591415
0.03366164118051529
0.03358786180615425
0.033370692282915115
0.0331185907125473
0.03313278406858444
0.03330662101507187
0.03335641697049141
0.033294763416051865
0.03319679945707321
0.03301382064819336
0.032879315316677094
0.032919321209192276
0.03297729417681694
0.03290504217147827
0.032916389405727386
0.033129751682281494
0.03332282975316048
0.03342995420098305
0.03369246423244476
0.034211792051792145
0.03497421368956566
0.035517629235982895
0.036334265023469925
0.03677906095981598
0.03719017282128334
0.03644814342260361
0.035818200558423996
0.035400956869125366
0.035768236964941025
0.03665618970990181
0.036637842655181885
0.03590485081076622
0.03447596728801727
0.03389672562479973
0.03460513427853584
0.03528667241334915
0.03511444106698036
0.03435181826353073
0.03391169756650925
0.033761169761419296
0.03386300057172775
0.03405245020985603
0.033906109631061554
0.03361808508634567
0.033700618892908096
0.033819448202848434
0.033328551799058914
0.03302374482154846
0.03337531536817551
0.03348797559738159
0.03313552960753441
0.03304550424218178
0.03329852595925331
0.03329886496067047
0.03314046561717987
0.0331980437040329
0.03325788676738739
0.0331045426428318
0.03303217887878418
0.03304890915751457
0.03294707462191582
0.03282077983021736
0.03287694603204727
0.03299044072628021
0.03311995044350624
0.033478498458862305
0.03416396677494049
0.034954339265823364
0.035773470997810364
0.035915594547986984
0.035478197038173676
0.034099213778972626
0.03351644426584244
0.03434660658240318
0.035554517060518265
0.03545057401061058
0.034256357699632645
0.033286094665527344
0.033466439694166183
0.03402337431907654
0.03412351757287979
0.033638495951890945
0.033136703073978424
0.03319337218999863
0.033552613109350204
0.03347400948405266
0.033035364001989365
0.03293127194046974
0.03314918652176857
0.033155202865600586
0.032988183200359344
0.03293367475271225
0.032923076301813126
0.03287578746676445
0.03295513242483139
0.033112846314907074
0.033167529851198196
0.03330450877547264
0.0338924415409565
0.034749068319797516
0.03575550392270088
0.03613617643713951
0.036174606531858444
0.03494452312588692
0.03343097120523453
0.032926417887210846
0.03372443839907646
0.034569863229990005
0.03440728411078453
0.033691443502902985
0.03312711790204048
0.03318163752555847
0.03361508622765541
0.03386608138680458
0.03361080586910248
0.033085793256759644
0.03299980238080025
0.03329867124557495
0.03342151641845703
0.03333583474159241
0.03330308198928833
0.033324990421533585
0.033155400305986404
0.03305048868060112
0.03313695639371872
0.03319733589887619
0.03307463973760605
0.032966647297143936
0.03297826647758484
0.032881155610084534
0.03270939737558365
0.03267057612538338
0.03274497762322426
0.032782405614852905
0.03278882056474686
0.03280603885650635
0.03277155011892319
0.03270221874117851
0.032712358981370926
0.03276494890451431
0.032745517790317535
0.03268494829535484
0.03274114802479744
0.0329403392970562
0.03326733037829399
0.033755190670490265
0.034522995352745056
0.035196248441934586
0.035580240190029144
0.034873608499765396
0.03393149748444557
0.033222295343875885
0.03322373703122139
0.0335969552397728
0.033890046179294586
0.03387397900223732
0.033480655401945114
0.03315919637680054
0.033068180084228516
0.03318227455019951
0.03338548168540001
0.03355450928211212
0.03363260254263878
0.03357499837875366
0.03394775837659836
0.034887444227933884
0.03610922768712044
0.03632710874080658
0.03533647581934929
0.03375013917684555
0.03318413347005844
0.03355470299720764
0.034093111753463745
0.03420378267765045
0.03359977528452873
0.0329916849732399
0.03316786512732506
0.03369509428739548
0.033509813249111176
0.032934390008449554
0.033002614974975586
0.03356519713997841
0.033913273364305496
0.034354131668806076
0.035393692553043365
0.03743954375386238
0.03907378762960434
0.040439702570438385
0.0379604697227478
0.0345899760723114
0.03321686014533043
0.035055894404649734
0.036769799888134
0.035888634622097015
0.03465626388788223
0.0343741774559021
0.03461860865354538
0.03495233133435249
0.035224705934524536
0.034866273403167725
0.03408247232437134
0.034416697919368744
0.03528209030628204
0.03469717502593994
0.03400058299303055
0.03430702164769173
0.03433365002274513
0.0336848720908165
0.03337226063013077
0.0334056131541729
0.03323817625641823
0.03337625041604042
0.03363805264234543
0.033314697444438934
0.03304879739880562
0.03334420919418335
0.033391304314136505
0.03311275690793991
0.03306790441274643
0.03311093896627426
0.03294554352760315
0.032923709601163864
0.033005524426698685
0.03284434974193573
0.032696183770895004
0.03277489170432091
0.03278149291872978
0.032683953642845154
0.03270182013511658
0.03276591747999191
0.032762039452791214
0.032863736152648926
0.033131301403045654
0.033398475497961044
0.0335860401391983
0.03373085334897041
0.03363685682415962
0.033279404044151306
0.03285057842731476
0.03270469978451729
0.03277154266834259
0.032904986292123795
0.03304918110370636
0.03306782990694046
0.032956186681985855
0.0328863188624382
0.033173106610774994
0.033789198845624924
0.034645531326532364
0.035296957939863205
0.035688117146492004
0.034977834671735764
0.0341608040034771
0.034033115953207016
0.0348241962492466
0.03507520630955696
0.03429189324378967
0.03324197605252266
0.03308568894863129
0.033681534230709076
0.03397514671087265
0.03367181494832039
0.033156801015138626
0.033120233565568924
0.033471643924713135
0.03345960006117821
0.032984692603349686
0.03274921327829361
0.03301491215825081
0.03315852954983711
0.03284803777933121
0.03264982998371124
0.032801996916532516
0.032888345420360565
0.03277401626110077
0.03268672153353691
0.03273509442806244
0.03284350782632828
0.03300602361559868
0.0332769900560379
0.033562082797288895
0.034033630043268204
0.03460220992565155
0.03505080193281174
0.03458262234926224
0.03356781229376793
0.032834939658641815
0.0329270176589489
0.03324020281434059
0.03334445506334305
0.03335544094443321
0.03334540128707886
0.0333050899207592
0.03310345858335495
0.0328795462846756
0.03271612152457237
0.03280886635184288
0.033074960112571716
0.03310650214552879
0.032873716205358505
0.03272208571434021
0.032857585698366165
0.03294027969241142
0.032733555883169174
0.03258378803730011
0.03269226849079132
0.03283722698688507
0.03287065029144287
0.03291478008031845
0.033043887466192245
0.033224042505025864
0.03332758694887161
0.03340311348438263
0.033287592232227325
0.03314857557415962
0.033158715814352036
0.0334584005177021
0.033788327127695084
0.033846549689769745
0.033767782151699066
0.03362758457660675
0.03342125192284584
0.03309052437543869
0.03293880820274353
0.03315209597349167
0.033472657203674316
0.03347630798816681
0.03323850408196449
0.03286083787679672
0.03265131637454033
0.03275072202086449
0.033028051257133484
0.033084504306316376
0.032787613570690155
0.032516587525606155
0.032565098255872726
0.032687507569789886
0.03266237676143646
0.03261590376496315
0.03272366523742676
0.032877616584300995
0.03298082947731018
0.03315157815814018
0.033520396798849106
0.03406187891960144
0.03490385040640831
0.035604022443294525
0.03608352318406105
0.035084739327430725
0.03372495248913765
0.032956793904304504
0.03333118185400963
0.033998753875494
0.034242790192365646
0.03439163416624069
0.03438796103000641
0.03423016518354416
0.034048691391944885
0.034046825021505356
0.03424391150474548
0.034112248569726944
0.033845361322164536
0.03364069014787674
0.033254582434892654
0.03295951709151268
0.03307501971721649
0.033286117017269135
0.033179059624671936
0.03295411542057991
0.03299567475914955
0.03299513831734657
0.03281152993440628
0.03288153186440468
0.03320830687880516
0.03345642611384392
0.033981803804636
0.035072848200798035
0.03670556843280792
0.03733031451702118
0.03733636811375618
0.03567017242312431
0.033865757286548615
0.0330260694026947
0.03397301211953163
0.03544336557388306
0.03533085435628891
0.03412354737520218
0.03339353948831558
0.0337555967271328
0.03414786979556084
0.03431767225265503
0.034466199576854706
0.034197840839624405
0.03395676240324974
0.034161921590566635
0.03442845866084099
0.03411787748336792
0.033782895654439926
0.03395337983965874
0.033555466681718826
0.03283983841538429
0.03285514935851097
0.03332940861582756
0.03333895653486252
0.03310714289546013
0.033142056316137314
0.033029478043317795
0.032775748521089554
0.032807592302560806
0.03288117051124573
0.032783739268779755
0.0329010896384716
0.03325621038675308
0.033475928008556366
0.0336209312081337
0.033998023718595505
0.03413553163409233
0.03387802094221115
0.03347247838973999
0.03352043032646179
0.0338282585144043
0.034187253564596176
0.03419462591409683
0.03387731313705444
0.033114634454250336
0.03272984176874161
0.03293889760971069
0.03317169100046158
0.033185843378305435
0.03310908004641533
0.032958485186100006
0.03268130496144295
0.03264201804995537
0.03292430192232132
0.033053237944841385
0.03280851989984512
0.03260631486773491
0.032723430544137955
0.03294963017106056
0.033083830028772354
0.033200375735759735
0.03323600813746452
0.03321519494056702
0.033102989196777344
0.03302891179919243
0.032886214554309845
0.03277819603681564
0.03278133645653725
0.03275956213474274
0.03260708227753639
0.032488398253917694
0.032600563019514084
0.032742951065301895
0.032733816653490067
0.032663628458976746
0.03267267346382141
0.03263045474886894
0.03245925158262253
0.032305486500263214
0.032308436930179596
0.032373182475566864
0.03240251541137695
0.032413750886917114
0.03241876885294914
0.0324067585170269
0.03239312022924423
0.03239734470844269
0.03238607570528984
0.03236749768257141
0.032414551824331284
0.0326007641851902
0.03292575851082802
0.033471569418907166
0.03426993265748024
0.035374581813812256
0.035852864384651184
0.035413868725299835
0.03373948484659195
0.032772246748209
0.03321600705385208
0.034111037850379944
0.034359995275735855
0.03402698412537575
0.0340803824365139
0.03449214622378349
0.03507350757718086
0.035477105528116226
0.03586110472679138
0.03649277985095978
0.035898737609386444
0.035031527280807495
0.03415324538946152
0.03405196592211723
0.03395077586174011
0.03359256312251091
0.03385080397129059
0.034319110214710236
0.034204691648483276
0.0337541438639164
0.03401780128479004
0.03448038920760155
0.03413321077823639
0.0334751233458519
0.0336034893989563
0.03375466912984848
0.03342354670166969
0.03333527594804764
0.03376377746462822
0.03381803631782532
0.03365873917937279
0.033859360963106155
0.03395590931177139
0.0335441529750824
0.03321382775902748
0.033674612641334534
0.03411313146352768
0.03419611603021622
0.03427831083536148
0.03428592532873154
0.03345165401697159
0.03271564096212387
0.032835304737091064
0.0331590361893177
0.033052198588848114
0.032956838607788086
0.03310529887676239
0.0329488180577755
0.032595738768577576
0.03256260231137276
0.03274081274867058
0.032719749957323074
0.03269397094845772
0.03290066868066788
0.03302653878927231
0.0330117866396904
0.03327598795294762
0.033985428512096405
0.03495291620492935
0.03543151542544365
0.03566591814160347
0.034773048013448715
0.0335160568356514
0.032695572823286057
0.033128660172224045
0.034079112112522125
0.03421776741743088
0.03361589461565018
0.032980822026729584
0.03288701921701431
0.0330132357776165
0.03309934586286545
0.03320237994194031
0.03307409584522247
0.032731711864471436
0.03254587575793266
0.0327027328312397
0.03282192721962929
0.032682303339242935
0.03260678052902222
0.03269973397254944
0.03267347067594528
0.03245128318667412
0.03230247646570206
0.03236719220876694
0.0324394591152668
0.03239618241786957
0.032377202063798904
0.03245030343532562
0.0324845053255558
0.032450396567583084
0.032461829483509064
0.03256784379482269
0.03260694444179535
0.03254023566842079
0.03244336321949959
0.03243345022201538
0.03245696797966957
0.032481152564287186
0.03259020298719406
0.032944999635219574
0.03360135480761528
0.03470601513981819
0.03578206151723862
0.0366746224462986
0.03559118136763573
0.033609308302402496
0.032717928290367126
0.034076936542987823
0.035922273993492126
0.0359681062400341
0.035742659121751785
0.03677169978618622
0.03951382264494896
0.03973792493343353
0.037176914513111115
0.03420139476656914
0.03483223542571068
0.036076098680496216
0.03566758334636688
0.03462394326925278
0.03478839620947838
0.035678260028362274
0.03534821793437004
0.03502386808395386
0.03532963991165161
0.035473305732011795
0.03543270751833916
0.03517582267522812
0.03464207053184509
0.034304842352867126
0.03422601521015167
0.03415801003575325
0.03367125615477562
0.03353581205010414
0.03381703421473503
0.033570848405361176
0.03309711441397667
0.033209189772605896
0.03324040770530701
0.03291487321257591
0.03288395330309868
0.03300569951534271
0.032831065356731415
0.032727327197790146
0.03285378962755203
0.03278721496462822
0.032631441950798035
0.03273547440767288
0.03290008381009102
0.03296505659818649
0.03328941762447357
0.034258268773555756
0.0356534868478775
0.0377848856151104
0.0392012745141983
0.03986230492591858
0.036660902202129364
0.03407004848122597
0.034867849200963974
0.03734567016363144
0.038196172565221786
0.035997919738292694
0.034218549728393555
0.03408385068178177
0.035060930997133255
0.035632796585559845
0.03457896038889885
0.033493772149086
0.033759500831365585
0.034488484263420105
0.03421862795948982
0.033409856259822845
0.03345714509487152
0.03370654582977295
0.033337533473968506
0.03312447667121887
0.03341123089194298
0.03331705927848816
0.03282277658581734
0.03280516713857651
0.03295471891760826
0.03280424326658249
0.03276640549302101
0.03286587446928024
0.032736390829086304
0.032550789415836334
0.03258723020553589
0.03260759264230728
0.03249691054224968
0.03247528523206711
0.03257942944765091
0.032649699598550797
0.03274279087781906
0.033037152141332626
0.033427439630031586
0.03365748003125191
0.03362535312771797
0.033348198980093
0.032871365547180176
0.03246298432350159
0.03257125988602638
0.03299632668495178
0.033189013600349426
0.032941609621047974
0.03261007368564606
0.032436553388834
0.032526567578315735
0.032725051045417786
0.03278451785445213
0.03258652612566948
0.032320570200681686
0.03226228803396225
0.03240709379315376
0.03249705210328102
0.03243111073970795
0.03230627253651619
0.03222419694066048
0.03218136355280876
0.03220023959875107
0.03227701783180237
0.03231015056371689
0.03224363178014755
0.03216039761900902
0.032146792858839035
0.03219091519713402
0.03226224333047867
0.032382577657699585
0.03257138282060623
0.03283054754137993
0.03309759497642517
0.03342673182487488
0.033623434603214264
0.03374652564525604
0.033483102917671204
0.03312050923705101
0.03288423642516136
0.03294895589351654
0.03320448100566864
0.033303726464509964
0.03321493789553642
0.03285401687026024
0.03253747895359993
0.03247898817062378
0.0326567143201828
0.03281858563423157
0.03273849934339523
0.03256101906299591
0.03245978057384491
0.032445795834064484
0.03241613879799843
0.03237512335181236
0.03240343555808067
0.032442498952150345
0.03242083638906479
0.03234565258026123
0.032285064458847046
0.03224661573767662
0.03222007304430008
0.03223887085914612
0.03230627626180649
0.03234386071562767
0.032288722693920135
0.032178208231925964
0.03211144357919693
0.03211546689271927
0.03213849291205406
0.0321538969874382
0.03216385841369629
0.03217436373233795
0.03219836577773094
0.032305434346199036
0.03255578130483627
0.0329376645386219
0.033336393535137177
0.0336216539144516
0.03360016271471977
0.03351329267024994
0.033341631293296814
0.03340896591544151
0.033625368028879166
0.03416601940989494
0.03463611751794815
0.03503837436437607
0.034883271902799606
0.03404812142252922
0.03329239785671234
0.033152513206005096
0.03370237350463867
0.0341649055480957
0.03376813605427742
0.03313451632857323
0.0332619808614254
0.034148357808589935
0.03465966507792473
0.03452124446630478
0.034318290650844574
0.03494742140173912
0.035181086510419846
0.03474827855825424
0.03370964899659157
0.03314889594912529
0.03310876712203026
0.033229026943445206
0.033457010984420776
0.033461932092905045
0.03326505795121193
0.033243559300899506
0.033357828855514526
0.033158157020807266
0.03275356814265251
0.032810453325510025
0.03317420557141304
0.03296401724219322
0.03242850303649902
0.03237922489643097
0.032645661383867264
0.03256135806441307
0.03230014443397522
0.03234794735908508
0.03248671442270279
0.032427266240119934
0.03241755813360214
0.0326019786298275
0.03280017524957657
0.032976385205984116
0.03349264711141586
0.03427679091691971
0.035174835473299026
0.03561130911111832
0.03601638600230217
0.03568973392248154
0.03540783002972603
0.03465550020337105
0.03476492688059807
0.03536481410264969
0.03539666905999184
0.035111550241708755
0.03428453579545021
0.0335690975189209
0.03332797810435295
0.033891577273607254
0.03446236252784729
0.03384936600923538
0.0331517830491066
0.03326443210244179
0.033339597284793854
0.03294197469949722
0.03288722038269043
0.033264078199863434
0.03308770805597305
0.03265121579170227
0.0328318327665329
0.03307506814599037
0.03271252661943436
0.03240233659744263
0.03252825886011124
0.032533980906009674
0.03234988451004028
0.03236015513539314
0.03240690380334854
0.03227677196264267
0.03221183270215988
0.03229423984885216
0.032281260937452316
0.03221248462796211
0.032311324030160904
0.03248582407832146
0.03263193368911743
0.03290967643260956
0.033497124910354614
0.034009356051683426
0.03421740606427193
0.03380633518099785
0.033326663076877594
0.033044300973415375
0.03343312069773674
0.034294404089450836
0.03533077985048294
0.035227082669734955
0.03411298617720604
0.03302532434463501
0.03302210941910744
0.033590663224458694
0.03362139314413071
0.03311808407306671
0.03277244418859482
0.03281490504741669
0.033025112003088
0.03293215110898018
0.03255389258265495
0.03240964561700821
0.032660339027643204
0.0327412374317646
0.03238464891910553
0.03219543769955635
0.03242781013250351
0.03251712769269943
0.03227346017956734
0.032167475670576096
0.032357752323150635
0.03250264748930931
0.032589420676231384
0.033049434423446655
0.03398098424077034
0.03544509783387184
0.03679836913943291
0.0379713699221611
0.03663339465856552
0.03418738394975662
0.032563500106334686
0.033413276076316833
0.034824188798666
0.034751955419778824
0.033845338970422745
0.03340043127536774
0.03367118164896965
0.03358122706413269
0.03330399468541145
0.033200427889823914
0.03314328193664551
0.03314884379506111
0.033114150166511536
0.03291624039411545
0.032697729766368866
0.032910410314798355
0.033322788774967194
0.033342719078063965
0.03344462811946869
0.034147657454013824
0.03477388620376587
0.034555066376924515
0.0337158739566803
0.03312605246901512
0.03281334042549133
0.032664790749549866
0.03303727135062218
0.03344082832336426
0.033116888254880905
0.03267838433384895
0.03275611996650696
0.03297991678118706
0.0328889861702919
0.03289409354329109
0.03307703882455826
0.03306825831532478
0.03291986137628555
0.03294790908694267
0.032930728048086166
0.03288276493549347
0.032962724566459656
0.03305249661207199
0.032657235860824585
0.032207146286964417
0.032220274209976196
0.03239652141928673
0.03234367445111275
0.03228547424077988
0.03238522633910179
0.032384566962718964
0.032285187393426895
0.03229096159338951
0.03233770653605461
0.03226770460605621
0.03220164030790329
0.032284460961818695
0.03242803364992142
0.032567426562309265
0.03283271566033363
0.033078987151384354
0.03318684175610542
0.0329589881002903
0.03268929943442345
0.032411109656095505
0.0321895033121109
0.03219098597764969
0.03245318681001663
0.032703813165426254
0.03267081454396248
0.03246045485138893
0.03236833214759827
0.03248994052410126
0.03281046450138092
0.0331980437040329
0.033571768552064896
0.0335400365293026
0.033237431198358536
0.03277820348739624
0.03256659954786301
0.03256408870220184
0.032670605927705765
0.032801106572151184
0.0327170193195343
0.0324460044503212
0.032238394021987915
0.032368242740631104
0.03260546177625656
0.032603196799755096
0.032382018864154816
0.0322059765458107
0.03217953070998192
0.032156672328710556
0.03211066871881485
0.03212486207485199
0.03217904269695282
0.03216516226530075
0.0320972204208374
0.03207416832447052
0.0321110263466835
0.03216373920440674
0.0322505421936512
0.03244713693857193
0.032822154462337494
0.0333608016371727
0.03419024124741554
0.03481045737862587
0.03510204330086708
0.0341394878923893
0.032963868230581284
0.03245817869901657
0.0328969843685627
0.03354645147919655
0.03373373672366142
0.03376535698771477
0.033634789288043976
0.03333621472120285
0.0329853892326355
0.032905213534832
0.03315255790948868
0.0331350676715374
0.03302718698978424
