# lbfgs, lr=0.8, alpha = 1000000, beta = 0.1
# best_iter: 59, best_loss = 0.05407773703336716, imsave period = 10
9.354694366455078
0.4794088304042816
0.21530835330486298
0.14942285418510437
0.12426891922950745
0.10756072402000427
0.09789911657571793
0.09089230000972748
0.08548982441425323
0.08099599182605743
0.07794247567653656
0.0751398429274559
0.07261617481708527
0.07102405279874802
0.06933034956455231
0.06757454574108124
0.06620898097753525
0.06527263671159744
0.06408336758613586
0.06375639140605927
0.06259314715862274
0.06191186234354973
0.06155485287308693
0.06134481728076935
0.06026706099510193
0.06099558621644974
0.059731073677539825
0.059316106140613556
0.05860929191112518
0.05838053300976753
0.058055296540260315
0.05912395566701889
0.05775032937526703
0.05710722506046295
0.057108841836452484
0.05682440847158432
0.056982629001140594
0.22214198112487793
0.08265794068574905
0.06716778874397278
0.0624961331486702
0.060003072023391724
0.05843810737133026
0.05741965398192406
0.05665124952793121
0.05604248866438866
0.05561442673206329
0.05523109808564186
0.05494355782866478
0.054728612303733826
0.05464904010295868
0.05449160560965538
0.05437440797686577
0.05459427088499069
0.05421947315335274
0.0617319792509079
0.05612039193511009
0.054847732186317444
0.05432688817381859
0.05407773703336716
0.12338141351938248
0.05739792808890343
0.055584587156772614
0.054770905524492264
0.05442531406879425
0.05496595799922943
0.23673075437545776
1.1412217617034912
0.22442850470542908
0.09934821724891663
0.08191589266061783
0.07260745763778687
0.06731371581554413
0.06405118107795715
0.06202680990099907
0.06046371906995773
0.05916566401720047
0.058185577392578125
0.05743666738271713
0.056821055710315704
0.05629754066467285
0.05586421117186546
0.05553659796714783
0.05529733747243881
0.05549073591828346
0.05487619712948799
0.05908888205885887
0.05487470328807831
0.05467674881219864
0.054742977023124695
0.054470762610435486
0.054901719093322754
0.05912898853421211
0.05457720160484314
0.5248240828514099
17.340898513793945
1.0694637298583984
0.25053203105926514
0.15113399922847748
0.11560271680355072
