# adam, lr=0.01, alpha = 1000000, beta = 0.1
# best_iter: 2947, best_loss = 0.12513364851474762, imsave period = 300
15.082174301147461
10.087307929992676
7.798921585083008
6.486516952514648
5.663269519805908
5.088952541351318
4.6506733894348145
4.29651403427124
3.9952523708343506
3.7294743061065674
3.489499568939209
3.269596815109253
3.0669682025909424
2.8809258937835693
2.7104222774505615
2.553891181945801
2.4101979732513428
2.2784535884857178
2.1577816009521484
2.0472583770751953
1.9458884000778198
1.852883219718933
1.7675189971923828
1.6888715028762817
1.6165236234664917
1.5498461723327637
1.4882525205612183
1.4312613010406494
1.3784829378128052
1.329466700553894
1.2839899063110352
1.2416714429855347
1.2022141218185425
1.1654618978500366
1.1311399936676025
1.0990090370178223
1.0689160823822021
1.0407334566116333
1.01431143283844
0.9895063638687134
0.9661719799041748
0.9442371129989624
0.9235925078392029
0.9041146039962769
0.8857268691062927
0.8683637380599976
0.8519646525382996
0.8364182114601135
0.8216705918312073
0.8076496124267578
0.7943638563156128
0.7817124128341675
0.7696775794029236
0.7582324743270874
0.7472796440124512
0.7368136048316956
0.7268515229225159
0.7172869443893433
0.7081134915351868
0.6993383169174194
0.6908835172653198
0.6827535033226013
0.6749744415283203
0.6674687266349792
0.6602351665496826
0.65326988697052
0.6465373635292053
0.6400476098060608
0.6338019371032715
0.6277072429656982
0.621824324131012
0.6161128282546997
0.6105943918228149
0.6052402257919312
0.6000374555587769
0.5949878692626953
0.5900759100914001
0.5852721333503723
0.5806447863578796
0.5761259198188782
0.5717283487319946
0.5674462914466858
0.5632525682449341
0.5591596961021423
0.5551725625991821
0.5512602925300598
0.5474538803100586
0.543739378452301
0.5400785207748413
0.5365118980407715
0.5330161452293396
0.5295990705490112
0.5262466073036194
0.5229837894439697
0.5197404623031616
0.5165808200836182
0.5134874582290649
0.5104246735572815
0.5074266791343689
0.50450599193573
0.5016130805015564
0.4987693428993225
0.49597257375717163
0.4932355284690857
0.4905403256416321
0.48787829279899597
0.48526066541671753
0.4826807379722595
0.48015928268432617
0.4776548147201538
0.4751935601234436
0.4727635383605957
0.4703827202320099
0.4680306315422058
0.4656943082809448
0.4634081721305847
0.46114808320999146
0.4589075744152069
0.4567047953605652
0.45452433824539185
0.45237821340560913
0.4502473473548889
0.44814497232437134
0.44607341289520264
0.4440213143825531
0.4420049786567688
0.4400041699409485
0.43801549077033997
0.43605709075927734
0.43411797285079956
0.432209312915802
0.43031370639801025
0.42843392491340637
0.4265739321708679
0.42474520206451416
0.4229170083999634
0.4211176037788391
0.41933560371398926
0.41756853461265564
0.41582030057907104
0.4140881896018982
0.4123670756816864
0.4106651544570923
0.40898430347442627
0.4073168635368347
0.4056647717952728
0.40402883291244507
0.4024019241333008
0.40079736709594727
0.3992069959640503
0.3976215720176697
0.3960575461387634
0.3945043683052063
0.3929676413536072
0.3914412558078766
0.38992899656295776
0.38842910528182983
0.38694262504577637
0.3854716420173645
0.3840081989765167
0.3825550079345703
0.3811180591583252
0.37968897819519043
0.37826818227767944
0.37686610221862793
0.375471293926239
0.37408649921417236
0.37271130084991455
0.3713526129722595
0.3699972629547119
0.3686506748199463
0.3673180937767029
0.3659965991973877
0.3646800220012665
0.3633773922920227
0.362085223197937
0.36079755425453186
0.35952281951904297
0.35825586318969727
0.3569977283477783
0.3557487726211548
0.3545111417770386
0.3532794713973999
0.3520541191101074
0.3508402705192566
0.3496350646018982
0.34843748807907104
0.34724780917167664
0.34606343507766724
0.3448898196220398
0.34372520446777344
0.34256529808044434
0.3414154052734375
0.34027236700057983
0.33913761377334595
0.3380109667778015
0.3368914723396301
0.3357781171798706
0.3346743881702423
0.33357465267181396
0.3324841260910034
0.3313986659049988
0.3303226828575134
0.32925114035606384
0.3281913995742798
0.3271332383155823
0.3260831832885742
0.3250410556793213
0.32400476932525635
0.32297492027282715
0.32194942235946655
0.320931613445282
0.3199213743209839
0.31891727447509766
0.3179190456867218
0.3169272541999817
0.3159404993057251
0.3149600625038147
0.3139837980270386
0.313015878200531
0.3120545744895935
0.3110959529876709
0.3101436495780945
0.30919891595840454
0.3082572817802429
0.3073239326477051
0.3063949942588806
0.30547136068344116
0.30455225706100464
0.3036412000656128
0.30273279547691345
0.3018318712711334
0.30093541741371155
0.3000447750091553
0.2991587519645691
0.2982769310474396
0.29740196466445923
0.29653072357177734
0.2956660985946655
0.2948073744773865
0.29395246505737305
0.29310184717178345
0.2922561466693878
0.29141557216644287
0.29058027267456055
0.28974997997283936
0.28892457485198975
0.28810256719589233
0.2872852385044098
0.2864740192890167
0.2856667637825012
0.2848632335662842
0.2840665280818939
0.28327441215515137
0.28248676657676697
0.28170329332351685
0.2809233069419861
0.28014785051345825
0.2793773114681244
0.2786105275154114
0.27784982323646545
0.27709275484085083
0.2763397693634033
0.2755924463272095
0.27484816312789917
0.2741079330444336
0.2733726501464844
0.2726421356201172
0.27191489934921265
0.27119189500808716
0.27047330141067505
0.2697600722312927
0.26904985308647156
0.26834386587142944
0.26764288544654846
0.2669448256492615
0.2662504315376282
0.2655600905418396
0.26487308740615845
0.2641913890838623
0.26351213455200195
0.26283711194992065
0.26216593384742737
0.2614983320236206
0.2608349919319153
0.2601751685142517
0.2595174312591553
0.2588649094104767
0.25821512937545776
0.25756901502609253
0.25692686438560486
0.25628769397735596
0.25565284490585327
0.25502127408981323
0.25439196825027466
0.2537676692008972
0.2531466782093048
0.2525286376476288
0.25191357731819153
0.25130295753479004
0.25069546699523926
0.25009122490882874
0.24949051439762115
0.24889232218265533
0.24829831719398499
0.24770744144916534
0.24711883068084717
0.24653705954551697
0.24595507979393005
0.24537812173366547
0.24480438232421875
0.24423523247241974
0.2436673641204834
0.2431042194366455
0.2425425797700882
0.2419854998588562
0.24142634868621826
0.2408750057220459
0.24032235145568848
0.23977509140968323
0.23922911286354065
0.2386893928050995
0.23814955353736877
0.23761607706546783
0.23708394169807434
0.23655709624290466
0.23603248596191406
0.23551514744758606
0.23499518632888794
0.23448288440704346
0.23396384716033936
0.23345446586608887
0.23293815553188324
0.23242977261543274
0.2319200187921524
0.23141738772392273
0.230915367603302
0.2304179072380066
0.22992198169231415
0.22943130135536194
0.22894221544265747
0.22845645248889923
0.2279740869998932
0.2274964451789856
0.22702454030513763
0.22656194865703583
0.22610044479370117
0.22564753890037537
0.22518029808998108
0.2247125208377838
0.22422993183135986
0.22376114130020142
0.2232946753501892
0.22283940017223358
0.22238823771476746
0.22194230556488037
0.22150763869285583
0.22107437252998352
0.22065061330795288
0.22020873427391052
0.2197660505771637
0.21930667757987976
0.21886098384857178
0.21841846406459808
0.21798650920391083
0.21755845844745636
0.2171352207660675
0.2167220115661621
0.21631386876106262
0.215920090675354
0.21552376449108124
0.2151302993297577
0.2147044837474823
0.21427381038665771
0.21383289992809296
0.21341784298419952
0.2130136489868164
0.2126191258430481
0.21224024891853333
0.21186217665672302
0.2114955186843872
0.21110332012176514
0.21070557832717896
0.2102828174829483
0.2098761796951294
0.20947657525539398
0.20909444987773895
0.2087239921092987
0.20836201310157776
0.20801888406276703
0.2076711356639862
0.2073243260383606
0.2069396823644638
0.20654329657554626
0.20612964034080505
0.20574721693992615
0.20538383722305298
0.20503398776054382
0.2047034502029419
0.20437410473823547
0.2040553241968155
0.20370595157146454
0.20333757996559143
0.2029348909854889
0.20255735516548157
0.2021958827972412
0.20185816287994385
0.20154038071632385
0.20123207569122314
0.20094700157642365
0.20063619315624237
0.20030264556407928
0.19991040229797363
0.19952791929244995
0.19916346669197083
0.1988440454006195
0.19854959845542908
0.1982651650905609
0.19798797369003296
0.19766980409622192
0.19732245802879333
0.19693772494792938
0.19658330082893372
0.1962563693523407
0.19595490396022797
0.19567714631557465
0.1954011619091034
0.19513410329818726
0.19483110308647156
0.19450333714485168
0.19413582980632782
0.19379261136054993
0.1934725046157837
0.19318276643753052
0.19291889667510986
0.1926678717136383
0.1924370974302292
0.19218114018440247
0.1918749213218689
0.19150182604789734
0.1911431849002838
0.1908329725265503
0.1905750334262848
0.19034534692764282
0.1901066154241562
0.18985648453235626
0.18954667448997498
0.18920676410198212
0.1888599842786789
0.18856552243232727
0.18830260634422302
0.18806394934654236
0.18785437941551208
0.18764398992061615
0.18741384148597717
0.1871083825826645
0.18676501512527466
0.1864130198955536
0.186136394739151
0.1859084814786911
0.18570202589035034
0.1855117380619049
0.18528461456298828
0.1850016713142395
0.18465393781661987
0.18433299660682678
0.18405768275260925
0.18382751941680908
0.18363216519355774
0.18344303965568542
0.18325580656528473
0.1830146759748459
0.18271605670452118
0.18236705660820007
0.18207281827926636
0.18183602392673492
0.18164072930812836
0.18147708475589752
0.18129734694957733
0.1810847967863083
0.1807914674282074
0.1804676055908203
0.18016040325164795
0.17993324995040894
0.17975446581840515
0.179589182138443
0.1794343888759613
0.17923225462436676
0.17896459996700287
0.17863279581069946
0.17833846807479858
0.1781008243560791
0.1779133677482605
0.17776554822921753
0.17761847376823425
0.17745518684387207
0.1772192418575287
0.1769186556339264
0.17659126222133636
0.17634370923042297
0.17616170644760132
0.17601530253887177
0.17589963972568512
0.17575743794441223
0.17554515600204468
0.17523862421512604
0.17492152750492096
0.17466424405574799
0.17449113726615906
0.17436611652374268
0.17424610257148743
0.17410491406917572
0.17388403415679932
0.1735827922821045
0.17326971888542175
0.17304284870624542
0.17287904024124146
0.1727505773305893
0.17264971137046814
0.17253047227859497
0.17233715951442719
0.17204973101615906
0.1717376708984375
0.17148718237876892
0.1713312268257141
0.17122924327850342
0.17112834751605988
0.17100046575069427
0.1707947552204132
0.17050470411777496
0.1701984405517578
0.1699887216091156
0.16984716057777405
0.16973884403705597
0.1696511209011078
0.1695360392332077
0.16934341192245483
0.16906149685382843
0.16876903176307678
0.16854259371757507
0.16840419173240662
0.1683136224746704
0.16822844743728638
0.16811510920524597
0.16792531311511993
0.1676555871963501
0.1673617660999298
0.16715531051158905
0.16701902449131012
0.1669236570596695
0.16686372458934784
0.16679716110229492
0.1666599065065384
0.16640600562095642
0.16609475016593933
0.16583886742591858
0.16571097075939178
0.16564680635929108
0.16558435559272766
0.1654966026544571
0.16531449556350708
0.16503752768039703
0.16474317014217377
0.16455958783626556
0.16445690393447876
0.16439005732536316
0.1643429398536682
0.16426298022270203
0.16409780085086823
0.16381685435771942
0.16353079676628113
0.1633317768573761
0.16323283314704895
0.16318157315254211
0.16313394904136658
0.16304729878902435
0.16286104917526245
0.16259151697158813
0.16231344640254974
0.16214682161808014
0.16206252574920654
0.16201648116111755
0.16199974715709686
0.1619565188884735
0.1617874801158905
0.1614859402179718
0.16119199991226196
0.16102908551692963
0.16098237037658691
0.16095994412899017
0.16089822351932526
0.16074536740779877
0.16048230230808258
0.1602230966091156
0.1600458174943924
0.1599489152431488
0.15990769863128662
0.15989115834236145
0.15987643599510193
0.1597893238067627
0.15955175459384918
0.15923020243644714
0.15900647640228271
0.15891748666763306
0.15890681743621826
0.15889020264148712
0.15881112217903137
0.15861868858337402
0.15833592414855957
0.15810845792293549
0.1579764187335968
0.15791335701942444
0.15790748596191406
0.1579326093196869
0.15792563557624817
0.157811239361763
0.15750619769096375
0.15717220306396484
0.15702547132968903
0.15701888501644135
0.15703630447387695
0.1569882482290268
0.15682992339134216
0.15657003223896027
0.15630613267421722
0.15616527199745178
0.15610913932323456
0.1560998558998108
0.1561284214258194
0.15615244209766388
0.1560516357421875
0.15579628944396973
0.15546815097332
0.15526992082595825
0.1552446037530899
0.1552729457616806
0.15526995062828064
0.15516342222690582
0.15493641793727875
0.15466667711734772
0.15447378158569336
0.15440310537815094
0.15439936518669128
0.15443554520606995
0.1544894278049469
0.15448401868343353
0.1542571485042572
0.15389619767665863
0.15365907549858093
0.15362629294395447
0.15368114411830902
0.15368708968162537
0.1535927951335907
0.15335959196090698
0.15306946635246277
0.15291503071784973
0.15286844968795776
0.1528800129890442
0.15293768048286438
0.15300613641738892
0.15295135974884033
0.1527174711227417
0.15235364437103271
0.15214522182941437
0.15215837955474854
0.15219518542289734
0.15219800174236298
0.15209192037582397
0.15185101330280304
0.151604562997818
0.15144458413124084
0.15140002965927124
0.1514092981815338
0.1514553725719452
0.15155939757823944
0.15164875984191895
0.1514618694782257
0.15108993649482727
0.15080076456069946
0.1507474184036255
0.15080580115318298
0.1508072465658188
0.150730699300766
0.15052853524684906
0.15023592114448547
0.15009725093841553
0.15006709098815918
0.1500522494316101
0.15009906888008118
0.15022563934326172
0.15036220848560333
0.15036460757255554
0.14995327591896057
0.14956215023994446
0.149473175406456
0.14950886368751526
0.14957213401794434
0.14952659606933594
0.14928855001926422
0.14902111887931824
0.14886215329170227
0.14883562922477722
0.1488446742296219
0.1488531082868576
0.14895743131637573
0.14908738434314728
0.14897075295448303
0.14868633449077606
0.14836058020591736
0.1481965184211731
0.14821265637874603
0.14825792610645294
0.14827340841293335
0.14816725254058838
0.14790302515029907
0.14769771695137024
0.14758822321891785
0.1475202739238739
0.14749129116535187
0.14752164483070374
0.14770230650901794
0.14802396297454834
0.1481521874666214
0.1480744183063507
0.1474803388118744
0.14705675840377808
0.14722195267677307
0.1474275439977646
0.14735764265060425
0.147011399269104
0.14667272567749023
0.1466633677482605
0.14677996933460236
0.14682473242282867
0.1467614471912384
0.14656314253807068
0.14629331231117249
0.14609232544898987
0.1460369974374771
0.14607752859592438
0.14616841077804565
0.1462724357843399
0.1463685780763626
0.1462496668100357
0.14589843153953552
0.145587757229805
0.14552447199821472
0.14564171433448792
0.14572197198867798
0.1456894427537918
0.14552757143974304
0.1452661156654358
0.1450449824333191
0.14499466121196747
0.14504924416542053
0.1451299488544464
0.1452179104089737
0.1452329158782959
0.14512017369270325
0.1448337733745575
0.14453555643558502
0.1444917470216751
0.14457032084465027
0.14463238418102264
0.1446956843137741
0.14472705125808716
0.1445896029472351
0.14430475234985352
0.14403504133224487
0.14400412142276764
0.1440817415714264
0.1441144049167633
0.14419370889663696
0.1442721039056778
0.1441802680492401
0.14389529824256897
0.14360667765140533
0.14357595145702362
0.14360563457012177
0.14357444643974304
0.14365002512931824
0.14382043480873108
0.14386813342571259
0.14374476671218872
0.14344751834869385
0.14325927197933197
0.14315460622310638
0.14304585754871368
0.14313392341136932
0.14325682818889618
0.1432601511478424
0.1432202160358429
0.14314046502113342
0.1429361253976822
0.1426689177751541
0.1425338089466095
0.14257173240184784
0.14263403415679932
0.1426830142736435
0.1428636908531189
0.14302076399326324
0.14292968809604645
0.14257439970970154
0.1422601342201233
0.14220662415027618
0.14225554466247559
0.14230823516845703
0.14246296882629395
0.1425919085741043
0.14240410923957825
0.14206387102603912
0.14185179769992828
0.14178436994552612
0.14179441332817078
0.1418207585811615
0.1419367790222168
0.14203765988349915
0.14193874597549438
0.1417372226715088
0.14153659343719482
0.14138585329055786
0.14129212498664856
0.14128230512142181
0.14141273498535156
0.14162957668304443
0.1417742818593979
0.14185558259487152
0.14156986773014069
0.14112268388271332
0.14096663892269135
0.1410771608352661
0.14128728210926056
0.1413707733154297
0.14121343195438385
0.14091166853904724
0.140657439827919
0.14061027765274048
0.14070188999176025
0.1408388316631317
0.14101916551589966
0.1411595344543457
0.14096993207931519
0.14057102799415588
0.14030173420906067
0.14033807814121246
0.14050883054733276
0.14060354232788086
0.14059379696846008
0.14041487872600555
0.14010310173034668
0.1399633139371872
0.1399761438369751
0.1401006281375885
0.14028100669384003
0.14046066999435425
0.1405172199010849
0.1403682380914688
0.13992950320243835
0.13966765999794006
0.13974636793136597
0.13994912803173065
0.14006415009498596
0.13996998965740204
0.13974082469940186
0.13953004777431488
0.13937675952911377
0.13940954208374023
0.13953188061714172
0.13972923159599304
0.13991335034370422
0.1399681568145752
0.13969862461090088
0.1392819881439209
0.13910500705242157
0.13920928537845612
0.13938677310943604
0.1395195871591568
0.1394936740398407
0.13924160599708557
0.1389206200838089
0.13878688216209412
0.13884247839450836
0.13897953927516937
0.1391347497701645
0.13929346203804016
0.13924768567085266
0.13897578418254852
0.13867445290088654
0.13851672410964966
0.13862162828445435
0.13881655037403107
0.13901863992214203
0.1390785127878189
0.13891562819480896
0.13853958249092102
0.1382804811000824
0.1383148580789566
0.13849958777427673
0.13868653774261475
0.13876163959503174
0.13865183293819427
0.13833288848400116
0.13804104924201965
0.1380223035812378
0.13814285397529602
0.13832679390907288
0.13850592076778412
0.1386294960975647
0.1384386122226715
0.13803061842918396
0.1378297209739685
0.13787439465522766
0.1380927413702011
0.13828623294830322
0.1383574903011322
0.13815392553806305
0.1377750039100647
0.1375969797372818
0.13762958347797394
0.13781702518463135
0.1380217969417572
0.13819096982479095
0.1381094604730606
0.1377648264169693
0.13746808469295502
0.13739760220050812
0.13757126033306122
0.13776807487010956
0.13792484998703003
0.13783589005470276
0.1375422477722168
0.13728433847427368
0.1371692717075348
0.1372891068458557
0.13748475909233093
0.13773393630981445
0.1378711313009262
0.13777117431163788
0.1373845934867859
0.13700103759765625
0.13704822957515717
0.13727255165576935
0.13751327991485596
0.13762572407722473
0.1375134289264679
0.1371292769908905
0.13679498434066772
0.1368197500705719
0.1369936764240265
0.13721023499965668
0.13736757636070251
0.13741566240787506
0.13715916872024536
0.13677166402339935
0.13667917251586914
0.13674598932266235
0.13697175681591034
0.13716351985931396
0.1372849941253662
0.1371246874332428
0.13671770691871643
0.13649137318134308
0.1364774852991104
0.13667793571949005
0.1369364857673645
0.13718260824680328
0.13715866208076477
0.13679401576519012
0.1363958865404129
0.13627786934375763
0.1364658772945404
0.13669216632843018
0.13687187433242798
0.13679616153240204
0.13649746775627136
0.13624142110347748
0.13611164689064026
0.13621768355369568
0.13635586202144623
0.13657593727111816
0.13675060868263245
0.13683560490608215
0.1366143673658371
0.13609285652637482
0.13596318662166595
0.1361120045185089
0.13641536235809326
0.13674584031105042
0.13699355721473694
0.1367810219526291
0.1362590789794922
0.13585922122001648
0.1359793245792389
0.13631600141525269
0.1365673989057541
0.13658185303211212
0.1362372487783432
0.1358335018157959
0.13580994307994843
0.1358952522277832
0.13611511886119843
0.13626308739185333
0.1363438069820404
0.1362866461277008
0.13593442738056183
0.13568422198295593
0.13556227087974548
0.13575023412704468
0.13601207733154297
0.1363617181777954
0.13663899898529053
0.13654166460037231
0.13590553402900696
0.13548098504543304
0.13553956151008606
0.13583242893218994
0.13611066341400146
0.13606005907058716
0.13571712374687195
0.13544806838035583
0.1352653056383133
0.13532859086990356
0.13547948002815247
0.13566440343856812
0.1357956975698471
0.13595297932624817
0.13586512207984924
0.13539233803749084
0.1351647675037384
0.13515646755695343
0.13533318042755127
0.135639488697052
0.1360231190919876
0.13607800006866455
0.13584937155246735
0.13533443212509155
0.13496935367584229
0.13509626686573029
0.13542766869068146
0.13559375703334808
0.13551518321037292
0.13529881834983826
0.13500311970710754
0.13478301465511322
0.13489574193954468
0.13495288789272308
0.1351134181022644
0.13538546860218048
0.13566915690898895
0.13567723333835602
0.1353282332420349
0.13493146002292633
0.13466580212116241
0.13489371538162231
0.1352100372314453
0.13550327718257904
0.1357083022594452
0.13554248213768005
0.13493239879608154
0.1345725804567337
0.13469305634498596
0.1349543184041977
0.13521434366703033
0.13522306084632874
0.1350206881761551
0.13475149869918823
0.13452239334583282
0.13458040356636047
0.1346215009689331
0.13481950759887695
0.1350199431180954
0.1353333294391632
0.13546118140220642
0.13499808311462402
0.13458186388015747
0.13433526456356049
0.13446876406669617
0.1347305029630661
0.13498777151107788
0.1353299915790558
0.13564257323741913
0.1353813111782074
0.1348302662372589
0.13428087532520294
0.13453446328639984
0.13507221639156342
0.13516396284103394
0.1350751370191574
0.13479183614253998
0.13447406888008118
0.1345665007829666
0.13446354866027832
0.13454414904117584
0.1349124014377594
0.13532103598117828
0.13555185496807098
0.1351308524608612
0.1347350776195526
0.13436388969421387
0.13435526192188263
0.1345214992761612
0.13449715077877045
0.13478828966617584
0.13526244461536407
0.1357162892818451
0.13612407445907593
0.13512025773525238
0.13428375124931335
0.13447725772857666
0.13480640947818756
0.13479673862457275
0.13450022041797638
0.13452620804309845
0.13474330306053162
0.13435356318950653
0.13418793678283691
0.13397832214832306
0.13408836722373962
0.13431888818740845
0.13442207872867584
0.13511386513710022
0.13641831278800964
0.1382479965686798
0.1377938836812973
0.135189488530159
0.13508488237857819
0.135865718126297
0.13668511807918549
0.13708330690860748
0.1364774852991104
0.13554303348064423
0.1351962834596634
0.13537675142288208
0.13602307438850403
0.13649426400661469
0.13636897504329681
0.1355685591697693
0.134971022605896
0.13475632667541504
0.13524875044822693
0.13546566665172577
0.13542595505714417
0.13504359126091003
0.1346691995859146
0.1347550004720688
0.1344156563282013
0.13431130349636078
0.13418249785900116
0.13433818519115448
0.13492393493652344
0.1353214681148529
0.13602910935878754
0.13647350668907166
0.13557031750679016
0.13454186916351318
0.13434705138206482
0.13523302972316742
0.13572800159454346
0.13505057990550995
0.13408039510250092
0.1341826170682907
0.13452696800231934
0.13457748293876648
0.1342114806175232
0.1339876353740692
0.13410508632659912
0.13382020592689514
0.13364724814891815
0.1333550661802292
0.1333264708518982
0.1334483027458191
0.13337545096874237
0.13359156250953674
0.13428881764411926
0.1361328661441803
0.13955974578857422
0.13768288493156433
0.13466116786003113
0.1351339966058731
0.13627474009990692
0.13595543801784515
0.13482093811035156
0.13515977561473846
0.13568782806396484
0.13448482751846313
0.1342383474111557
0.13475437462329865
0.1342572569847107
0.13393399119377136
0.13383223116397858
0.13409516215324402
0.13470225036144257
0.1358112394809723
0.13791091740131378
0.13850533962249756
0.13569533824920654
0.1351865828037262
0.13570623099803925
0.13663901388645172
0.1368815302848816
0.13586261868476868
0.13519449532032013
0.13485190272331238
0.135052889585495
0.13516239821910858
0.13539522886276245
0.1355666071176529
0.13556411862373352
0.1354454606771469
0.13434983789920807
0.13410276174545288
0.13401983678340912
0.13418816030025482
0.1346260905265808
0.13520243763923645
0.13521364331245422
0.13463759422302246
0.13382241129875183
0.1334449052810669
0.13385555148124695
0.1340942680835724
0.1339501291513443
0.1335231065750122
0.1331460177898407
0.1331901252269745
0.13313104212284088
0.133113294839859
0.13294535875320435
0.13303649425506592
0.13341966271400452
0.13354310393333435
0.13365615904331207
0.13325370848178864
0.13303710520267487
0.13297724723815918
0.1328066736459732
0.1327613890171051
0.1326509267091751
0.13296689093112946
0.13343793153762817
0.13356243073940277
0.1334032416343689
0.13277609646320343
0.1324152648448944
0.13267211616039276
0.13264520466327667
0.13259996473789215
0.1325996220111847
0.13252529501914978
0.13251838088035583
0.13210278749465942
0.13198189437389374
0.1320028305053711
0.1320292055606842
0.13212870061397552
0.13225090503692627
0.13296447694301605
0.13468527793884277
0.13569316267967224
0.13570088148117065
0.1329907327890396
0.13367021083831787
0.13516585528850555
0.13318566977977753
0.13304121792316437
0.13403743505477905
0.13310664892196655
0.13266515731811523
0.1330062448978424
0.1328696459531784
0.1325785368680954
0.13233062624931335
0.13234545290470123
0.13243168592453003
0.13217855989933014
0.13222460448741913
0.1327970325946808
0.13423499464988708
0.13696998357772827
0.1366749405860901
0.13425706326961517
0.13411270081996918
0.1350090503692627
0.13564667105674744
0.13434936106204987
0.13386064767837524
0.13477681577205658
0.1340464949607849
0.13356393575668335
0.13342687487602234
0.1334303468465805
0.1335810273885727
0.13314861059188843
0.13350030779838562
0.1345234364271164
0.1364392340183258
0.13884398341178894
0.13627716898918152
0.13398000597953796
0.13546185195446014
0.13514690101146698
0.13463081419467926
0.13424906134605408
0.13405518233776093
0.13451023399829865
0.13362941145896912
0.13326025009155273
0.1333027333021164
0.13319158554077148
0.1331934630870819
0.1334257572889328
0.13440269231796265
0.13685232400894165
0.13957703113555908
0.13914145529270172
0.13437804579734802
0.13498812913894653
0.13572309911251068
0.13630685210227966
0.13705021142959595
0.13628458976745605
0.13546457886695862
0.13468220829963684
0.13487675786018372
0.13470272719860077
0.1348847895860672
0.1344648152589798
0.13425064086914062
0.13479778170585632
0.13558495044708252
0.13714784383773804
0.13623903691768646
0.13562770187854767
0.13414280116558075
0.13409122824668884
0.134552001953125
0.13416163623332977
0.1347239464521408
0.13475990295410156
0.13500332832336426
0.1349804401397705
0.13392966985702515
0.133078932762146
0.1331028789281845
0.13335609436035156
0.1334531605243683
0.13322241604328156
0.1330515444278717
0.13333886861801147
0.13302667438983917
0.13287785649299622
0.13214966654777527
0.13207390904426575
0.13222075998783112
0.1320566087961197
0.1319357305765152
0.13168692588806152
0.13158586621284485
0.13155269622802734
0.13175128400325775
0.13272292912006378
0.13517606258392334
0.14055034518241882
0.13921403884887695
0.134283185005188
0.13545401394367218
0.13715970516204834
0.137465700507164
0.13509565591812134
0.13520567119121552
0.1365337073802948
0.13497912883758545
0.13426309823989868
0.13458530604839325
0.134321391582489
0.13411934673786163
0.13331939280033112
0.13341006636619568
0.13381829857826233
0.13458943367004395
0.13686567544937134
0.1385928988456726
0.13736587762832642
0.13649609684944153
0.1348726451396942
0.1360795795917511
0.13604240119457245
0.13467437028884888
0.1347367912530899
0.13442440330982208
0.1345795840024948
0.13398659229278564
0.13381542265415192
0.1339089423418045
0.13411466777324677
0.13543568551540375
0.1360841691493988
0.13695688545703888
0.13602982461452484
0.1340664029121399
0.1339002251625061
0.13466912508010864
0.13485698401927948
0.13384512066841125
0.1333790421485901
0.13294798135757446
0.13310135900974274
0.1332577019929886
0.1332560032606125
0.13338875770568848
0.13329631090164185
0.13317498564720154
0.13247519731521606
0.1323380023241043
0.1319533884525299
0.132039412856102
0.13227936625480652
0.13256222009658813
0.13304896652698517
0.13308247923851013
0.13244473934173584
0.13148319721221924
0.131454199552536
0.13176023960113525
0.13199640810489655
0.13203348219394684
0.13159999251365662
0.13117778301239014
0.1309661567211151
0.13097114861011505
0.13115611672401428
0.1313689798116684
0.1314808428287506
0.13139277696609497
0.13101674616336823
0.1305610090494156
0.1304868459701538
0.13063588738441467
0.13081392645835876
0.13085821270942688
0.1307973861694336
0.13056430220603943
0.13029509782791138
0.13027293980121613
0.13026565313339233
0.13035842776298523
0.13036131858825684
0.13041269779205322
0.13056334853172302
0.1307823657989502
0.1307763308286667
0.1303015649318695
0.1300698220729828
0.12999850511550903
0.13014435768127441
0.13036325573921204
0.13046960532665253
0.13071078062057495
0.13103727996349335
0.1310175359249115
0.13067753612995148
0.12998171150684357
0.13015693426132202
0.13071972131729126
0.13079442083835602
0.13061286509037018
0.13034819066524506
0.13018207252025604
0.13034746050834656
0.13014067709445953
0.13004213571548462
0.13018691539764404
0.13037270307540894
0.1304948478937149
0.13019496202468872
0.1302390694618225
0.13037395477294922
0.13047608733177185
0.13049723207950592
0.13006772100925446
0.12983687222003937
0.12995676696300507
0.12997080385684967
0.12992586195468903
0.12962329387664795
0.12965914607048035
0.12986895442008972
0.13024193048477173
0.13129518926143646
0.13266587257385254
0.1341702938079834
0.13315701484680176
0.13107764720916748
0.13205762207508087
0.13285933434963226
0.13319076597690582
0.13234063982963562
0.1316860169172287
0.1324322670698166
0.13185343146324158
0.13178616762161255
0.131405770778656
0.13124492764472961
0.13178756833076477
0.1319524049758911
0.13282103836536407
0.1335376352071762
0.13543124496936798
0.1361687332391739
0.13315801322460175
0.1322358250617981
0.1332111805677414
0.13321304321289062
0.13283215463161469
0.13244959712028503
0.13203459978103638
0.13263675570487976
0.13193219900131226
0.13151706755161285
0.1312917172908783
0.13125480711460114
0.13122281432151794
0.13154999911785126
0.1329161375761032
0.1356581151485443
0.1399010866880417
0.1393986940383911
0.13348346948623657
0.13594645261764526
0.13676637411117554
0.13876886665821075
0.13666117191314697
0.1352187693119049
0.13624809682369232
0.13559196889400482
0.13700221478939056
0.13504700362682343
0.1365053802728653
0.13987155258655548
0.14457917213439941
0.14623576402664185
0.1419314742088318
0.1397225260734558
0.1445711851119995
0.13902929425239563
0.1395414173603058
0.13922567665576935
0.13950298726558685
0.14121010899543762
0.1438462734222412
0.1456994265317917
0.15055164694786072
0.14127373695373535
0.14451877772808075
0.14168143272399902
0.14337442815303802
0.1446235030889511
0.14614169299602509
0.14622138440608978
0.14411836862564087
0.14600317180156708
0.14122214913368225
0.14332032203674316
0.14115454256534576
0.1412544697523117
0.14305375516414642
0.14385071396827698
0.14788520336151123
0.14411145448684692
0.14328370988368988
0.13932794332504272
0.13983649015426636
0.14054574072360992
0.14087532460689545
0.1411837935447693
0.14043031632900238
0.13973012566566467
0.1379413902759552
0.13889484107494354
0.1373317539691925
0.13726311922073364
0.13656917214393616
0.13679300248622894
0.13895033299922943
0.1391204297542572
0.14089250564575195
0.13849003612995148
0.13643205165863037
0.13587625324726105
0.1364000290632248
0.1369910091161728
0.13573607802391052
0.1351117044687271
0.1342267096042633
0.1341768056154251
0.1341918408870697
0.13427595794200897
0.13444536924362183
0.1346762478351593
0.1346665620803833
0.13373714685440063
0.13356338441371918
0.13271990418434143
0.13290086388587952
0.13302117586135864
0.13311097025871277
0.13325117528438568
0.13262593746185303
0.1322776973247528
0.13153548538684845
0.13148413598537445
0.13164690136909485
0.13183701038360596
0.13230206072330475
0.13254640996456146
0.13223978877067566
0.13138516247272491
0.13076704740524292
0.13093477487564087
0.1312994509935379
0.13137151300907135
0.13097719848155975
0.13050498068332672
0.13018648326396942
0.1302424967288971
0.13043543696403503
0.13054150342941284
0.1305672973394394
0.1303938329219818
0.13003161549568176
0.12968295812606812
0.1296464055776596
0.1296893060207367
0.12982922792434692
0.13001585006713867
0.13016170263290405
0.13006725907325745
0.12979984283447266
0.12945953011512756
0.12931294739246368
0.1295047402381897
0.12960924208164215
0.12968924641609192
0.1296059787273407
0.12941443920135498
0.129303976893425
0.1291515976190567
0.1291406750679016
0.12909813225269318
0.12924304604530334
0.12952595949172974
0.12982283532619476
0.12988364696502686
0.12952321767807007
0.12915058434009552
0.12902361154556274
0.12911614775657654
0.12926208972930908
0.12912945449352264
0.1291797161102295
0.129327654838562
0.12942560017108917
0.12944433093070984
0.12899550795555115
0.1287214756011963
0.12881352007389069
0.12885527312755585
0.12881658971309662
0.12861278653144836
0.1285388320684433
0.12862664461135864
0.1288033276796341
0.12925787270069122
0.13027766346931458
0.13202901184558868
0.1345582753419876
0.13161252439022064
0.1295526623725891
0.13079112768173218
0.13119731843471527
0.1303461343050003
0.13005512952804565
0.13029970228672028
0.13045553863048553
0.1298884004354477
0.12953752279281616
0.12979121506214142
0.12970900535583496
0.1294545829296112
0.12913259863853455
0.12912657856941223
0.1291852444410324
0.12918689846992493
0.12938596308231354
0.12994495034217834
0.13137097656726837
0.13260908424854279
0.13187171518802643
0.13035863637924194
0.1298651248216629
0.13077452778816223
0.1310766637325287
0.1305946260690689
0.13019077479839325
0.12972255051136017
0.12978796660900116
0.13010092079639435
0.13017025589942932
0.13031183183193207
0.13029637932777405
0.1298920065164566
0.12938569486141205
0.1294870674610138
0.1293688714504242
0.12947598099708557
0.12960219383239746
0.12982016801834106
0.13002558052539825
0.1302693635225296
0.1302310973405838
0.12930402159690857
0.1291799545288086
0.12928470969200134
0.12952515482902527
0.129930317401886
0.13023634254932404
0.13007628917694092
0.12940983474254608
0.12909778952598572
0.12894639372825623
0.12897612154483795
0.1293150633573532
0.1296055018901825
0.1296684890985489
0.12952099740505219
0.12919077277183533
0.12863211333751678
0.12859871983528137
0.12876662611961365
0.12888363003730774
0.12911675870418549
0.12941181659698486
0.12930616736412048
0.128915935754776
0.12857791781425476
0.12836860120296478
0.12846799194812775
0.12869800627231598
0.12893083691596985
0.12894225120544434
0.12878930568695068
0.1284889578819275
0.12827067077159882
0.1283300220966339
0.12838532030582428
0.12849685549736023
0.12844465672969818
0.12850865721702576
0.12873917818069458
0.12896549701690674
0.1291097104549408
0.1286621391773224
0.12833212316036224
0.1281934529542923
0.12828922271728516
0.12840716540813446
0.1283842921257019
0.1285710632801056
0.12886124849319458
0.12977135181427002
0.13168764114379883
0.13134914636611938
0.13012969493865967
0.12888091802597046
0.12993144989013672
0.1306798756122589
0.12920807301998138
0.12907910346984863
0.12989220023155212
0.12922818958759308
0.12885360419750214
0.12894578278064728
0.12916389107704163
0.129516139626503
0.1298898458480835
0.13057978451251984
0.13162347674369812
0.13071909546852112
0.13020414113998413
0.12930519878864288
0.12965402007102966
0.1297324150800705
0.1297508031129837
0.13069240748882294
0.13166143000125885
0.13375037908554077
0.135906383395195
0.13319437205791473
0.1304975152015686
0.1313188076019287
0.1321067214012146
0.13220128417015076
0.13125073909759521
0.13048595190048218
0.13114230334758759
0.13103021681308746
0.13114646077156067
0.13038581609725952
0.13077349960803986
0.13205809891223907
0.13536128401756287
0.14000210165977478
0.1378602832555771
0.13308855891227722
0.13735169172286987
0.13605377078056335
0.13797850906848907
0.13422225415706635
0.13430480659008026
0.13501769304275513
0.13536669313907623
0.13759544491767883
0.14177042245864868
0.14405518770217896
0.148609921336174
0.13843891024589539
0.14361825585365295
0.14078693091869354
0.1447524130344391
0.14337284862995148
0.14591491222381592
0.1486242264509201
0.1481713205575943
0.15330131351947784
0.14339405298233032
0.14837884902954102
0.1439361572265625
0.1460459977388382
0.14579439163208008
0.14946763217449188
0.15718403458595276
0.16414621472358704
0.16516590118408203
0.1518145352602005
0.1588369607925415
0.1542672961950302
0.15833570063114166
0.153445303440094
0.15414279699325562
0.15883468091487885
0.161390483379364
0.16546642780303955
0.1535705327987671
0.1538304090499878
0.1502758264541626
0.14986827969551086
0.1493908166885376
0.15101666748523712
0.15399199724197388
0.16078254580497742
0.1569967418909073
0.14974498748779297
0.15815263986587524
0.14865626394748688
0.1494932472705841
0.14716246724128723
0.14580240845680237
0.14728377759456635
0.1453733742237091
0.15163592994213104
0.16236571967601776
0.16066204011440277
0.1493811309337616
0.15021353960037231
0.15118081867694855
0.1530536562204361
0.14693325757980347
0.14552436769008636
0.14766915142536163
0.14404866099357605
0.14254266023635864
0.14209875464439392
0.1411956548690796
0.1418042629957199
0.1413382887840271
0.14712297916412354
0.15812061727046967
0.15363463759422302
0.14237932860851288
0.14509931206703186
0.1452188789844513
0.1440170705318451
0.14197774231433868
0.14130689203739166
0.14188364148139954
0.13965335488319397
0.13852091133594513
0.13842831552028656
0.13771338760852814
0.1378060132265091
0.13737989962100983
0.14020755887031555
0.14677666127681732
0.14619660377502441
0.1393667310476303
0.13835777342319489
0.14090009033679962
0.14077802002429962
0.13726650178432465
0.13870228826999664
0.13920333981513977
0.1362159699201584
0.13673877716064453
0.13698001205921173
0.13496732711791992
0.13490059971809387
0.1351013481616974
0.13398852944374084
0.1335306167602539
0.13388527929782867
0.13337922096252441
0.13380011916160583
0.13530342280864716
0.13683240115642548
0.13673515617847443
0.13431541621685028
0.13341015577316284
0.1342722624540329
0.13292081654071808
0.1327110081911087
0.13324427604675293
0.13206182420253754
0.1317419856786728
0.13205382227897644
0.1314896047115326
0.1310543417930603
0.13097244501113892
0.1308954954147339
0.13067643344402313
0.13053904473781586
0.13078327476978302
0.13162387907505035
0.13257989287376404
0.13320676982402802
0.13264569640159607
0.13076549768447876
0.13070356845855713
0.1315225064754486
0.1310255229473114
0.13007353246212006
0.13018080592155457
0.1304069310426712
0.13015581667423248
0.1298307478427887
0.1296326369047165
0.12963451445102692
0.12938126921653748
0.1292368769645691
0.12931689620018005
0.12925179302692413
0.12927120923995972
0.1291290819644928
0.12914961576461792
0.12926140427589417
0.12919093668460846
0.1289077252149582
0.12861087918281555
0.1285230964422226
0.12853072583675385
0.1283726692199707
0.12827913463115692
0.12830227613449097
0.12841452658176422
0.12868398427963257
0.12894029915332794
0.12928174436092377
0.12960468232631683
0.1289583146572113
0.12819959223270416
0.12823329865932465
0.1287042498588562
0.12878121435642242
0.12832169234752655
0.12805022299289703
0.1281939297914505
0.1281554102897644
0.12803272902965546
0.12803736329078674
0.12804865837097168
0.12799358367919922
0.12771758437156677
0.12766236066818237
0.12770970165729523
0.12768295407295227
0.12763014435768127
0.12761518359184265
0.12778222560882568
0.1283021718263626
0.12916111946105957
0.1297169178724289
0.12972454726696014
0.12854847311973572
0.1281372606754303
0.1286756843328476
0.12885725498199463
0.12829235196113586
0.12791359424591064
0.12813690304756165
0.12840624153614044
0.12830428779125214
0.12790562212467194
0.12772123515605927
0.12771186232566833
0.12782444059848785
0.1278942972421646
0.12787149846553802
0.12779518961906433
0.12761235237121582
0.12749707698822021
0.12736353278160095
0.12735353410243988
0.1273689568042755
0.1274557262659073
0.12771470844745636
0.12815037369728088
0.12847526371479034
0.1284548044204712
0.12780429422855377
0.12732669711112976
0.12754344940185547
0.12788790464401245
0.1278592199087143
0.1275963932275772
0.1273012012243271
0.12727338075637817
0.12740889191627502
0.12753376364707947
0.12762175500392914
0.12754128873348236
0.1273900419473648
0.1272200047969818
0.12711304426193237
0.12709136307239532
0.1271214485168457
0.1272524893283844
0.1274164468050003
0.1276925951242447
0.12799428403377533
0.12785375118255615
0.1274501532316208
0.12707646191120148
0.12719035148620605
0.12752652168273926
0.127663254737854
0.12753115594387054
0.1272011250257492
0.1270286589860916
0.12721025943756104
0.12730471789836884
0.12733331322669983
0.12728267908096313
0.1272270530462265
0.12725287675857544
0.12717773020267487
0.1271388828754425
0.12690387666225433
0.1268671452999115
0.12697595357894897
0.12709757685661316
0.12741278111934662
0.12802082300186157
0.12888304889202118
0.13005170226097107
0.12909135222434998
0.12777170538902283
0.1277015656232834
0.12877541780471802
0.12898464500904083
0.12812647223472595
0.1279410719871521
0.12848231196403503
0.12796901166439056
0.12765169143676758
0.1277952492237091
0.12777943909168243
0.1278863102197647
0.12755495309829712
0.12755025923252106
0.12795600295066833
0.12859170138835907
0.12942920625209808
0.129546120762825
0.12891559302806854
0.12857064604759216
0.12834781408309937
0.12882789969444275
0.12840205430984497
0.1281299591064453
0.12850859761238098
0.12806066870689392
0.12793293595314026
0.127700537443161
0.12761631608009338
0.1276947408914566
0.12769263982772827
0.12794214487075806
0.12846213579177856
0.1300833374261856
0.1333526372909546
0.13288332521915436
0.12986060976982117
0.1288839876651764
0.13080358505249023
0.13140304386615753
0.129714235663414
0.12972491979599
0.13089998066425323
0.12939326465129852
0.12898719310760498
0.12947049736976624
0.12958133220672607
0.1296532154083252
0.1301700323820114
0.13032159209251404
0.1314775049686432
0.12931060791015625
0.12953992187976837
0.12931713461875916
0.1293906718492508
0.12943682074546814
0.12907390296459198
0.12884677946567535
0.12904533743858337
0.12920935451984406
0.13019977509975433
0.13036419451236725
0.13132436573505402
0.13105958700180054
0.13056203722953796
0.1294313222169876
0.12886027991771698
0.12976329028606415
0.13049578666687012
0.13077238202095032
0.12980356812477112
0.12974685430526733
0.12926530838012695
0.12970636785030365
0.12919530272483826
0.12890112400054932
0.12923584878444672
0.12919026613235474
0.12996022403240204
0.12914586067199707
0.12969662249088287
0.13003630936145782
0.13039596378803253
0.13008247315883636
0.1288180947303772
0.12851384282112122
0.1291772723197937
0.12886235117912292
0.12838214635849
0.1282922774553299
0.12838947772979736
0.12869177758693695
0.12825538218021393
0.12862324714660645
0.12949299812316895
0.13098697364330292
0.13239125907421112
0.13027805089950562
0.12868264317512512
0.13008442521095276
0.12952813506126404
0.12880723178386688
0.12872447073459625
0.12886841595172882
0.12907232344150543
0.12832602858543396
0.12816503643989563
0.12850172817707062
0.12885406613349915
0.12952563166618347
0.130610391497612
0.13116835057735443
0.13123656809329987
0.12875506281852722
0.12903571128845215
0.1293160617351532
0.12959083914756775
0.13036295771598816
0.12976063787937164
0.13010108470916748
0.12918835878372192
0.12890151143074036
0.1285461038351059
0.12851902842521667
0.12836134433746338
0.12837421894073486
0.12869422137737274
0.12939460575580597
0.13089153170585632
0.13286228477954865
0.1321437805891037
0.12919975817203522
0.13002020120620728
0.13081900775432587
0.1313541978597641
0.1298644244670868
0.12925276160240173
0.13000178337097168
0.12962393462657928
0.12913943827152252
0.12856557965278625
0.1287301480770111
0.12896446883678436
0.12881889939308167
0.12934213876724243
0.13113009929656982
0.13255101442337036
0.1342492401599884
0.13026465475559235
0.13032180070877075
0.12979646027088165
0.130057692527771
0.1308128982782364
0.13109369575977325
0.13279438018798828
0.1332952082157135
0.1327391415834427
0.130535289645195
0.13031961023807526
0.13071691989898682
0.13161607086658478
0.13087792694568634
0.12998069822788239
0.12963150441646576
0.12954360246658325
0.1300845444202423
0.1294763833284378
0.12966971099376678
0.1300036907196045
0.1324205994606018
0.13647598028182983
0.1353684365749359
0.1310628205537796
0.1321457028388977
0.13281679153442383
0.1335512101650238
0.13126158714294434
0.13097983598709106
0.13162069022655487
0.1312505006790161
0.13084308803081512
0.13085675239562988
0.13107270002365112
0.13350751996040344
0.1332424134016037
0.136125385761261
0.13509029150009155
0.13509196043014526
0.13204514980316162
0.13176721334457397
0.13245783746242523
0.13313357532024384
0.1330871284008026
0.1324145495891571
0.13350489735603333
0.13274003565311432
0.1346549391746521
0.13144329190254211
0.13221396505832672
0.13129039108753204
0.13245798647403717
0.1352124810218811
0.13789626955986023
0.13981297612190247
0.13882951438426971
0.13473142683506012
0.1408325880765915
0.1349932998418808
0.13488338887691498
0.13465598225593567
0.13473495841026306
0.13526320457458496
0.1353307068347931
0.1369606852531433
0.14280492067337036
0.14321517944335938
0.1503436118364334
0.13740690052509308
0.14173971116542816
0.13879011571407318
0.13970176875591278
0.1391991376876831
0.14042648673057556
0.14376790821552277
0.15347078442573547
0.15387140214443207
0.14712712168693542
0.1561051309108734
0.14775295555591583
0.1545974314212799
0.14684998989105225
0.1468058079481125
0.1492975503206253
0.14787037670612335
0.15992821753025055
0.16580699384212494
0.17115482687950134
0.15824361145496368
0.15694493055343628
0.15549138188362122
0.15739408135414124
0.15408575534820557
0.15452376008033752
0.1539895385503769
0.15572679042816162
0.16319552063941956
0.1561809778213501
0.16246101260185242
0.15027759969234467
0.1522074192762375
0.1491205245256424
0.14911653101444244
0.14790180325508118
0.15012110769748688
0.15659503638744354
0.17021815478801727
0.16440723836421967
0.15369854867458344
0.16349798440933228
0.1521153599023819
0.15366259217262268
0.15079265832901
0.14875291287899017
0.14873267710208893
0.14600923657417297
0.14506150782108307
0.14327894151210785
0.1429130584001541
0.14408919215202332
0.15513500571250916
0.18158964812755585
0.1734473705291748
0.15427681803703308
0.1636870801448822
0.15817277133464813
0.16099795699119568
0.15529905259609222
0.15347789227962494
0.15445557236671448
0.15208877623081207
0.15648038685321808
0.158450186252594
0.1605173945426941
0.15395033359527588
0.14903514087200165
0.14928346872329712
0.15190908312797546
0.14712375402450562
0.14370980858802795
0.14443835616111755
0.14303413033485413
0.14209219813346863
0.13994140923023224
0.13908694684505463
0.139089897274971
0.13811051845550537
0.13851860165596008
0.14014141261577606
0.1486009955406189
0.16242529451847076
0.14947287738323212
0.1435154676437378
0.14842334389686584
0.1424102634191513
0.14402712881565094
0.1441565304994583
0.14238372445106506
0.140973299741745
0.140938863158226
0.13946466147899628
0.13881447911262512
0.1373116374015808
0.13764314353466034
0.1377280205488205
0.13864369690418243
0.14054159820079803
0.14057564735412598
0.13650016486644745
0.13594548404216766
0.13540221750736237
0.1357160210609436
0.13559672236442566
0.13466572761535645
0.13451462984085083
0.13338235020637512
0.13319221138954163
0.13259896636009216
0.13231918215751648
0.13248755037784576
0.1325305700302124
0.1335139274597168
0.13477882742881775
0.13429805636405945
0.13240572810173035
0.1311188042163849
0.1319328099489212
0.13245204091072083
0.13146279752254486
0.13051681220531464
0.13080468773841858
0.13080589473247528
0.13040952384471893
0.1300540566444397
0.12984083592891693
0.1298268884420395
0.12945231795310974
0.1292308270931244
0.12928952276706696
0.12923993170261383
0.12933872640132904
0.12925788760185242
0.12945401668548584
0.12985393404960632
0.12963324785232544
0.12894442677497864
0.12835688889026642
0.12852564454078674
0.12881627678871155
0.12852279841899872
0.12825919687747955
0.12831826508045197
0.1281421035528183
0.1278807520866394
0.1277216523885727
0.12777173519134521
0.12782186269760132
0.12768182158470154
0.1277458667755127
0.12810617685317993
0.12858587503433228
0.12915736436843872
0.12856680154800415
0.1278596967458725
0.12779495120048523
0.1278451681137085
0.12790387868881226
0.12781290709972382
0.1276126503944397
0.12748341262340546
0.12728005647659302
0.12736111879348755
0.12752249836921692
0.1273510456085205
0.12726208567619324
0.1272057443857193
0.12721630930900574
0.1271931529045105
0.127046138048172
0.1269231140613556
0.12695558369159698
0.12696819007396698
0.1269720494747162
0.1269025355577469
0.12698709964752197
0.12719160318374634
0.12731190025806427
0.12733453512191772
0.1270018219947815
0.12677742540836334
0.126804381608963
0.1267094612121582
0.12667039036750793
0.12671703100204468
0.1268535554409027
0.12698350846767426
0.1268739402294159
0.1267940253019333
0.12679056823253632
0.12677034735679626
0.12661737203598022
0.12639470398426056
0.12635183334350586
0.12641572952270508
0.12640289962291718
0.12640883028507233
0.12650629878044128
0.12690776586532593
0.1276097297668457
0.12841413915157318
0.12827153503894806
0.12747357785701752
0.12688153982162476
0.12723836302757263
0.12771037220954895
0.1276606321334839
0.12709961831569672
0.12679678201675415
0.12699496746063232
0.12724784016609192
0.12729738652706146
0.12701521813869476
0.1267583668231964
0.12654908001422882
0.1265334039926529
0.1266651451587677
0.12680111825466156
0.12694904208183289
0.12707673013210297
0.12696592509746552
0.12659797072410583
0.1263507753610611
0.12629322707653046
0.12636645138263702
0.1265353113412857
0.12672965228557587
0.12677204608917236
0.12668699026107788
0.12646114826202393
0.12618210911750793
0.12613517045974731
0.12620757520198822
0.12638013064861298
0.12652848660945892
0.12666654586791992
0.12665678560733795
0.1264667809009552
0.12620346248149872
0.12607185542583466
0.12618649005889893
0.12628766894340515
0.12646669149398804
0.12658695876598358
0.12657248973846436
0.12640705704689026
0.12614160776138306
0.12608227133750916
0.12608404457569122
0.12625309824943542
0.12646909058094025
0.12672081589698792
0.1267632693052292
0.12658649682998657
0.12624198198318481
0.12595081329345703
0.1261199414730072
0.1263766884803772
0.1266251504421234
0.126755490899086
0.12665018439292908
0.126251220703125
0.12596139311790466
0.12605801224708557
0.12620705366134644
0.12637364864349365
0.1264415830373764
0.12642967700958252
0.12625601887702942
0.12607596814632416
0.12616580724716187
0.12609615921974182
0.12605910003185272
0.1260722577571869
0.1262480616569519
0.1265455186367035
0.12694674730300903
0.12718872725963593
0.12679891288280487
0.12647473812103271
0.12635071575641632
0.12631884217262268
0.12655675411224365
0.12661778926849365
0.12680646777153015
0.127019464969635
0.12709948420524597
0.12697672843933105
0.12637269496917725
0.12614189088344574
0.12633801996707916
0.12654927372932434
0.12681826949119568
0.12697046995162964
0.12697242200374603
0.12686654925346375
0.12651771306991577
0.12641216814517975
0.1262386590242386
0.12649379670619965
0.12688608467578888
0.1271754950284958
0.12765555083751678
0.12753835320472717
0.12696382403373718
0.12642832100391388
0.12639358639717102
0.12664805352687836
0.12694096565246582
0.12720987200737
0.12715089321136475
0.12691067159175873
0.12642891705036163
0.12626485526561737
0.12627777457237244
0.12633785605430603
0.1266363561153412
0.12699787318706512
0.1274212747812271
0.12778052687644958
0.12752209603786469
0.12691448628902435
0.1265231817960739
0.12677393853664398
0.12714993953704834
0.12758952379226685
0.1273687481880188
0.12689895927906036
0.12638993561267853
0.12640103697776794
0.1265932023525238
0.12682920694351196
0.12709808349609375
0.12732741236686707
0.12722867727279663
0.1266200840473175
0.126350998878479
0.1262526512145996
0.12635435163974762
0.12655562162399292
0.12681087851524353
0.126789391040802
0.12676982581615448
0.1267474740743637
0.12639331817626953
0.12648801505565643
0.12639708817005157
0.1264658272266388
0.12639319896697998
0.1266479641199112
0.1271434873342514
0.12767404317855835
0.12783245742321014
0.1269577294588089
0.12653318047523499
0.12639841437339783
0.126589834690094
0.12699991464614868
0.12691116333007812
0.1272052675485611
0.12730605900287628
0.12731871008872986
0.12739625573158264
0.12701250612735748
0.12662135064601898
0.12643934786319733
0.12695467472076416
0.12758271396160126
0.12809725105762482
0.1281803697347641
0.12735703587532043
0.12659741938114166
0.12708185613155365
0.12729385495185852
0.12741988897323608
0.12706363201141357
0.12675802409648895
0.12689588963985443
0.12683707475662231
0.12707720696926117
0.12655556201934814
0.12636898458003998
0.12641815841197968
0.12661342322826385
0.1271900087594986
0.12842334806919098
0.1310555785894394
0.13136017322540283
0.1294081211090088
0.1291518211364746
0.1291801631450653
0.13128523528575897
0.12989363074302673
0.12852902710437775
0.1287870556116104
0.1290876269340515
0.12942485511302948
0.12831656634807587
0.12804540991783142
0.1282559335231781
0.12905630469322205
0.13130003213882446
0.13411453366279602
0.13516122102737427
0.13540804386138916
0.1308157742023468
0.1343352049589157
0.13279923796653748
0.13351596891880035
0.13257403671741486
0.13154464960098267
0.13342790305614471
0.13300436735153198
0.13603834807872772
0.1350698620080948
0.1410437822341919
0.14242294430732727
0.1396498829126358
0.13448169827461243
0.1356697827577591
0.13662967085838318
0.13762904703617096
0.1346919983625412
0.1336497813463211
0.13382020592689514
0.1332201212644577
0.13395117223262787
0.1326524317264557
0.1351340413093567
0.14153704047203064
0.15205040574073792
0.1512473076581955
0.14858725666999817
0.14384065568447113
0.15383940935134888
0.14500975608825684
0.1470460295677185
0.14345808327198029
0.14512808620929718
0.1475336104631424
0.15630307793617249
0.16513153910636902
0.16856032609939575
0.15142622590065002
0.16320103406906128
0.15582983195781708
0.1615290343761444
0.1550239473581314
0.15566524863243103
0.1588015854358673
0.16167321801185608
0.17257675528526306
0.16133205592632294
0.16539150476455688
0.15541529655456543
0.1557132601737976
0.15343812108039856
0.15373441576957703
0.15275327861309052
0.15759111940860748
0.15971410274505615
0.16515010595321655
0.16956014931201935
0.1550763100385666
0.165296271443367
0.15404972434043884
0.15477296710014343
0.15429167449474335
0.15242256224155426
0.15997561812400818
0.16538488864898682
0.1682819128036499
0.15688322484493256
0.15355658531188965
0.15277715027332306
0.15363997220993042
0.15173742175102234
0.14993436634540558
0.15016421675682068
0.14790573716163635
0.15203890204429626
0.14545464515686035
0.1476975381374359
0.14530882239341736
0.1470482498407364
0.14857414364814758
0.14401160180568695
0.1405864953994751
0.14151431620121002
0.1401875913143158
0.1396884024143219
0.13750261068344116
0.13685297966003418
0.13678766787052155
0.13617612421512604
0.13626345992088318
0.13863736391067505
0.14510558545589447
0.15095731616020203
0.1417580097913742
0.14023138582706451
0.13999339938163757
0.14174522459506989
0.1409294307231903
0.13785025477409363
0.13769257068634033
0.13771191239356995
0.1374049186706543
0.13625657558441162
0.1356789618730545
0.13609492778778076
0.13541634380817413
0.1363496482372284
0.13515475392341614
0.13573798537254333
0.1355358213186264
0.13385455310344696
0.1325860470533371
0.13237689435482025
0.1327483057975769
0.13294528424739838
0.13263925909996033
0.1318870335817337
0.13196590542793274
0.1310068666934967
0.13066136837005615
0.13023702800273895
0.13011430203914642
0.13045062124729156
0.13042598962783813
0.1312405914068222
0.13262879848480225
0.13271832466125488
0.131461501121521
0.12948134541511536
0.13050736486911774
0.13138779997825623
0.12968690693378448
0.1295197606086731
0.13027387857437134
0.12916269898414612
0.12881501019001007
0.1292673796415329
0.1287165731191635
0.12826302647590637
0.1283794641494751
0.12826742231845856
0.12796348333358765
0.1277429461479187
0.1277274787425995
0.12770706415176392
0.12745091319084167
0.12743474543094635
0.12774354219436646
0.1285008043050766
0.13021352887153625
0.13057629764080048
0.1293172836303711
0.1281014382839203
0.1286456137895584
0.12936046719551086
0.12833812832832336
0.12790679931640625
0.12855079770088196
0.12805704772472382
0.12754841148853302
0.12774105370044708
0.12766660749912262
0.12735137343406677
0.12714754045009613
0.12717817723751068
0.127171590924263
0.12689286470413208
0.12676797807216644
0.1267862617969513
0.12687721848487854
0.12705788016319275
0.1273455023765564
0.12793101370334625
0.1281210035085678
0.12734760344028473
0.12666113674640656
0.12673962116241455
0.12714675068855286
0.1271667182445526
0.12683293223381042
0.1265811026096344
0.12646692991256714
0.12651316821575165
0.12662023305892944
0.12655989825725555
0.12656141817569733
0.12656629085540771
0.12640416622161865
0.12620121240615845
0.1260560303926468
0.12597964704036713
0.12597407400608063
0.1260337382555008
0.12616193294525146
0.12633858621120453
0.12672661244869232
0.1270347386598587
0.12700986862182617
0.12638692557811737
0.1259283870458603
0.12617243826389313
0.12643684446811676
0.12654009461402893
0.12634485960006714
0.125959575176239
0.12583331763744354
0.12596207857131958
0.12606419622898102
0.1261550784111023
0.12618812918663025
0.12606899440288544
0.1258424073457718
0.125694140791893
0.1256503164768219
0.12563738226890564
0.12570244073867798
0.12588271498680115
0.12612968683242798
0.12641499936580658
0.1264236867427826
0.12616653740406036
0.12566465139389038
0.12556593120098114
0.12586021423339844
0.12596911191940308
0.1259329915046692
0.12574678659439087
0.12553411722183228
0.1255366951227188
0.12560981512069702
0.12568628787994385
0.1255992203950882
0.12560077011585236
0.12577657401561737
0.1259467750787735
0.12600871920585632
0.1257966309785843
0.12567265331745148
0.12559446692466736
0.1256692111492157
0.12572196125984192
0.12547864019870758
0.1253558099269867
0.12535560131072998
0.1253616213798523
0.1253691017627716
0.12529440224170685
0.1252475082874298
0.1251782476902008
0.12513364851474762
0.12514151632785797
0.12518179416656494
0.12540999054908752
0.12629328668117523
0.1285487860441208
0.13370583951473236
0.13220641016960144
0.12812116742134094
0.12777452170848846
0.13056713342666626
0.13064752519130707
0.1290213167667389
0.12934324145317078
0.13078497350215912
0.12859685719013214
0.12820453941822052
0.12904903292655945
0.12872733175754547
0.128177672624588
0.12850390374660492
0.1285049170255661
0.12922364473342896
0.12831677496433258
0.12871451675891876
0.12930762767791748
0.129396453499794
0.1286107897758484
0.12777237594127655
0.12779007852077484
0.1282956451177597
0.12754561007022858
0.12711796164512634
0.12716762721538544
0.1270911693572998
0.1270093023777008
0.1266152262687683
0.12658348679542542
0.12688922882080078
0.12760071456432343
0.1293463259935379
0.1305927336215973
0.13005615770816803
0.12920913100242615
0.12786389887332916
0.12911516427993774
0.12885142862796783
0.12790720164775848
0.1284043788909912
0.1282660812139511
0.1283882111310959
0.12748561799526215
0.12725068628787994
