# adam, lr=0.01, alpha = 1000000, beta = 0.1
# best_iter: 2998, best_loss = 0.32280683517456055, imsave period = 300
33.31447982788086
26.377986907958984
19.8916072845459
15.727750778198242
13.165117263793945
11.52596378326416
10.228050231933594
9.144139289855957
8.223197937011719
7.44517707824707
6.783077716827393
6.2114739418029785
5.715890407562256
5.281497001647949
4.902825355529785
4.571916580200195
4.281433582305908
4.025660514831543
3.7997446060180664
3.5995099544525146
3.4200000762939453
3.2581820487976074
3.1111762523651123
2.9770700931549072
2.8542661666870117
2.7410991191864014
2.6362428665161133
2.5390021800994873
2.4485926628112793
2.3640875816345215
2.2848031520843506
2.210552215576172
2.14064621925354
2.074629068374634
2.0123162269592285
1.953521490097046
1.8981846570968628
1.8461641073226929
1.7970901727676392
1.7506494522094727
1.706754446029663
1.665238857269287
1.6259450912475586
1.5887677669525146
1.5536235570907593
1.520384430885315
1.4888412952423096
1.4589242935180664
1.4305106401443481
1.4034290313720703
1.377678394317627
1.3531827926635742
1.329815149307251
1.307570457458496
1.2863349914550781
1.2660119533538818
1.2465846538543701
1.227965235710144
1.2101470232009888
1.1931196451187134
1.176809549331665
1.1611568927764893
1.1461442708969116
1.1317052841186523
1.117812156677246
1.1044723987579346
1.0916056632995605
1.0791949033737183
1.0672364234924316
1.055702805519104
1.044548511505127
1.033757209777832
1.02333402633667
1.0132427215576172
1.0034663677215576
0.9940087795257568
0.984826922416687
0.9759135246276855
0.9672596454620361
0.9588572978973389
0.9506882429122925
0.9427618980407715
0.9350385665893555
0.9275363683700562
0.9202537536621094
0.9131737947463989
0.9062756896018982
0.8995473384857178
0.8929730653762817
0.886553168296814
0.8802940845489502
0.8741738796234131
0.868198037147522
0.8623636960983276
0.8566607236862183
0.8510843515396118
0.8456292152404785
0.8402942419052124
0.8350793123245239
0.829962968826294
0.8249614238739014
0.8200564384460449
0.8152538537979126
0.810562014579773
0.8059538006782532
0.801440954208374
0.7970221042633057
0.7926837205886841
0.7884332537651062
0.784257709980011
0.7801491618156433
0.7761170864105225
0.7721589803695679
0.7682671546936035
0.7644488215446472
0.7606997489929199
0.7570111751556396
0.7533847689628601
0.74982088804245
0.7463146448135376
0.7428654432296753
0.7394697666168213
0.736137330532074
0.7328583002090454
0.7296308279037476
0.7264572381973267
0.7233294248580933
0.7202637195587158
0.7172306180000305
0.7142429351806641
0.7113018035888672
0.7084085941314697
0.7055502533912659
0.7027344107627869
0.6999639272689819
0.6972281336784363
0.6945285797119141
0.6918679475784302
0.689242959022522
0.686652421951294
0.684100866317749
0.6815860271453857
0.6791005730628967
0.6766495704650879
0.6742352247238159
0.6718535423278809
0.6695046424865723
0.6671850681304932
0.6648955941200256
0.6626399755477905
0.660416841506958
0.6582207083702087
0.656052827835083
0.6539108157157898
0.6518004536628723
0.6497182250022888
0.6476582288742065
0.6456234455108643
0.6436111330986023
0.641626238822937
0.6396610140800476
0.6377159357070923
0.6357993483543396
0.63390052318573
0.6320261359214783
0.6301743388175964
0.6283453702926636
0.6265398859977722
0.6247509717941284
0.6229822039604187
0.6212328672409058
0.6195039749145508
0.6177945733070374
0.6161084175109863
0.61444091796875
0.6127892732620239
0.6111533045768738
0.6095395088195801
0.6079426407814026
0.6063603162765503
0.6047962307929993
0.6032496690750122
0.6017128229141235
0.600192666053772
0.5986924171447754
0.5972039699554443
0.5957283973693848
0.5942721366882324
0.5928260087966919
0.5914057493209839
0.5899918079376221
0.5885975360870361
0.587216317653656
0.5858484506607056
0.58449786901474
0.5831589698791504
0.5818319320678711
0.5805171728134155
0.5792178511619568
0.5779298543930054
0.5766518115997314
0.5753868222236633
0.5741333961486816
0.5728921890258789
0.5716626644134521
0.5704455971717834
0.5692421793937683
0.568048357963562
0.5668675303459167
0.5656945705413818
0.5645355582237244
0.5633887648582458
0.5622477531433105
0.561119794845581
0.560007631778717
0.5589000582695007
0.5578064918518066
0.5567216277122498
0.5556470155715942
0.5545833706855774
0.5535290241241455
0.552482008934021
0.5514416694641113
0.5504119992256165
0.5493898987770081
0.5483774542808533
0.5473775267601013
0.5463799834251404
0.5453948974609375
0.5444169640541077
0.5434499979019165
0.5424845814704895
0.5415270328521729
0.5405799150466919
0.5396364331245422
0.5387059450149536
0.5377805233001709
0.5368655920028687
0.5359578132629395
0.535056471824646
0.5341600775718689
0.5332722067832947
0.5323911905288696
0.5315189957618713
0.5306516885757446
0.5297915935516357
0.5289391875267029
0.5280935168266296
0.5272508859634399
0.5264188647270203
0.5255932211875916
0.5247686505317688
0.5239569544792175
0.5231475830078125
0.5223447680473328
0.5215493440628052
0.5207584500312805
0.5199760794639587
0.5191956162452698
0.5184262990951538
0.5176607966423035
0.516898512840271
0.5161427855491638
0.5153931379318237
0.5146472454071045
0.5139111876487732
0.5131735801696777
0.5124468803405762
0.51171875
0.5109977722167969
0.5102814435958862
0.5095700025558472
0.5088660717010498
0.5081659555435181
0.5074708461761475
0.5067823529243469
0.5060970783233643
0.505419135093689
0.5047506093978882
0.5040885210037231
0.5034390687942505
0.502805233001709
0.5021983981132507
0.5016179084777832
0.5010964274406433
0.5005995631217957
0.5001418590545654
0.4996156692504883
0.49899476766586304
0.49820566177368164
0.4973765015602112
0.49658599495887756
0.49592071771621704
0.4953541159629822
0.49484121799468994
0.49438974261283875
0.49394726753234863
0.4935302734375
0.49301114678382874
0.49239933490753174
0.49161362648010254
0.49080485105514526
0.49005937576293945
0.48943787813186646
0.48891347646713257
0.4884474277496338
0.48805537819862366
0.48769310116767883
0.48739010095596313
0.4870067238807678
0.4865269660949707
0.48576200008392334
0.48489660024642944
0.484063059091568
0.48342061042785645
0.4829521179199219
0.4825757145881653
0.48226261138916016
0.4819350838661194
0.48161178827285767
0.4811153709888458
0.4804970622062683
0.47969943284988403
0.47892099618911743
0.4782429039478302
0.4777107238769531
0.47728782892227173
0.47692984342575073
0.4766865670681
0.47650301456451416
0.47643807530403137
0.47621458768844604
0.47581619024276733
0.47494807839393616
0.47393518686294556
0.47303301095962524
0.47251051664352417
0.47227680683135986
0.4721299707889557
0.4719885587692261
0.4716450572013855
0.47114747762680054
0.4703691899776459
0.46955206990242004
0.46881717443466187
0.4682941138744354
0.4679262638092041
0.4676511585712433
0.46749910712242126
0.46742963790893555
0.4674941301345825
0.46738260984420776
0.4670308232307434
0.46607184410095215
0.46495717763900757
0.46406665444374084
0.4636763334274292
0.4636150002479553
0.4635906517505646
0.4634777009487152
0.4630460739135742
0.4623861014842987
0.46148961782455444
0.4607219696044922
0.46019434928894043
0.45988690853118896
0.4597373902797699
0.4596848487854004
0.4597979187965393
0.4598492383956909
0.45981842279434204
0.4591880142688751
0.4581841230392456
0.4570072889328003
0.45632100105285645
0.4561644494533539
0.45622995495796204
0.4563238024711609
0.4561625123023987
0.45574814081192017
0.4548790454864502
0.4539610743522644
0.45324966311454773
0.45288339257240295
0.45275986194610596
0.4527543783187866
0.4528895616531372
0.4529905319213867
0.45305299758911133
0.4525774121284485
0.4517013728618622
0.4505044221878052
0.4496820569038391
0.44942304491996765
0.4494919180870056
0.44965407252311707
0.44964396953582764
0.44944828748703003
0.4487650692462921
0.44787514209747314
0.4469919502735138
0.446475625038147
0.4462873339653015
0.4462694525718689
0.4463839530944824
0.446491539478302
0.4466278851032257
0.4463749825954437
0.44578316807746887
0.4447072744369507
0.4437465965747833
0.4432070553302765
0.4430919885635376
0.4432154893875122
0.4433785080909729
0.44358259439468384
0.4434680938720703
0.44304555654525757
0.4420424997806549
0.44103139638900757
0.44036710262298584
0.4401739239692688
0.44026821851730347
0.4404410123825073
0.44070345163345337
0.4407474398612976
0.4406072795391083
0.4397796392440796
0.43873152136802673
0.43778562545776367
0.43738001585006714
0.4374053180217743
0.43759989738464355
0.43786048889160156
0.43793004751205444
0.43784844875335693
0.4371732175350189
0.436232328414917
0.4352496266365051
0.4347287118434906
0.43464231491088867
0.4347812533378601
0.4350948631763458
0.43540236353874207
0.43573611974716187
0.43545353412628174
0.43471264839172363
0.4333914518356323
0.43239957094192505
0.4320905804634094
0.43227753043174744
0.4326639771461487
0.43293893337249756
0.43306368589401245
0.4325418472290039
0.4316647946834564
0.43055835366249084
0.42986762523651123
0.42969250679016113
0.4298332929611206
0.43017250299453735
0.43052515387535095
0.430923193693161
0.43079835176467896
0.4302084445953369
0.4289080798625946
0.4278077483177185
0.42736148834228516
0.4275100827217102
0.427939772605896
0.42830759286880493
0.4286036789417267
0.4282606840133667
0.42747098207473755
0.42624136805534363
0.4253961443901062
0.42518743872642517
0.42539793252944946
0.42581844329833984
0.42618680000305176
0.42646723985671997
0.4261268973350525
0.4253602623939514
0.424130916595459
0.4232718348503113
0.4230394959449768
0.42324286699295044
0.4236637353897095
0.4240673780441284
0.42446833848953247
0.4242779612541199
0.4236253499984741
0.4223402738571167
0.42132747173309326
0.42096227407455444
0.4211353659629822
0.4215956926345825
0.4220733344554901
0.42259466648101807
0.4225560128688812
0.42205193638801575
0.42072248458862305
0.41953086853027344
0.41901642084121704
0.419186532497406
0.4196856617927551
0.4201710820198059
0.42060768604278564
0.4204084575176239
0.41977038979530334
0.4184897541999817
0.41747811436653137
0.41709980368614197
0.4172622561454773
0.41770583391189575
0.418185293674469
0.41874462366104126
0.4187887907028198
0.4184243679046631
0.4171541929244995
0.4158974885940552
0.4152659475803375
0.41538602113723755
0.41589659452438354
0.41643238067626953
0.41697388887405396
0.416969895362854
0.4164873957633972
0.4151982069015503
0.4140230119228363
0.4134909510612488
0.41363853216171265
0.41414153575897217
0.41468071937561035
0.415242999792099
0.4152618646621704
0.4148588180541992
0.4136028289794922
0.4123798608779907
0.4117695689201355
0.4118887782096863
0.41239428520202637
0.41295433044433594
0.41359955072402954
0.41372501850128174
0.4134293794631958
0.4121720492839813
0.4108607769012451
0.41012662649154663
0.4102138876914978
0.41073715686798096
0.41133302450180054
0.41200125217437744
0.4121481478214264
0.41185346245765686
0.4105830788612366
0.40925636887550354
0.4085323214530945
0.408659428358078
0.4092077612876892
0.409818559885025
0.41049885749816895
0.41058430075645447
0.410179078578949
0.40885311365127563
0.4075717031955719
0.406973659992218
0.4071979820728302
0.40780407190322876
0.4083735942840576
0.40892207622528076
0.40878766775131226
0.4081350564956665
0.4068088233470917
0.4057697355747223
0.4054540693759918
0.4057620167732239
0.40635180473327637
0.4069024920463562
0.40749603509902954
0.40744224190711975
0.4068654775619507
0.4054909944534302
0.4043785333633423
0.4039708971977234
0.40422892570495605
0.4048442840576172
0.4054902493953705
0.40627044439315796
0.40647852420806885
0.40614408254623413
0.4046403169631958
0.4032125473022461
0.40259701013565063
0.40290704369544983
0.4036833345890045
0.40438544750213623
0.40499696135520935
0.4047984778881073
0.40397536754608154
0.4024423658847809
0.40144655108451843
0.40136080980300903
0.4018600881099701
0.40262967348098755
0.40325891971588135
0.4038338363170624
0.40350979566574097
0.4025718569755554
0.4010060429573059
0.40007272362709045
0.40008434653282166
0.4006664752960205
0.401487797498703
0.40210622549057007
0.4025781452655792
0.4020124673843384
0.4008409380912781
0.39936256408691406
0.39872607588768005
0.3989982008934021
0.39967024326324463
0.40048032999038696
0.40098193287849426
0.4011988639831543
0.40035852789878845
0.3990634083747864
0.39780542254447937
0.39746972918510437
0.3978953957557678
0.3986152410507202
0.3995441198348999
0.4002089202404022
0.40058019757270813
0.3995431661605835
0.3979707360267639
0.3965994417667389
0.3964333236217499
0.39715224504470825
0.3980141580104828
0.3987915515899658
0.3988119959831238
0.39820176362991333
0.3966975510120392
0.3955422639846802
0.3952657878398895
0.3957040011882782
0.3965000808238983
0.3973192572593689
0.3982563614845276
0.3983473777770996
0.3977166414260864
0.39589840173721313
0.3944910764694214
0.39424076676368713
0.39489758014678955
0.3958413004875183
0.3964419960975647
0.39667993783950806
0.395842581987381
0.3945704698562622
0.3933832049369812
0.3930814862251282
0.39348527789115906
0.39417845010757446
0.3951272964477539
0.39594507217407227
0.3966906666755676
0.3960753381252289
0.3946360945701599
0.39277005195617676
0.3920794427394867
0.39264026284217834
0.3936299979686737
0.39458006620407104
0.3947593569755554
0.3943120539188385
0.39280441403388977
0.39149555563926697
0.3910657465457916
0.391470730304718
0.39228907227516174
0.39315733313560486
0.39424359798431396
0.394608736038208
0.394321471452713
0.392494261264801
0.3907703161239624
0.3901107907295227
0.3906458020210266
0.3916783034801483
0.39243295788764954
0.3928433656692505
0.39214688539505005
0.39093834161758423
0.3895932734012604
0.3890833258628845
0.3894142806529999
0.39013612270355225
0.3911306858062744
0.39210978150367737
0.39314979314804077
0.3927820026874542
0.3914717435836792
0.38930290937423706
0.3882950246334076
0.3887593150138855
0.38984161615371704
0.39087605476379395
0.39101913571357727
0.39042627811431885
0.38888007402420044
0.38767141103744507
0.3873126208782196
0.38774120807647705
0.3885953426361084
0.38951006531715393
0.3906440734863281
0.3910307288169861
0.3907926082611084
0.38892093300819397
0.3870706260204315
0.3864230513572693
0.3870629668235779
0.38814669847488403
0.38896995782852173
0.3895299434661865
0.3888310194015503
0.38750314712524414
0.38606613874435425
0.38561710715293884
0.38594692945480347
0.3866316080093384
0.38770735263824463
0.38869717717170715
0.3896481394767761
0.38930103182792664
0.388203501701355
0.38606518507003784
0.3848150670528412
0.3851163983345032
0.38622838258743286
0.3873628079891205
0.387859582901001
0.3879457116127014
0.38668185472488403
0.3850283622741699
0.3839562237262726
0.3841104805469513
0.3847690522670746
0.38546448945999146
0.3866491913795471
0.387710839509964
0.3883541524410248
0.3871222734451294
0.38567066192626953
0.3841150403022766
0.38331204652786255
0.38382434844970703
0.38500893115997314
0.38597920536994934
0.38619405031204224
0.386342853307724
0.38525617122650146
0.38362574577331543
0.3824206590652466
0.38258424401283264
0.3831366300582886
0.3836478292942047
0.3848312497138977
0.38615649938583374
0.3874231278896332
0.38724106550216675
0.3866274356842041
0.38431036472320557
0.3822127878665924
0.38182884454727173
0.3831045925617218
0.3843753933906555
0.3848807215690613
0.38538041710853577
0.3845691680908203
0.3827453553676605
0.3811468482017517
0.3811785578727722
0.3815358877182007
0.381780207157135
0.38293224573135376
0.38457000255584717
0.3864172101020813
0.38699325919151306
0.3877076804637909
0.38540613651275635
0.38192784786224365
0.38039547204971313
0.3819084167480469
0.38336360454559326
0.38388556241989136
0.38503608107566833
0.38424819707870483
0.382163941860199
0.3803706765174866
0.38049647212028503
0.3804715573787689
0.3804816007614136
0.38183245062828064
0.3831826448440552
0.3846823573112488
0.3861261010169983
0.3877824544906616
0.3849048316478729
0.38119563460350037
0.3796739876270294
0.3805089294910431
0.3817053437232971
0.3829336166381836
0.3839590549468994
0.3823133111000061
0.3800602853298187
0.37909817695617676
0.3790198564529419
0.3787727355957031
0.3793615996837616
0.3807472586631775
0.3813488781452179
0.3822075128555298
0.382864773273468
0.38280054926872253
0.38005349040031433
0.37802621722221375
0.37788721919059753
0.3781135678291321
0.3785480856895447
0.3796539306640625
0.380676805973053
0.38002854585647583
0.3795927166938782
0.37883102893829346
0.37743571400642395
0.37625861167907715
0.37650266289711
0.3769802749156952
0.3771264851093292
0.3780999481678009
0.3796772360801697
0.3815913498401642
0.3823680281639099
0.38323166966438293
0.38099226355552673
0.37742412090301514
0.3757171034812927
0.3772228956222534
0.3788107633590698
0.37929069995880127
0.3800722360610962
0.378914475440979
0.376672625541687
0.3753422200679779
0.37585359811782837
0.3761442303657532
0.37634679675102234
0.37769293785095215
0.3787122964859009
0.3793362081050873
0.37937432527542114
0.3795106112957001
0.3771403729915619
0.3748580515384674
0.3745496869087219
0.3753010630607605
0.37586304545402527
0.37669235467910767
0.37807175517082214
0.3779670000076294
0.37702372670173645
0.37578627467155457
0.37491998076438904
0.37359124422073364
0.3733583092689514
0.37424588203430176
0.37479662895202637
0.3755093812942505
0.3768540918827057
0.37879979610443115
0.3789043128490448
0.37817811965942383
0.376069575548172
0.3741692304611206
0.3728143572807312
0.3737483322620392
0.3756769597530365
0.3763221204280853
0.37655380368232727
0.37603363394737244
0.3747822642326355
0.37262022495269775
0.3721159100532532
0.3729253113269806
0.3732736110687256
0.373878538608551
0.37528592348098755
0.37699002027511597
0.376835435628891
0.37673839926719666
0.37564438581466675
0.37358081340789795
0.37153807282447815
0.3721015751361847
0.3735005855560303
0.3738015592098236
0.3746052384376526
0.3753369450569153
0.37490564584732056
0.37268155813217163
0.37193217873573303
0.37168675661087036
0.37095218896865845
0.3711050748825073
0.3721584975719452
0.37317028641700745
0.37436166405677795
0.37739819288253784
0.37969931960105896
0.3806558847427368
0.3766677975654602
0.3735272288322449
0.37186577916145325
0.3722131550312042
0.37481313943862915
0.3767402768135071
0.3766089081764221
0.37371984124183655
0.3719124495983124
0.3711497485637665
0.37112653255462646
0.37220627069473267
0.373562753200531
0.3742603659629822
0.37321311235427856
0.3725735545158386
0.37148451805114746
0.3699670732021332
0.36927157640457153
0.36995571851730347
0.37064629793167114
0.3709641993045807
0.37227094173431396
0.373975545167923
0.37536829710006714
0.3742043375968933
0.3732123076915741
0.37128138542175293
0.3692396879196167
0.36904236674308777
0.37071987986564636
0.37189075350761414
0.37178629636764526
0.3721774220466614
0.37144312262535095
0.36965832114219666
0.3681754469871521
0.3684568405151367
0.36871516704559326
0.36860740184783936
0.36968734860420227
0.37157464027404785
0.37414559721946716
0.3765738606452942
0.3800283372402191
0.37815117835998535
0.37336814403533936
0.3685181140899658
0.3697705864906311
0.3729531168937683
0.37412235140800476
0.37523889541625977
0.3740842044353485
0.3708440661430359
0.36812272667884827
0.369319885969162
0.37116947770118713
0.37116721272468567
0.3722793459892273
0.37381309270858765
0.37395644187927246
0.3704677224159241
0.3694320321083069
0.36931318044662476
0.36796826124191284
0.36775314807891846
0.369209349155426
0.3703349828720093
0.3709094524383545
0.3733934164047241
0.3753044903278351
0.3756170868873596
0.37164416909217834
0.3696190118789673
0.36834171414375305
0.36775752902030945
0.36962899565696716
0.37174487113952637
0.37233543395996094
0.37077832221984863
0.3699207007884979
0.3681172728538513
0.3664706349372864
0.3665885925292969
0.3678969144821167
0.36858484148979187
0.36871516704559326
0.3700053095817566
0.37032124400138855
0.3692261576652527
0.3673228919506073
0.3667289912700653
0.3658096194267273
0.36504223942756653
0.36556756496429443
0.36648112535476685
0.3671550154685974
0.36805373430252075
0.3703809380531311
0.3717207908630371
0.37166017293930054
0.3690376877784729
0.36693960428237915
0.3651424050331116
0.36509037017822266
0.366943895816803
0.3683154284954071
0.36840882897377014
0.36700439453125
0.3659910559654236
0.36477363109588623
0.3639225959777832
0.3644581735134125
0.365540087223053
0.3663286864757538
0.36690327525138855
0.3682023286819458
0.36819082498550415
0.3668929934501648
0.36460065841674805
0.3638988435268402
0.36384108662605286
0.3638131618499756
0.36469244956970215
0.3658529818058014
0.36657291650772095
0.36644384264945984
0.36667144298553467
0.3658614456653595
0.36421269178390503
0.36261940002441406
0.36279845237731934
0.36342111229896545
0.36356550455093384
0.36445707082748413
0.36608341336250305
0.36794373393058777
0.36861634254455566
0.36963170766830444
0.36861109733581543
0.36614805459976196
0.3626832664012909
0.3629685044288635
0.36514878273010254
0.36585232615470886
0.3665982484817505
0.36747685074806213
0.36731988191604614
0.36433175206184387
0.36269980669021606
0.3631753623485565
0.36298245191574097
0.36227309703826904
0.36312031745910645
0.364816278219223
0.3660144805908203
0.36953815817832947
0.3747653663158417
0.3807358741760254
0.3767670691013336
0.3705596625804901
0.3654833734035492
0.3655663728713989
0.3680756390094757
0.3717508614063263
0.3749959170818329
0.37069350481033325
0.3658681809902191
0.36439260840415955
0.3657170832157135
0.36673060059547424
0.36752572655677795
0.37034884095191956
0.3711410164833069
0.3692173659801483
0.3656143546104431
0.3653565049171448
0.3648270070552826
0.36313608288764954
0.3628508448600769
0.36429500579833984
0.36506253480911255
0.3653066158294678
0.3686167299747467
0.3725181519985199
0.3757210373878479
0.3729998469352722
0.37028199434280396
0.3650782108306885
0.3630099296569824
0.36579254269599915
0.369396448135376
0.37037667632102966
0.3669887185096741
0.3650584816932678
0.36378854513168335
0.362701416015625
0.36383137106895447
0.3659021556377411
0.36689192056655884
0.36552125215530396
0.3646823763847351
0.36350804567337036
0.36181116104125977
0.3606233596801758
0.3615470826625824
0.36255866289138794
0.3624906539916992
0.36342698335647583
0.3648717999458313
0.36568403244018555
0.36408087611198425
0.3628259003162384
0.3615715205669403
0.36020371317863464
0.35951709747314453
0.36059239506721497
0.3617067337036133
0.36150649189949036
0.3617457449436188
0.36196276545524597
0.3612406551837921
0.3595024049282074
0.3589046001434326
0.3589567542076111
0.3585372567176819
0.3582528829574585
0.35876765847206116
0.3595162034034729
0.3602083623409271
0.36240971088409424
0.3659313917160034
0.3704281449317932
0.37013766169548035
0.36708125472068787
0.3613462746143341
0.35958918929100037
0.3617194592952728
0.36486542224884033
0.3660857677459717
0.36236700415611267
0.3590845465660095
0.3594220280647278
0.3611508011817932
0.3620206117630005
0.3618144094944
0.3615151047706604
0.35974571108818054
0.35800817608833313
0.3581312894821167
0.3591643273830414
0.35956278443336487
0.35970339179039
0.36102867126464844
0.36188173294067383
0.36160776019096375
0.35972559452056885
0.3591545820236206
0.35845619440078735
0.3572373390197754
0.35721656680107117
0.3582826852798462
0.3588666021823883
0.3590035140514374
0.3602885603904724
0.36145755648612976
0.3616567552089691
0.35969772934913635
0.3586577773094177
0.35775163769721985
0.3566868007183075
0.3568454086780548
0.35812199115753174
0.3590332567691803
0.3590780198574066
0.35977745056152344
0.36006176471710205
0.3592206537723541
0.3569173514842987
0.3563254177570343
0.3566266596317291
0.3563084304332733
0.3564547896385193
0.35759323835372925
0.3590107858181
0.35989585518836975
0.361691415309906
0.36306071281433105
0.3632321059703827
0.3590136468410492
0.3564532995223999
0.35693612694740295
0.35767337679862976
0.35840797424316406
0.3597252070903778
0.3611931800842285
0.3598565459251404
0.35762202739715576
0.3566477298736572
0.3567952513694763
0.3559134006500244
0.3555244207382202
0.35664042830467224
0.35750189423561096
0.35839927196502686
0.36035019159317017
0.3646419644355774
0.3667369782924652
0.3666526675224304
0.3619307577610016
0.35910454392433167
0.3571617603302002
0.3577190935611725
0.3610244691371918
0.3629118502140045
0.36231929063796997
0.35879063606262207
0.357467383146286
0.35720306634902954
0.35662540793418884
0.35751599073410034
0.35934650897979736
0.36053505539894104
0.35980328917503357
0.3597886562347412
0.35950616002082825
0.35811102390289307
0.35526055097579956
0.35518234968185425
0.35637858510017395
0.3562282919883728
0.3565598726272583
0.3584743142127991
0.3614785075187683
0.36283349990844727
0.3645787835121155
0.36439791321754456
0.362755686044693
0.3563913404941559
0.3552182614803314
0.35880976915359497
0.3605835437774658
0.361443430185318
0.36213552951812744
0.36321598291397095
0.35949939489364624
0.35549479722976685
0.3558925688266754
0.35753071308135986
0.35688480734825134
0.35678356885910034
0.36002475023269653
0.36309146881103516
0.3668753206729889
0.36877551674842834
0.37310755252838135
0.3673487901687622
0.35844868421554565
0.3565247654914856
0.3613540232181549
0.3632984161376953
0.3626636862754822
0.36780309677124023
0.370344877243042
0.3712003231048584
0.36257800459861755
0.3635964095592499
0.3643161356449127
0.36071112751960754
0.3589012324810028
0.35929328203201294
0.3622238337993622
0.36630502343177795
0.37843817472457886
0.3979346752166748
0.4297932982444763
0.40122190117836
0.3920023441314697
0.37561383843421936
0.3729369640350342
0.3773025572299957
0.3911884129047394
0.44596314430236816
0.5050774812698364
0.628807008266449
0.5040726661682129
0.4923955202102661
0.4521339237689972
0.47501081228256226
0.49531877040863037
0.6369445323944092
0.6728219985961914
0.8406634330749512
0.5839831829071045
0.5228245258331299
0.5585355162620544
0.6132230758666992
0.7680162191390991
0.6801438927650452
0.6244953870773315
0.5385135412216187
0.5749413967132568
0.635661780834198
0.5729578733444214
0.5409294366836548
0.5156975388526917
0.5224676728248596
0.5385953187942505
0.5206031203269958
0.510822594165802
0.4738924503326416
0.4659951329231262
0.47670120000839233
0.47585833072662354
0.47620218992233276
0.4621546268463135
0.45279455184936523
0.4377787709236145
0.43052634596824646
0.43532633781433105
0.43434804677963257
0.42908239364624023
0.42212823033332825
0.41930389404296875
0.4101792573928833
0.405142217874527
0.4061700105667114
0.40429872274398804
0.4016410708427429
0.40127164125442505
0.40168315172195435
0.39740604162216187
0.3947114050388336
0.3921939432621002
0.38834714889526367
0.38515999913215637
0.3847825527191162
0.38393086194992065
0.3825031518936157
0.3825536072254181
0.38165464997291565
0.3799278140068054
0.37846454977989197
0.377189040184021
0.37498247623443604
0.3736497163772583
0.3730320334434509
0.3720707893371582
0.3714412450790405
0.37125730514526367
0.37089842557907104
0.3704319894313812
0.37039926648139954
0.36988234519958496
0.3690301179885864
0.3678765594959259
0.36667418479919434
0.3653872013092041
0.3647230863571167
0.3645372986793518
0.364344984292984
0.36428102850914
0.364210844039917
0.3639465868473053
0.36331671476364136
0.36265623569488525
0.36177101731300354
0.3609422743320465
0.3604513108730316
0.36021003127098083
0.36004626750946045
0.3599892854690552
0.360044002532959
0.3600006103515625
0.35995328426361084
0.35969752073287964
0.3592189848423004
0.3584112226963043
0.35768207907676697
0.35717445611953735
0.3569265305995941
0.3568984568119049
0.3569755256175995
0.3570806086063385
0.35709959268569946
0.3570830523967743
0.3567861318588257
0.35628700256347656
0.3556048274040222
0.35504356026649475
0.3546915650367737
0.35456809401512146
0.35461708903312683
0.3547321557998657
0.35490891337394714
0.3550505042076111
0.3551596999168396
0.354930579662323
0.35443535447120667
0.35368624329566956
0.35308340191841125
0.3528122007846832
0.3528413772583008
0.35302743315696716
0.3531948924064636
0.35329344868659973
0.3531729280948639
0.35288485884666443
0.3523619771003723
0.35184144973754883
0.35149163007736206
0.3513816297054291
0.35142070055007935
0.3515429198741913
0.35178178548812866
0.3520751893520355
0.3524067997932434
0.3524658679962158
0.35224154591560364
0.3514860272407532
0.35066157579421997
0.35022738575935364
0.350324422121048
0.3506394028663635
0.35087651014328003
0.35096755623817444
0.35071635246276855
0.3502333462238312
0.3496936857700348
0.34940004348754883
0.34934356808662415
0.3494216799736023
0.349623441696167
0.3498914837837219
0.3502146899700165
0.3504182696342468
0.3504893183708191
0.35005050897598267
0.34931716322898865
0.3486254811286926
0.34843558073043823
0.34864383935928345
0.34895211458206177
0.3492233455181122
0.3492598533630371
0.3490244448184967
0.3484944701194763
0.3480020761489868
0.3477300703525543
0.3476916253566742
0.34782135486602783
0.34806111454963684
0.3483758270740509
0.3486460745334625
0.34889253973960876
0.34882593154907227
0.34842348098754883
0.34765201807022095
0.3470706343650818
0.34697625041007996
0.34718751907348633
0.34746813774108887
0.3477093577384949
0.34786471724510193
0.34765625
0.3472329378128052
0.3467618227005005
0.3464561104774475
0.34631961584091187
0.34637439250946045
0.3466033339500427
0.34690535068511963
0.3473149538040161
0.34777048230171204
0.34825748205184937
0.3481519818305969
0.34750473499298096
0.3464786410331726
0.3458923101425171
0.3459370732307434
0.34634748101234436
0.3468188941478729
0.3469293713569641
0.3466382324695587
0.34600239992141724
0.3455144166946411
0.34532156586647034
0.3453681170940399
0.3455985188484192
0.34592872858047485
0.34627312421798706
0.3464457094669342
0.346545547246933
0.34630489349365234
0.34575968980789185
0.3450436294078827
0.34472495317459106
0.34483516216278076
0.3450346291065216
0.34526965022087097
0.3455800712108612
0.3458988070487976
0.3458385765552521
0.3455713391304016
0.3451458215713501
0.34471163153648376
0.3442777991294861
0.3441673517227173
0.34438931941986084
0.34463006258010864
0.34489840269088745
0.34532102942466736
0.34592205286026
0.3461519479751587
0.34598490595817566
0.3452685475349426
0.3445407748222351
0.3439338803291321
0.3438679873943329
0.3443639576435089
0.34485292434692383
0.3450855612754822
0.3450230360031128
0.34486591815948486
0.34427860379219055
0.3436128497123718
0.34335482120513916
0.34351539611816406
0.34371352195739746
0.34393012523651123
0.3444312512874603
0.34506577253341675
0.3457205891609192
0.3459542393684387
0.3459794521331787
0.34513700008392334
0.3438757061958313
0.3430516719818115
0.34343066811561584
0.3441692590713501
0.3444482684135437
0.3445283770561218
0.34427011013031006
0.34362539649009705
0.3428560197353363
0.3427116274833679
0.3429814279079437
0.34313106536865234
0.3433580994606018
0.34389728307724
0.3446435332298279
0.3449285328388214
0.3450939953327179
0.34481844305992126
0.34411025047302246
0.3428409695625305
0.34234488010406494
0.34285151958465576
0.34332478046417236
0.3435346484184265
0.34377145767211914
0.34394919872283936
0.3432994484901428
0.34251853823661804
0.34224456548690796
0.34222009778022766
0.3420705795288086
0.3421543836593628
0.34263917803764343
0.3431687355041504
0.3439595699310303
0.34523212909698486
0.3471356928348541
0.34754931926727295
0.3465311825275421
0.34392353892326355
0.3425474166870117
0.34276100993156433
0.3438223600387573
0.34486883878707886
0.3444506525993347
0.3429386019706726
0.3418501019477844
0.34223446249961853
0.3428497016429901
0.3429468870162964
0.3431316018104553
0.34304147958755493
0.34234943985939026
0.3415219485759735
0.3415110409259796
0.3416573405265808
0.34149113297462463
0.3416292071342468
0.3421749174594879
0.34277522563934326
0.3434000015258789
0.3447602391242981
0.3460231423377991
0.34657925367355347
0.34462064504623413
0.3425997495651245
0.3416973352432251
0.34191983938217163
0.34283724427223206
0.34365540742874146
0.3435531556606293
0.3420846164226532
0.3410792350769043
0.3412770628929138
0.3416188955307007
0.3416990339756012
0.34196341037750244
0.3423013389110565
0.3418269753456116
0.3411620855331421
0.3409302532672882
0.34084054827690125
0.34046274423599243
0.3402910530567169
0.34050220251083374
0.340655118227005
0.3408118784427643
0.34151244163513184
0.3432176113128662
0.34559908509254456
0.3491727411746979
0.3511582016944885
0.3516155481338501
0.3461369574069977
0.341327965259552
0.342378705739975
0.3460814654827118
0.3470056653022766
0.34459224343299866
0.3431786894798279
0.3424573540687561
0.3423384726047516
0.34352248907089233
0.3437667787075043
0.3422282338142395
0.3408902883529663
0.3414325416088104
0.34175392985343933
0.34140002727508545
0.34183815121650696
0.342154860496521
0.34160029888153076
0.340963751077652
0.3410201668739319
0.340667188167572
0.34000757336616516
0.3398820757865906
0.34001731872558594
0.33978980779647827
0.339596688747406
0.33982422947883606
0.34014835953712463
0.34071284532546997
0.3422642946243286
0.3458513021469116
0.35043275356292725
0.3560006320476532
0.35434919595718384
0.34901466965675354
0.3420126438140869
0.3426804542541504
0.34828704595565796
0.34894341230392456
0.34474191069602966
0.34121114015579224
0.3431350290775299
0.3454284071922302
0.3442172110080719
0.3426324725151062
0.341880202293396
0.34163206815719604
0.3420563340187073
0.34256279468536377
0.34190478920936584
0.3403054475784302
0.3401818871498108
0.34085360169410706
0.340688019990921
0.34049272537231445
0.3408101797103882
0.3408975899219513
0.34020790457725525
0.33981853723526
0.33983665704727173
0.33958595991134644
0.33902037143707275
0.33889859914779663
0.33898138999938965
0.3387555181980133
0.3385014235973358
0.3385147452354431
0.3385685086250305
0.33849820494651794
0.33863404393196106
0.33942142128944397
0.34155309200286865
0.34588170051574707
0.35469159483909607
0.36260735988616943
0.3674347996711731
0.3522321581840515
0.34091219305992126
0.345918744802475
0.35404038429260254
0.3536156415939331
0.3461572229862213
0.34512609243392944
0.3472787141799927
0.34669214487075806
0.3466421365737915
0.3457067608833313
0.3432612121105194
0.34264713525772095
0.34478145837783813
0.34473901987075806
0.3420170247554779
0.3417426347732544
0.3422093391418457
0.3410463333129883
0.34080231189727783
0.34166523814201355
0.3415073752403259
0.34078702330589294
0.341244101524353
0.34150969982147217
0.3409862518310547
0.3404787480831146
0.34063905477523804
0.3400023281574249
0.339071124792099
0.3388688862323761
0.3389289975166321
0.33852648735046387
0.3383044898509979
0.3385540843009949
0.3386576771736145
0.3387550413608551
0.33936917781829834
0.340761661529541
0.34224432706832886
0.34389445185661316
0.3439798653125763
0.3426140546798706
0.3391805589199066
0.33787113428115845
0.33951428532600403
0.3408265709877014
0.34042295813560486
0.33898991346359253
0.33825042843818665
0.338172048330307
0.3385084867477417
0.3390728533267975
0.3389209508895874
0.33802559971809387
0.33727356791496277
0.3373587727546692
0.3375980257987976
0.3375426232814789
0.3376498818397522
0.3379424214363098
0.3380204737186432
0.33758676052093506
0.3373086452484131
0.3372398316860199
0.3370031416416168
0.33656829595565796
0.3364081084728241
0.33649545907974243
0.33647170662879944
0.3363432288169861
0.3364144563674927
0.33685511350631714
0.33766815066337585
0.33942198753356934
0.3425475060939789
0.3479980230331421
0.3511725664138794
0.35077589750289917
0.34233179688453674
0.33803269267082214
0.3409681022167206
0.3440895676612854
0.34426188468933105
0.34185555577278137
0.34030452370643616
0.3393648862838745
0.34023329615592957
0.3418772518634796
0.3406197130680084
0.33826151490211487
0.33794036507606506
0.3391338884830475
0.33925169706344604
0.3386872410774231
0.3389948308467865
0.33876731991767883
0.33760368824005127
0.33697521686553955
0.3373207449913025
0.33719760179519653
0.3366709351539612
0.3367447853088379
0.33713358640670776
0.3372766673564911
0.3375869393348694
0.3390311896800995
0.3410910367965698
0.3434124290943146
0.34378018975257874
0.3428771495819092
0.3391870856285095
0.3367809057235718
0.33775264024734497
0.3400699198246002
0.34051916003227234
0.33824843168258667
0.33668074011802673
0.33710700273513794
0.3378256559371948
0.3380465507507324
0.33781635761260986
0.3373643457889557
0.336414098739624
0.3359054923057556
0.3363552987575531
0.336886465549469
0.3369292616844177
0.33679333329200745
0.3370552659034729
0.3370293974876404
0.33647096157073975
0.33572015166282654
0.3356177806854248
0.3356579542160034
0.3353516459465027
0.3351365327835083
0.3353421688079834
0.33566364645957947
0.3359454274177551
0.33681511878967285
0.3388323187828064
0.34254369139671326
0.3456546664237976
0.3481315076351166
0.34492185711860657
0.34052741527557373
0.3372596502304077
0.33849698305130005
0.3422929644584656
0.34297874569892883
0.34018474817276
0.33666837215423584
0.33723026514053345
0.3394501209259033
0.33947762846946716
0.33863121271133423
0.3379805088043213
0.3374098837375641
0.33635586500167847
0.3364613652229309
0.33758115768432617
0.3375382721424103
0.3367127478122711
0.33637064695358276
0.3366701602935791
0.3362042307853699
0.3353719711303711
0.3352493941783905
0.3355165123939514
0.3352400064468384
0.3347970247268677
0.33479049801826477
0.3349136710166931
0.33471664786338806
0.33444467186927795
0.33445554971694946
0.3346688449382782
0.3350244462490082
0.33643266558647156
0.3409745395183563
0.35366228222846985
0.3729919493198395
0.4020999073982239
0.38669294118881226
0.3692508339881897
0.34787869453430176
0.35426440834999084
0.37250572443008423
0.3918760418891907
0.4214608073234558
0.40334683656692505
0.4081650376319885
0.3728333115577698
0.37823811173439026
0.4036340117454529
0.43961530923843384
0.5146292448043823
0.44480565190315247
0.42091044783592224
0.38720566034317017
0.4017218351364136
0.44485652446746826
0.4967159628868103
0.6017704010009766
0.49073243141174316
0.4334438443183899
0.42800360918045044
0.4653858542442322
0.5151196718215942
0.4951022267341614
0.5207594037055969
0.47210416197776794
0.4734858572483063
0.44334542751312256
0.45258915424346924
0.5077129602432251
0.4830564260482788
0.47602957487106323
0.4439837634563446
0.4384711980819702
0.4269421696662903
0.4214323163032532
0.44042667746543884
0.4345850944519043
0.4274735450744629
0.4175978899002075
0.4193171262741089
0.39501237869262695
0.3891189992427826
0.39850181341171265
0.39284002780914307
0.39147311449050903
0.3978153467178345
0.4068053960800171
0.3955574035644531
0.39222514629364014
0.3838312029838562
0.37268754839897156
0.3716394901275635
0.37656742334365845
0.3736584484577179
0.3688123822212219
0.3687950372695923
0.3633609414100647
0.3611060082912445
0.3634398579597473
0.3612512946128845
0.35957908630371094
0.3601883053779602
0.3586353659629822
0.35558608174324036
0.35532185435295105
0.3537616729736328
0.35154518485069275
0.35132667422294617
0.35089337825775146
0.34960395097732544
0.3494412899017334
0.3495810031890869
0.34889325499534607
0.3491398096084595
0.34978407621383667
0.34997978806495667
0.3493000268936157
0.34854382276535034
0.3462674617767334
0.34437716007232666
0.3441084623336792
0.34446853399276733
0.3446486294269562
0.34455689787864685
0.34398069977760315
0.3426768183708191
0.34185245633125305
0.3417043685913086
0.3416237533092499
0.34162601828575134
0.3416932225227356
0.34151023626327515
0.34089395403862
0.34039992094039917
0.33994051814079285
0.33946189284324646
0.3392050862312317
0.3391757011413574
0.33913731575012207
0.33910343050956726
0.33927154541015625
0.3394708037376404
0.3396513760089874
0.3396311402320862
0.33947819471359253
0.33879271149635315
0.337945818901062
0.3373946249485016
0.3373202085494995
0.3374458849430084
0.3376142978668213
0.33777713775634766
0.33765754103660583
0.33729088306427
0.33681249618530273
0.33645880222320557
0.33620983362197876
0.336115300655365
0.33619776368141174
0.33633726835250854
0.33649587631225586
0.3366711139678955
0.33690345287323
0.33688098192214966
0.3365830183029175
0.3359944224357605
0.3354703187942505
0.33516037464141846
0.33514609932899475
0.33536478877067566
0.33559733629226685
0.3357354402542114
0.3356868624687195
0.3355092406272888
0.33510416746139526
0.3346674144268036
0.33439552783966064
0.3343644440174103
0.3344542980194092
0.3345894515514374
0.3348360061645508
0.33515381813049316
0.3355194926261902
0.33564066886901855
0.33553117513656616
0.3349674344062805
0.3342650830745697
0.33376723527908325
0.33380722999572754
0.33416831493377686
0.33445435762405396
0.3345731496810913
0.33443233370780945
0.33410459756851196
0.33361634612083435
0.3332846164703369
0.33325695991516113
0.333404541015625
0.3335955739021301
0.3338306248188019
0.3341958522796631
0.3344907760620117
0.3346015512943268
0.334229975938797
0.333696573972702
0.333145409822464
0.33284223079681396
0.33292055130004883
0.3332706689834595
0.3336116075515747
0.3337080776691437
0.3336736559867859
0.33343207836151123
0.3330364227294922
0.33255288004875183
0.332363098859787
0.3324941396713257
0.33268702030181885
0.3328929543495178
0.33319586515426636
0.3336723744869232
0.33398154377937317
0.3339993357658386
0.33354371786117554
0.3329951763153076
0.33239954710006714
0.3320751190185547
0.3322332203388214
0.33266353607177734
0.3329834043979645
0.33296486735343933
0.3328319191932678
0.3325566351413727
0.3321613073348999
0.33175355195999146
0.3316539525985718
0.3318149149417877
0.33197394013404846
0.33216920495033264
0.3325929045677185
0.3333626687526703
0.33403414487838745
0.33450832962989807
0.3342094421386719
0.333529531955719
0.33234354853630066
0.33158251643180847
0.33191293478012085
0.33273589611053467
0.3330990970134735
0.3327291011810303
0.33229073882102966
0.33184051513671875
0.33142930269241333
0.33134692907333374
0.3317089080810547
0.3320773243904114
0.33209601044654846
0.33210933208465576
0.33216264843940735
0.3320598602294922
0.33155331015586853
0.3311294913291931
0.3310384154319763
0.3310113549232483
0.3308534026145935
0.33082127571105957
0.33103877305984497
0.33132314682006836
0.33178529143333435
0.3327534794807434
0.3347580134868622
0.3370887339115143
0.3393053114414215
0.33818092942237854
0.33542922139167786
0.332298219203949
0.33208876848220825
0.33410564064979553
0.33539968729019165
0.33469733595848083
0.3322092890739441
0.33141258358955383
0.3327513635158539
0.33353784680366516
0.33292075991630554
0.3317759037017822
0.3314058780670166
0.33154451847076416
0.33176201581954956
0.3320675194263458
0.3319633901119232
0.33133113384246826
0.3306795656681061
0.3306572437286377
0.330871045589447
0.3308376669883728
0.33084243535995483
0.33111992478370667
0.3314543068408966
0.33140721917152405
0.3313206434249878
0.33131250739097595
0.33124127984046936
0.33069080114364624
0.3301495611667633
0.3300502300262451
0.33014237880706787
0.3300635814666748
0.33002403378486633
0.3302973508834839
0.33070382475852966
0.3311910331249237
0.3318415582180023
0.3330574035644531
0.33401423692703247
0.33417630195617676
0.3324342966079712
0.330789178609848
0.33030813932418823
0.33067286014556885
0.33122187852859497
0.33170610666275024
0.3318638503551483
0.33089640736579895
0.3298865258693695
0.3298717737197876
0.33032047748565674
0.3304201662540436
0.33042722940444946
0.33078739047050476
0.3308908939361572
0.3305071294307709
0.3300017714500427
0.3299477696418762
0.3298415541648865
0.3294569253921509
0.32920438051223755
0.32931071519851685
0.3293764591217041
0.32924991846084595
0.32930952310562134
0.3297918438911438
0.33085447549819946
0.3328965902328491
0.33729004859924316
0.3430318534374237
0.3496894836425781
0.3455841839313507
0.3374839425086975
0.3319000005722046
0.334854394197464
0.3396317958831787
0.3397063612937927
0.3374709486961365
0.3343731462955475
0.33353036642074585
0.33512675762176514
0.3362991511821747
0.3350938558578491
0.3320639431476593
0.33189061284065247
0.3338293433189392
0.33377689123153687
0.33252954483032227
0.3319833278656006
0.33188021183013916
0.3310268521308899
0.3307263255119324
0.3314400613307953
0.33145272731781006
0.3307746350765228
0.3305537700653076
0.3308013081550598
0.33040696382522583
0.32982170581817627
0.32976627349853516
0.3298696279525757
0.32954320311546326
0.3292585015296936
0.3293403685092926
0.329458087682724
0.3294079303741455
0.3296457529067993
0.33051931858062744
0.33218300342559814
0.33417266607284546
0.3368908166885376
0.33757108449935913
0.33591538667678833
0.33106333017349243
0.32930988073349
0.33186212182044983
0.33357974886894226
0.33252525329589844
0.33052876591682434
0.330238938331604
0.33048051595687866
0.3305443525314331
0.3310052156448364
0.33066919445991516
0.32945770025253296
0.32889991998672485
0.3295653164386749
0.3298667371273041
0.32940834760665894
0.32939979434013367
0.32959502935409546
0.32925230264663696
0.3286430239677429
0.32859766483306885
0.3286881446838379
0.3283937871456146
0.328091025352478
0.3281560242176056
0.32819488644599915
0.3279876112937927
0.327827513217926
0.32788804173469543
0.3279885947704315
0.32815006375312805
0.32882705330848694
0.3311532437801361
0.3364996612071991
0.3474913239479065
0.35714972019195557
0.363997220993042
0.34624359011650085
0.3333721458911896
0.33680444955825806
0.3478519320487976
0.3528411090373993
0.3425402343273163
0.334109902381897
0.33689600229263306
0.3430454730987549
0.34308820962905884
0.3360172510147095
0.3334674835205078
0.33698010444641113
0.33899831771850586
0.3371327817440033
0.33332836627960205
0.33292528986930847
0.3348465859889984
0.3352193236351013
0.33383655548095703
0.33213046193122864
0.3318728804588318
0.3322673439979553
0.3322319984436035
0.3320070803165436
0.3316228687763214
0.33109647035598755
0.3302626609802246
0.32990390062332153
0.3302757740020752
0.3306126594543457
0.3304823040962219
0.32991325855255127
0.3296523988246918
0.3296097218990326
0.32935720682144165
0.32880470156669617
0.32846760749816895
0.3284893035888672
0.32851868867874146
0.3283129930496216
0.3280852437019348
0.32809820771217346
0.32829636335372925
0.32861581444740295
0.32915690541267395
0.33054375648498535
0.3328404426574707
0.33599853515625
0.3363340497016907
0.3337639570236206
0.32934555411338806
0.3288639187812805
0.3310500383377075
0.33150339126586914
0.33055320382118225
0.3296371102333069
0.3293391466140747
0.32903215289115906
0.32921960949897766
0.32979094982147217
0.3291006088256836
0.32789233326911926
0.32782596349716187
0.3285385072231293
0.3285611569881439
0.32800886034965515
0.3280070722103119
0.32813552021980286
0.32772284746170044
0.32717472314834595
0.3271845579147339
0.32732468843460083
0.32709839940071106
0.32679688930511475
0.3268096446990967
0.32691460847854614
0.3268090784549713
0.3267090916633606
0.3269410729408264
0.3277420997619629
0.3294605016708374
0.3333473801612854
0.3393474817276001
0.3474327027797699
0.3449791371822357
0.3366020619869232
0.3287847340106964
0.3325224816799164
0.3388773202896118
0.3373713493347168
0.3332592248916626
0.3317902386188507
0.3332202136516571
0.3335701823234558
0.3322378695011139
0.33230528235435486
0.3318799138069153
0.33017510175704956
0.32989057898521423
0.3312985897064209
0.33151042461395264
0.32965102791786194
0.32879072427749634
0.329384446144104
0.32917582988739014
0.328081339597702
0.3279871642589569
0.3285026550292969
0.3281925618648529
0.3276960253715515
0.3279978632926941
0.32880139350891113
0.3294385075569153
0.3308371305465698
0.3331667482852936
0.33587464690208435
0.33428144454956055
0.3306669294834137
0.3281909227371216
0.32894179224967957
0.3300228714942932
0.3300148844718933
0.33019590377807617
0.3294432759284973
0.3278582692146301
0.32741114497184753
0.3285692632198334
0.32905855774879456
0.3280624747276306
0.3275580108165741
0.3277643918991089
0.32740339636802673
0.32658851146698
0.3266126811504364
0.3270122706890106
0.3267908990383148
0.32652199268341064
0.32686492800712585
0.3275306224822998
0.32804369926452637
0.32906848192214966
0.3306734561920166
0.33257758617401123
0.33169567584991455
0.3292284309864044
0.32711657881736755
0.32728734612464905
0.3280486762523651
0.32834213972091675
0.32886260747909546
0.32868579030036926
0.3274380564689636
0.3261971175670624
0.3265993595123291
0.3273795545101166
0.3271251618862152
0.32686662673950195
0.32727938890457153
0.32754212617874146
0.3267768919467926
0.32622015476226807
0.3263896703720093
0.3264147937297821
0.3258504569530487
0.3255583643913269
0.3257487714290619
0.325753390789032
0.32542553544044495
0.32526564598083496
0.32537102699279785
0.32536831498146057
0.3251737654209137
0.3250270485877991
0.325040340423584
0.3250676989555359
0.32499146461486816
0.32491540908813477
0.3250609040260315
0.32593464851379395
0.32914119958877563
0.34002685546875
0.36453700065612793
0.41723310947418213
0.4205729067325592
0.435644268989563
0.37810584902763367
0.3689001798629761
0.354313462972641
0.3651895225048065
0.375949501991272
0.4058769941329956
0.483224093914032
0.5873306393623352
1.0002796649932861
0.5925779342651367
0.8818451166152954
0.690582275390625
0.8802088499069214
1.0356206893920898
1.833461046218872
0.9660829305648804
1.0181405544281006
0.9852107763290405
0.963223397731781
1.096534013748169
1.1166032552719116
1.49163818359375
0.961217999458313
0.9167714715003967
1.0301812887191772
0.9630696773529053
0.9335405826568604
0.7712037563323975
0.8225960731506348
0.8383597135543823
0.7389445304870605
0.7903589010238647
0.6526978015899658
0.6586750745773315
0.6857661008834839
0.6285603046417236
0.6498280763626099
0.5861852169036865
0.577749490737915
0.550726056098938
0.5239771008491516
0.5274733901023865
0.5061057806015015
0.4988366663455963
0.4977899491786957
0.49429672956466675
0.5001136064529419
0.5266073942184448
0.504423975944519
0.48856475949287415
0.44841238856315613
0.44929933547973633
0.4666253328323364
0.446120023727417
0.4330179691314697
0.42889541387557983
0.4298396706581116
0.4303744435310364
0.41396471858024597
0.4122299253940582
0.4138031005859375
0.4086660146713257
0.4056321978569031
0.39868515729904175
0.39753785729408264
0.3980216979980469
0.3936184048652649
0.3916313350200653
0.3873756527900696
0.38514629006385803
0.3851248025894165
0.3827298581600189
0.38132748007774353
0.37926149368286133
0.37662869691848755
0.3755418062210083
0.3741711676120758
0.3730390965938568
0.3722977638244629
0.37096357345581055
0.36974453926086426
0.36859995126724243
0.3670695424079895
0.3660511374473572
0.36501622200012207
0.3639999032020569
0.36334526538848877
0.36255013942718506
0.36186012625694275
0.3612992465496063
0.36066240072250366
0.36007726192474365
0.35959815979003906
0.3589283227920532
0.35837069153785706
0.3576788008213043
0.35690754652023315
0.35611844062805176
0.35534942150115967
0.3546123802661896
0.3540286123752594
0.35350602865219116
0.3530474901199341
0.35267525911331177
0.35232481360435486
0.3520515263080597
0.35184669494628906
0.3517259955406189
0.35160964727401733
0.35151413083076477
0.3511497974395752
0.3505783975124359
0.3496963083744049
0.34882059693336487
0.3481854796409607
0.3478833734989166
0.34779950976371765
0.3477745056152344
0.3477095067501068
0.3474617302417755
0.34706825017929077
0.34648287296295166
0.34587758779525757
0.3453828692436218
0.3450624942779541
0.3448837697505951
0.344783216714859
0.34473007917404175
0.3446662724018097
0.34460219740867615
0.3444136083126068
0.3441237807273865
0.3436558246612549
0.34313955903053284
0.342668741941452
0.3423452377319336
0.3421594798564911
0.3420691192150116
0.34204748272895813
0.34206250309944153
0.34212562441825867
0.34213852882385254
0.34208065271377563
0.3417726755142212
0.341290682554245
0.34069177508354187
0.3402298092842102
0.34001415967941284
0.3399967551231384
0.34007763862609863
0.3401547968387604
0.3401975929737091
0.3400709629058838
0.3398016393184662
0.3393465280532837
0.3388807475566864
0.33853769302368164
0.3383786976337433
0.3383556604385376
0.3383997976779938
0.33848780393600464
0.3385569751262665
0.3386050760746002
0.3384760320186615
0.3381901681423187
0.337715208530426
0.33726298809051514
0.3369775712490082
0.3368944525718689
0.33694732189178467
0.3370510935783386
0.3371732831001282
0.337225079536438
0.3371829092502594
0.3369114398956299
0.33649942278862
0.3360484838485718
0.3357604146003723
0.3356739580631256
0.3357193171977997
0.335832804441452
0.3359549343585968
0.3360702097415924
0.3360523581504822
0.3358960449695587
0.3355039358139038
0.335049033164978
0.3347001075744629
0.3345738351345062
0.33461853861808777
0.33474165201187134
0.3348982334136963
0.33501067757606506
0.33506032824516296
0.33489951491355896
0.3345591425895691
0.33408883213996887
0.33372971415519714
0.3335922956466675
0.333634614944458
0.33376944065093994
0.333927720785141
0.3340793251991272
0.334107905626297
0.3339971601963043
0.3336452841758728
0.3332001566886902
0.33283552527427673
0.33269599080085754
0.3327403962612152
0.33287161588668823
0.3330426514148712
0.3331805467605591
0.3332655727863312
0.33314448595046997
0.33284056186676025
0.3323848247528076
0.33201834559440613
0.33187341690063477
0.3319222331047058
0.33207160234451294
0.3322520852088928
0.3324417173862457
0.33252495527267456
0.3324754536151886
0.3321428894996643
0.33168327808380127
0.33128392696380615
0.33114153146743774
0.3312150537967682
0.33138397336006165
0.33158576488494873
0.3317233920097351
0.3317614793777466
0.33156678080558777
0.33122217655181885
0.3308051526546478
0.3305363059043884
0.3304918706417084
0.33059394359588623
0.3307614028453827
0.33094674348831177
0.33114558458328247
0.33121007680892944
0.3311261236667633
0.33077162504196167
0.33032020926475525
0.3299674987792969
0.3298890292644501
0.33001548051834106
0.3302052319049835
0.33041954040527344
0.33055758476257324
0.3305680751800537
0.33031991124153137
0.32994893193244934
0.32956331968307495
0.32936009764671326
0.3293856382369995
0.32953906059265137
0.32974371314048767
0.32996219396591187
0.33019620180130005
0.33024096488952637
0.3300909996032715
0.3296548128128052
0.32917726039886475
0.32888689637184143
0.3289099931716919
0.3291243016719818
0.3293585479259491
0.32957303524017334
0.3296355605125427
0.3295224905014038
0.32913994789123535
0.32873207330703735
0.3284718990325928
0.32843637466430664
0.32857194542884827
0.32879793643951416
0.3290863335132599
0.3293546140193939
0.32960212230682373
0.3295257091522217
0.32915231585502625
0.32852602005004883
0.3280969262123108
0.3280620574951172
0.3283078968524933
0.32863175868988037
0.32883891463279724
0.3288908898830414
0.32864195108413696
0.328236848115921
0.3278198838233948
0.3276405334472656
0.32771366834640503
0.32791638374328613
0.32817813754081726
0.3284306526184082
0.3286742568016052
0.3286861181259155
0.328471302986145
0.32795634865760803
0.3274747431278229
0.3272673785686493
0.32736942172050476
0.3276365399360657
0.32790860533714294
0.3281380534172058
0.3281801640987396
0.3280401825904846
0.3276277184486389
0.3271844983100891
0.32693082094192505
0.3269481062889099
0.32713043689727783
0.3273860812187195
0.3277130424976349
0.32800549268722534
0.32822859287261963
0.3280978500843048
0.3276851773262024
0.32704728841781616
0.32664358615875244
0.326675683259964
0.32697364687919617
0.3273125886917114
0.3275342881679535
0.3276274800300598
0.32738494873046875
0.326943963766098
0.3265058100223541
0.32632339000701904
0.32638442516326904
0.3265950083732605
0.3269069194793701
0.3272327780723572
0.3275703191757202
0.3276894688606262
0.3275572955608368
0.3269590437412262
0.32631850242614746
0.3260338604450226
0.32619509100914
0.3265482187271118
0.3268565535545349
0.3270595073699951
0.3269495368003845
0.326600044965744
0.3261130750179291
0.3258082866668701
0.3257690966129303
0.325924813747406
0.32621198892593384
0.32657167315483093
0.3270059823989868
0.3273082971572876
0.3274518847465515
0.327049195766449
0.3263133466243744
0.3256436586380005
0.3255797326564789
0.32594478130340576
0.3263190984725952
0.3266010582447052
0.32660144567489624
0.32629573345184326
0.32573047280311584
0.32537955045700073
0.32535573840141296
0.3254815936088562
0.32572513818740845
0.3260844945907593
0.32651394605636597
0.32679444551467896
0.32696980237960815
0.32671499252319336
0.32610833644866943
0.32533156871795654
0.3250808119773865
0.3253619372844696
0.325734406709671
0.3260546326637268
0.32620447874069214
0.3261260986328125
0.3256304860115051
0.32511767745018005
0.32489198446273804
0.32490819692611694
0.32501575350761414
0.3252646327018738
0.3256767988204956
0.3260433077812195
0.32642030715942383
0.3266052305698395
0.32657259702682495
0.325867623090744
0.32501551508903503
0.32466623187065125
0.3248711824417114
0.3251868486404419
0.32549673318862915
0.325855016708374
0.3258434534072876
0.32547810673713684
0.3249616026878357
0.3246631920337677
0.324480801820755
0.32447001338005066
0.32474058866500854
0.325100839138031
0.3254983127117157
0.3259713053703308
0.3266444504261017
0.32681965827941895
0.32641738653182983
0.3253653347492218
0.3246113955974579
0.32440587878227234
0.3247062563896179
0.32531675696372986
0.32568949460983276
0.3256124258041382
0.3250683546066284
0.32456839084625244
0.3241981863975525
0.32408738136291504
0.3243243098258972
0.3247191905975342
0.32506728172302246
0.3252790570259094
0.32552579045295715
0.3254534602165222
0.3249913156032562
0.32426735758781433
0.3239133954048157
0.323920339345932
0.32404017448425293
0.3243127763271332
0.3247169852256775
0.3250853419303894
0.3251458406448364
0.32513538002967834
0.3248606324195862
0.324334055185318
0.3237278461456299
0.32359087467193604
0.32379838824272156
0.32397139072418213
0.32423853874206543
0.324737012386322
0.3253669738769531
0.32566404342651367
0.3258810341358185
0.32564353942871094
0.3249662518501282
0.3238634169101715
0.3234804570674896
0.32391613721847534
0.3243314027786255
0.32462286949157715
0.3249583840370178
0.3251379728317261
0.32452133297920227
0.3238467574119568
0.3236027956008911
0.3235020637512207
0.32340770959854126
0.32365477085113525
0.3241519331932068
0.32453399896621704
0.32510489225387573
0.3258510231971741
0.3265836834907532
0.32607465982437134
0.32498177886009216
0.3239036202430725
0.3234843313694
0.32367727160453796
0.3243663012981415
0.32503971457481384
0.3248962461948395
0.3242582082748413
0.3236163556575775
0.3233063220977783
0.32315585017204285
0.3233445882797241
0.3238433599472046
0.32418811321258545
0.32439112663269043
0.32449114322662354
0.3245893716812134
0.3241131007671356
0.3233676850795746
0.32293570041656494
0.3229382634162903
0.32296231389045715
0.32308265566825867
0.32350796461105347
0.3239651322364807
0.32440653443336487
0.32476186752319336
0.32524460554122925
0.3250483274459839
0.32419711351394653
0.3231179416179657
0.32280683517456055
0.32295897603034973
