# adam, lr=0.01, alpha = 1000000, beta = 0.1
# best_iter: 2995, best_loss = 0.3130255341529846, imsave period = 300
23.81696319580078
16.834381103515625
11.260869026184082
8.35145092010498
6.660791873931885
5.6962456703186035
4.9661431312561035
4.423559188842773
3.9948766231536865
3.659418821334839
3.3777620792388916
3.13193416595459
2.9220163822174072
2.7390310764312744
2.579031229019165
2.4345664978027344
2.3026905059814453
2.1841604709625244
2.076540470123291
1.9785690307617188
1.8877760171890259
1.8034236431121826
1.7265781164169312
1.6559195518493652
1.5905694961547852
1.5295227766036987
1.4727294445037842
1.4199968576431274
1.3706722259521484
1.3245131969451904
1.2812855243682861
1.2409392595291138
1.2032055854797363
1.1678673028945923
1.1347888708114624
1.1037468910217285
1.074638843536377
1.0473374128341675
1.021738052368164
0.9976708292961121
0.9749977588653564
0.9536498785018921
0.9335697889328003
0.9146517515182495
0.8967807292938232
0.8799453973770142
0.8640766143798828
0.8490828275680542
0.8348640203475952
0.8214156627655029
0.8086954355239868
0.7966418266296387
0.7851988673210144
0.7743313312530518
0.7640100717544556
0.754199206829071
0.7448529005050659
0.7359486818313599
0.7274705171585083
0.719383716583252
0.7116758227348328
0.7042930126190186
0.6972271203994751
0.6904618144035339
0.6839828491210938
0.677769660949707
0.6717944145202637
0.6660689115524292
0.6605651378631592
0.6552673578262329
0.650158166885376
0.6452393531799316
0.6405019760131836
0.6359291672706604
0.6315092444419861
0.6272391080856323
0.6231167316436768
0.6191284656524658
0.6152744293212891
0.6115466356277466
0.6079276204109192
0.6044253706932068
0.6010312438011169
0.5977388620376587
0.5945403575897217
0.5914257764816284
0.5884008407592773
0.5854613780975342
0.5826056003570557
0.5798259973526001
0.5771234035491943
0.5744826793670654
0.571908712387085
0.5694044828414917
0.5669594407081604
0.5645686388015747
0.5622361898422241
0.5599594116210938
0.5577356815338135
0.555563747882843
0.5534343719482422
0.5513540506362915
0.5493240356445312
0.5473376512527466
0.5453933477401733
0.5434918999671936
0.5416278839111328
0.5398008823394775
0.5380070209503174
0.5362471342086792
0.5345209240913391
0.5328324437141418
0.5311755537986755
0.5295506715774536
0.5279585123062134
0.5263998508453369
0.5248708128929138
0.5233672261238098
0.5218874216079712
0.5204377174377441
0.519011378288269
0.5176121592521667
0.5162347555160522
0.5148838758468628
0.5135507583618164
0.5122422575950623
0.5109539031982422
0.5096891522407532
0.5084435939788818
0.5072147250175476
0.5060074329376221
0.5048179626464844
0.503646969795227
0.5024920701980591
0.5013498067855835
0.5002282857894897
0.49911969900131226
0.4980287253856659
0.4969484210014343
0.4958832263946533
0.494833379983902
0.493797242641449
0.49277445673942566
0.4917641878128052
0.4907684028148651
0.48978424072265625
0.4888118505477905
0.4878498911857605
0.4869014024734497
0.48596954345703125
0.48504453897476196
0.4841284155845642
0.4832295775413513
0.48233646154403687
0.4814521074295044
0.48058223724365234
0.47972559928894043
0.47887808084487915
0.4780381917953491
0.4772109389305115
0.47639280557632446
0.47558242082595825
0.4747840166091919
0.47399306297302246
0.4732089042663574
0.47243809700012207
0.47167325019836426
0.4709150791168213
0.470165491104126
0.46942567825317383
0.46869078278541565
0.4679614007472992
0.4672439992427826
0.4665323495864868
0.46582937240600586
0.46513161063194275
0.464443176984787
0.4637606143951416
0.4630866050720215
0.46241381764411926
0.4617508053779602
0.46109551191329956
0.46044379472732544
0.45979762077331543
0.4591590166091919
0.45852816104888916
0.457902193069458
0.45728158950805664
0.4566667675971985
0.4560594856739044
0.4554555118083954
0.45486122369766235
0.45426905155181885
0.45368319749832153
0.45310473442077637
0.4525255560874939
0.4519546627998352
0.4513915777206421
0.45083022117614746
0.4502767026424408
0.4497264325618744
0.44917619228363037
0.44863343238830566
0.4480953514575958
0.4475644826889038
0.44703346490859985
0.44650799036026
0.4459872841835022
0.4454728066921234
0.44496387243270874
0.44445815682411194
0.44395560026168823
0.4434572756290436
0.4429663121700287
0.44247570633888245
0.44199061393737793
0.4415072798728943
0.441028892993927
0.44055432081222534
0.4400821328163147
0.43961742520332336
0.43915417790412903
0.4386940598487854
0.43823879957199097
0.4377887547016144
0.43733978271484375
0.4368962049484253
0.4364559054374695
0.4360167980194092
0.43558305501937866
0.43515196442604065
0.43472278118133545
0.4342998266220093
0.4338800609111786
0.43346041440963745
0.43304648995399475
0.4326353073120117
0.4322298765182495
0.4318241775035858
0.4314265847206116
0.4310418963432312
0.4306619167327881
0.4303065538406372
0.4299846589565277
0.4297216534614563
0.42952147126197815
0.4294086992740631
0.42928948998451233
0.4291325509548187
0.42871490120887756
0.4281005263328552
0.4273165464401245
0.4266763925552368
0.42629051208496094
0.42609918117523193
0.4259871244430542
0.425808846950531
0.42555561661720276
0.42510491609573364
0.42456045746803284
0.4239640235900879
0.42346635460853577
0.4230923056602478
0.42281949520111084
0.4226137697696686
0.42244255542755127
0.42232924699783325
0.4221896529197693
0.42204147577285767
0.42169755697250366
0.4212086498737335
0.4205557405948639
0.4199501574039459
0.4194965660572052
0.4192166328430176
0.41904935240745544
0.41893628239631653
0.41887611150741577
0.41877803206443787
0.41866227984428406
0.41833746433258057
0.4178633689880371
0.4171910583972931
0.4165783226490021
0.41613900661468506
0.41589856147766113
0.4157819151878357
0.41571474075317383
0.41570448875427246
0.4156613349914551
0.4155848026275635
0.41525980830192566
0.4147565960884094
0.41405239701271057
0.4134286046028137
0.41300898790359497
0.41281211376190186
0.41275519132614136
0.4127500057220459
0.41280660033226013
0.41281384229660034
0.4127637445926666
0.4123954772949219
0.4118121266365051
0.41102951765060425
0.4104108214378357
0.4100877046585083
0.4100046157836914
0.41005152463912964
0.41011926531791687
0.41020897030830383
0.41012507677078247
0.40988269448280334
0.4092617630958557
0.4085334241390228
0.4078865051269531
0.4075481593608856
0.40746933221817017
0.4075091481208801
0.4076283574104309
0.40771523118019104
0.40778306126594543
0.4075527489185333
0.40708380937576294
0.4062916040420532
0.40557190775871277
0.4051384925842285
0.4050294756889343
0.40511322021484375
0.4052457809448242
0.40542367100715637
0.40546366572380066
0.4053768515586853
0.40484100580215454
0.4041001796722412
0.4033123850822449
0.4028499126434326
0.402743935585022
0.4028347134590149
0.4030342102050781
0.40321749448776245
0.4033893942832947
0.4032403826713562
0.4027960002422333
0.4019283354282379
0.4011264443397522
0.40066999197006226
0.40061646699905396
0.40078794956207275
0.4009776711463928
0.40116918087005615
0.4011530876159668
0.40094172954559326
0.4002891182899475
0.3995168209075928
0.3988557457923889
0.3985708951950073
0.39858776330947876
0.39874857664108276
0.3990417718887329
0.39933139085769653
0.3996480703353882
0.3995431363582611
0.39905208349227905
0.3979681432247162
0.39702606201171875
0.3966364860534668
0.3967825770378113
0.3971402943134308
0.3973734974861145
0.39742913842201233
0.3970332443714142
0.39639508724212646
0.3956025242805481
0.39507144689559937
0.39488154649734497
0.39493894577026367
0.3951660692691803
0.3955051004886627
0.39605772495269775
0.39651644229888916
0.3968358337879181
0.39618104696273804
0.3949708938598633
0.3936181962490082
0.39316150546073914
0.39355382323265076
0.3941107392311096
0.39440563321113586
0.39402711391448975
0.3932296633720398
0.3922984004020691
0.3918301463127136
0.3918655514717102
0.3921408951282501
0.3924941420555115
0.39271384477615356
0.39282745122909546
0.39244526624679565
0.39177030324935913
0.3908619284629822
0.3902648091316223
0.39012256264686584
0.39028963446617126
0.3906042277812958
0.39092111587524414
0.39127618074417114
0.39129793643951416
0.39102840423583984
0.39016467332839966
0.3892241418361664
0.38860002160072327
0.3885396718978882
0.3888281583786011
0.3891785144805908
0.3895500600337982
0.3896666169166565
0.38956981897354126
0.3889021873474121
0.3880380392074585
0.3872744143009186
0.3869953155517578
0.38713231682777405
0.3874501883983612
0.3878931403160095
0.38829106092453003
0.38868069648742676
0.3884912431240082
0.38785117864608765
0.3866639733314514
0.3857877254486084
0.3855816721916199
0.38589608669281006
0.38640207052230835
0.38677895069122314
0.3869946002960205
0.38664788007736206
0.3859415650367737
0.38497820496559143
0.3843598961830139
0.38425305485725403
0.3844919502735138
0.3849219083786011
0.3853871822357178
0.38595613837242126
0.3861601948738098
0.3860047161579132
0.3849588632583618
0.3837522864341736
0.3829905092716217
0.38305068016052246
0.38357776403427124
0.38406550884246826
0.3843823969364166
0.3841521441936493
0.3835544288158417
0.38261228799819946
0.38192838430404663
0.3817112147808075
0.38187000155448914
0.38227224349975586
0.3828050196170807
0.38359299302101135
0.3842345178127289
0.3846909999847412
0.3839370012283325
0.3825013041496277
0.38096579909324646
0.3806104362010956
0.381272554397583
0.3820579946041107
0.3825170397758484
0.3821094334125519
0.38120660185813904
0.38010305166244507
0.37960049510002136
0.37975549697875977
0.3802270293235779
0.3808295726776123
0.3812921643257141
0.381661593914032
0.3813115060329437
0.3805004060268402
0.37927675247192383
0.3785156011581421
0.3784772753715515
0.37890133261680603
0.3795012831687927
0.3799856901168823
0.3803686499595642
0.380094438791275
0.3793797791004181
0.37821757793426514
0.3774290680885315
0.3772942125797272
0.37763649225234985
0.37820759415626526
0.3787550926208496
0.3793470859527588
0.3794347643852234
0.37911394238471985
0.3779297471046448
0.3767520487308502
0.3761833608150482
0.37639307975769043
0.3770056366920471
0.37758669257164
0.37811729311943054
0.3781192898750305
0.3777064085006714
0.37660717964172363
0.3755945563316345
0.3751281797885895
0.3752991557121277
0.37582316994667053
0.3764033615589142
0.37711820006370544
0.37755537033081055
0.3777206242084503
0.3768349289894104
0.37551188468933105
0.37435799837112427
0.37419095635414124
0.3747674226760864
0.3754870891571045
0.37613576650619507
0.37620681524276733
0.37580904364585876
0.37467992305755615
0.3736502230167389
0.3732091784477234
0.3734316825866699
0.3740137219429016
0.37466010451316833
0.37545275688171387
0.3758806884288788
0.3759285807609558
0.3748481273651123
0.3734493851661682
0.37241697311401367
0.37241989374160767
0.37308934330940247
0.373829185962677
0.37447768449783325
0.3744920492172241
0.3740192651748657
0.3728023171424866
0.37177252769470215
0.3714176118373871
0.3717144727706909
0.3723614811897278
0.3730895519256592
0.3740004301071167
0.37454521656036377
0.37473613023757935
0.37358400225639343
0.3719741702079773
0.37073951959609985
0.37077105045318604
0.3716124892234802
0.3724643290042877
0.37308061122894287
0.37282800674438477
0.3719950318336487
0.37069106101989746
0.3698940575122833
0.36989784240722656
0.3704187273979187
0.3712000846862793
0.37199920415878296
0.3729075491428375
0.37310266494750977
0.3726778030395508
0.3710125684738159
0.3694835901260376
0.3690400719642639
0.3696661591529846
0.3706415593624115
0.3712635934352875
0.37148410081863403
0.37072986364364624
0.36959749460220337
0.36853092908859253
0.36823996901512146
0.3686275780200958
0.36929893493652344
0.3701815903186798
0.3709956705570221
0.3718140125274658
0.37152254581451416
0.37041914463043213
0.3685159385204315
0.36753538250923157
0.3678932189941406
0.3688664138317108
0.36979949474334717
0.37004220485687256
0.36966416239738464
0.36837249994277954
0.36721071600914
0.3668001890182495
0.36716821789741516
0.3679308593273163
0.3687378764152527
0.36969172954559326
0.3701345920562744
0.37007856369018555
0.36864563822746277
0.367002010345459
0.36609989404678345
0.3664301037788391
0.3673977553844452
0.3682044446468353
0.3686991035938263
0.36826878786087036
0.3673044741153717
0.36603355407714844
0.3653908669948578
0.3655318319797516
0.3661235570907593
0.3669623136520386
0.3678067922592163
0.36877280473709106
0.3689422309398651
0.3683614134788513
0.3665136694908142
0.3650170564651489
0.3647720515727997
0.36556077003479004
0.36662641167640686
0.3672390282154083
0.36735546588897705
0.36639517545700073
0.36513933539390564
0.3641716241836548
0.36408179998397827
0.36462557315826416
0.36539626121520996
0.3663704991340637
0.3671598434448242
0.3678542375564575
0.36729422211647034
0.3659212589263916
0.3640686869621277
0.3633916974067688
0.36400049924850464
0.36501362919807434
0.36590176820755005
0.3659781515598297
0.36540669202804565
0.36404627561569214
0.3629979193210602
0.3627678155899048
0.363225519657135
0.3640610873699188
0.3650122880935669
0.3662339150905609
0.3669113218784332
0.36703982949256897
0.3653451204299927
0.363285630941391
0.36220768094062805
0.3627789616584778
0.36406686902046204
0.36499232053756714
0.3653869032859802
0.364499568939209
0.36309289932250977
0.36185410618782043
0.3617023825645447
0.362354040145874
0.36322495341300964
0.3642337918281555
0.3648596405982971
0.3650744557380676
0.36398133635520935
0.3624436557292938
0.361176460981369
0.3611382842063904
0.36198073625564575
0.36292409896850586
0.36377888917922974
0.36394092440605164
0.3635316491127014
0.3620953857898712
0.3607948422431946
0.36038756370544434
0.36085355281829834
0.3616904616355896
0.36257532238960266
0.36365243792533875
0.36403965950012207
0.3638257384300232
0.36227667331695557
0.36070188879966736
0.3598901629447937
0.3602831959724426
0.3613430857658386
0.36221906542778015
0.3628036379814148
0.3624931871891022
0.36161112785339355
0.3601211905479431
0.3592885434627533
0.3594575524330139
0.3601185083389282
0.36100107431411743
0.3619675040245056
0.363193154335022
0.36353132128715515
0.36307382583618164
0.36120057106018066
0.3595420718193054
0.35885024070739746
0.3594816029071808
0.3607986271381378
0.3617657423019409
0.362353652715683
0.3617878556251526
0.3606833815574646
0.3590448498725891
0.35824134945869446
0.35864725708961487
0.3595147728919983
0.36053505539894104
0.361613929271698
0.3629422187805176
0.3628082275390625
0.36170876026153564
0.35959410667419434
0.35829398036003113
0.3581289052963257
0.3589737117290497
0.36038121581077576
0.36128902435302734
0.3616926968097687
0.36090025305747986
0.3596495985984802
0.3579351603984833
0.3572919964790344
0.35796284675598145
0.35898277163505554
0.3600689470767975
0.3610997796058655
0.362387478351593
0.36190056800842285
0.3602668344974518
0.35812908411026
0.3573547303676605
0.35738375782966614
0.3581184446811676
0.35957279801368713
0.36050665378570557
0.3609688878059387
0.36039218306541443
0.3595522344112396
0.35765162110328674
0.3563856780529022
0.3567667007446289
0.35766837000846863
0.35846760869026184
0.35960763692855835
0.3613741993904114
0.3615376949310303
0.36086341738700867
0.3590220510959625
0.35740432143211365
0.35616227984428406
0.35656672716140747
0.3581744432449341
0.35920366644859314
0.35995301604270935
0.36008375883102417
0.35955166816711426
0.3571179509162903
0.35566189885139465
0.3559298813343048
0.3564220368862152
0.35704830288887024
0.35833778977394104
0.3601481318473816
0.36072149872779846
0.3610296845436096
0.35996901988983154
0.3580739498138428
0.35536763072013855
0.3553376793861389
0.3570098876953125
0.35790687799453735
0.3589880168437958
0.3599465787410736
0.3598749041557312
0.3573467433452606
0.3556879758834839
0.3553435206413269
0.35508692264556885
0.35540005564689636
0.35674285888671875
0.3582000732421875
0.35909250378608704
0.36109182238578796
0.3617248237133026
0.3603580594062805
0.35656383633613586
0.3550345003604889
0.35520392656326294
0.35583236813545227
0.35757461190223694
0.35890012979507446
0.35890519618988037
0.3571593761444092
0.3561484217643738
0.35476189851760864
0.35374119877815247
0.3544377386569977
0.35563182830810547
0.3565024137496948
0.3576456308364868
0.35972192883491516
0.35962074995040894
0.35811614990234375
0.35557490587234497
0.35418421030044556
0.35364657640457153
0.35452234745025635
0.3564299941062927
0.35715386271476746
0.3570849597454071
0.35612040758132935
0.3549191951751709
0.3530016243457794
0.3525989055633545
0.35363325476646423
0.35439398884773254
0.35530078411102295
0.3566749691963196
0.3582491874694824
0.35757237672805786
0.35601475834846497
0.3540778160095215
0.35280507802963257
0.3522699177265167
0.3533312678337097
0.35485535860061646
0.35514405369758606
0.3552555441856384
0.3549266755580902
0.35389935970306396
0.35205817222595215
0.35149437189102173
0.35196682810783386
0.35218143463134766
0.3526958227157593
0.35404878854751587
0.35603705048561096
0.35733526945114136
0.3592399060726166
0.3589172959327698
0.3564493656158447
0.35216769576072693
0.35155412554740906
0.3535226285457611
0.35469624400138855
0.35586005449295044
0.3562278747558594
0.35498547554016113
0.35190290212631226
0.35143980383872986
0.35218602418899536
0.35209742188453674
0.35305148363113403
0.3550354838371277
0.3569687008857727
0.3577260375022888
0.359073668718338
0.3573506474494934
0.353811115026474
0.350832998752594
0.35196322202682495
0.3538278043270111
0.3545663356781006
0.35603898763656616
0.3559228777885437
0.35369765758514404
0.35115647315979004
0.3512246012687683
0.351375550031662
0.35110706090927124
0.35224753618240356
0.35367071628570557
0.3547126054763794
0.35547947883605957
0.3574639856815338
0.35645800828933716
0.35336023569107056
0.3507935702800751
0.35086435079574585
0.35100892186164856
0.3517289161682129
0.353645384311676
0.35381191968917847
0.35305503010749817
0.3521243929862976
0.35147643089294434
0.3498205542564392
0.3491232693195343
0.34990063309669495
0.35033994913101196
0.35076600313186646
0.35224810242652893
0.3546425998210907
0.355702668428421
0.35688644647598267
0.35576188564300537
0.3529338240623474
0.34919607639312744
0.3494318425655365
0.3518524765968323
0.3527623414993286
0.35334697365760803
0.3529508709907532
0.35121268033981323
0.34868788719177246
0.34892556071281433
0.3500312268733978
0.3500872552394867
0.35110005736351013
0.3528360426425934
0.35395681858062744
0.3532562255859375
0.3529667854309082
0.35119953751564026
0.3488266170024872
0.3479527235031128
0.3492089509963989
0.35021480917930603
0.3506051301956177
0.35202693939208984
0.3524928092956543
0.3515205681324005
0.34969401359558105
0.34900030493736267
0.3479902446269989
0.3473454713821411
0.34811440110206604
0.34913212060928345
0.3499206602573395
0.3511406481266022
0.3537130355834961
0.35458916425704956
0.353776216506958
0.3509403467178345
0.34901291131973267
0.34750035405158997
0.34808534383773804
0.3504025340080261
0.35137301683425903
0.3511682152748108
0.34997767210006714
0.34899210929870605
0.3473436236381531
0.3466176390647888
0.34758758544921875
0.348573237657547
0.34927666187286377
0.35050296783447266
0.35264772176742554
0.3524457812309265
0.3510051965713501
0.34866756200790405
0.34747976064682007
0.3467959761619568
0.34730231761932373
0.3490813672542572
0.3499857783317566
0.3499114513397217
0.3490994870662689
0.3484467566013336
0.3467012643814087
0.3456481695175171
0.346177875995636
0.3470027446746826
0.3476282060146332
0.3487084209918976
0.3510948419570923
0.3525535762310028
0.35305577516555786
0.3512415289878845
0.3495785593986511
0.34668493270874023
0.34571611881256104
0.34765496850013733
0.3495279550552368
0.35027700662612915
0.3498695492744446
0.34970033168792725
0.3476569652557373
0.34545984864234924
0.3455149233341217
0.3466586172580719
0.3470739424228668
0.34778138995170593
0.3503212630748749
0.352207750082016
0.3535255193710327
0.35223788022994995
0.351406067609787
0.34808215498924255
0.3453686535358429
0.3464406728744507
0.34892451763153076
0.3500525653362274
0.35033857822418213
0.35171109437942505
0.3498308062553406
0.3468201458454132
0.3453628420829773
0.3462730646133423
0.34650129079818726
0.34643107652664185
0.34858036041259766
0.3515852093696594
0.3553582727909088
0.35804787278175354
0.3617653250694275
0.3563748002052307
0.3493378162384033
0.3457414209842682
0.3493272066116333
0.3538999557495117
0.3561150133609772
0.3601003885269165
0.35931190848350525
0.35368603467941284
0.34659987688064575
0.348636269569397
0.35307446122169495
0.35345298051834106
0.35738638043403625
0.3639006018638611
0.37014952301979065
0.35923925042152405
0.3568557798862457
0.3559991717338562
0.3517247140407562
0.35026460886001587
0.3546184301376343
0.36297816038131714
0.37149596214294434
0.3889293074607849
0.3908252716064453
0.39051470160484314
0.3562844395637512
0.3554501533508301
0.3695394694805145
0.3843430280685425
0.42428892850875854
0.4550887644290924
0.5079232454299927
0.4213496446609497
0.3802400827407837
0.3808712661266327
0.40306076407432556
0.43626660108566284
0.524993896484375
0.8769895434379578
0.613866925239563
0.7430588006973267
0.5299732685089111
0.5361168384552002
0.5518127083778381
0.5463007092475891
0.5489217042922974
0.6311572790145874
0.8147906064987183
1.2373278141021729
0.6146373152732849
0.6178009510040283
0.8459451198577881
0.6765109896659851
0.6008727550506592
0.6298053860664368
0.6240209937095642
0.622024655342102
0.5531724095344543
0.5490500330924988
0.5619577169418335
0.5420316457748413
0.5320955514907837
0.502916693687439
0.48558786511421204
0.4876643419265747
0.48230597376823425
0.47914865612983704
0.47088927030563354
0.46631091833114624
0.4491017460823059
0.44013455510139465
0.43344366550445557
0.4277176260948181
0.4256073832511902
0.4241504669189453
0.4214143753051758
0.41754093766212463
0.41504546999931335
0.4081347584724426
0.402338445186615
0.39851561188697815
0.3950710892677307
0.39325597882270813
0.39235061407089233
0.3912513256072998
0.3895264267921448
0.3885340988636017
0.3855000138282776
0.38250744342803955
0.3798030912876129
0.3775228261947632
0.37608852982521057
0.3754740357398987
0.3746930956840515
0.3737195134162903
0.37275904417037964
0.3711054027080536
0.3695085346698761
0.36808547377586365
0.3668026328086853
0.36592286825180054
0.36530816555023193
0.3646999001502991
0.3641379475593567
0.36362791061401367
0.3628816306591034
0.36216163635253906
0.36129623651504517
0.3603777587413788
0.3595106303691864
0.3587666153907776
0.3581143915653229
0.35760825872421265
0.3571782410144806
0.356783390045166
0.35648003220558167
0.35620468854904175
0.35600265860557556
0.3557993769645691
0.3555968403816223
0.35516357421875
0.35459816455841064
0.3537920415401459
0.3530036509037018
0.35239601135253906
0.3520333468914032
0.35185080766677856
0.35175031423568726
0.3516666293144226
0.35150033235549927
0.3512696325778961
0.35085898637771606
0.3503594696521759
0.34979957342147827
0.3493174910545349
0.3489598035812378
0.3487287759780884
0.34857872128486633
0.3484722971916199
0.348416805267334
0.3483700752258301
0.3483431935310364
0.34821173548698425
0.347982257604599
0.3475383520126343
0.34702104330062866
0.3465209901332855
0.34618207812309265
0.34601524472236633
0.3459567129611969
0.34596195816993713
0.3459835946559906
0.34601885080337524
0.34595492482185364
0.34579700231552124
0.34543442726135254
0.34498023986816406
0.34452563524246216
0.3442145586013794
0.3440706133842468
0.3440435826778412
0.34408652782440186
0.34414809942245483
0.34422844648361206
0.3442199230194092
0.34411072731018066
0.34377551078796387
0.34333837032318115
0.34289613366127014
0.3426171541213989
0.3425191342830658
0.3425379693508148
0.34262269735336304
0.3427157998085022
0.3428114354610443
0.3427981734275818
0.342660516500473
0.34228846430778503
0.34183746576309204
0.3414466083049774
0.3412603437900543
0.341255784034729
0.34134578704833984
0.34148192405700684
0.34159404039382935
0.3416687250137329
0.34155750274658203
0.34128573536872864
0.34083741903305054
0.34042760729789734
0.3401910960674286
0.34015095233917236
0.3402341306209564
0.34036561846733093
0.3405248522758484
0.3406219780445099
0.3406517207622528
0.3404477536678314
0.3400774896144867
0.3395962715148926
0.3392695188522339
0.33917802572250366
0.33925801515579224
0.3394169211387634
0.33956509828567505
0.3396865129470825
0.3396435081958771
0.3394540548324585
0.3390607237815857
0.33865606784820557
0.3383843004703522
0.3383170962333679
0.33839303255081177
0.3385315537452698
0.3387094736099243
0.33885568380355835
0.3389715850353241
0.3388673961162567
0.33857300877571106
0.3380838632583618
0.3376873731613159
0.33753684163093567
0.3376094698905945
0.3377878665924072
0.33796426653862
0.3381080627441406
0.33809009194374084
0.3379294276237488
0.33756130933761597
0.3371705114841461
0.3369053602218628
0.33684077858924866
0.33691659569740295
0.3370639681816101
0.33726850152015686
0.3374694287776947
0.3376590609550476
0.33764272928237915
0.33741340041160583
0.3369075357913971
0.3364325165748596
0.33620941638946533
0.33626818656921387
0.33647727966308594
0.3366921544075012
0.3368624150753021
0.3368530571460724
0.3366967439651489
0.3363272547721863
0.3359336256980896
0.33567729592323303
0.33563855290412903
0.33574461936950684
0.3359205722808838
0.33617135882377625
0.33642345666885376
0.33667778968811035
0.3366818130016327
0.336445689201355
0.33585125207901
0.335308700799942
0.3351166844367981
0.33526402711868286
0.33554375171661377
0.3357849717140198
0.33591994643211365
0.3357726037502289
0.3354530930519104
0.3350246548652649
0.3347246050834656
0.3346472680568695
0.33475595712661743
0.33496299386024475
0.3352088928222656
0.33553385734558105
0.3357875943183899
0.3359086513519287
0.33560171723365784
0.33504366874694824
0.3344399333000183
0.3342053294181824
0.33437299728393555
0.33469119668006897
0.3349810838699341
0.33507227897644043
0.33497023582458496
0.33456671237945557
0.3341151475906372
0.3338368535041809
0.3338228464126587
0.33398428559303284
0.3342224657535553
0.3345310688018799
0.3348120152950287
0.33505573868751526
0.3349795341491699
0.3346114456653595
0.333950400352478
0.33348074555397034
0.333432674407959
0.33368203043937683
0.3340167701244354
0.33424490690231323
0.3343384861946106
0.3341158926486969
0.3337174654006958
0.3332653045654297
0.33303043246269226
0.333057165145874
0.3332492709159851
0.33353736996650696
0.33385810256004333
0.33424198627471924
0.33447471261024475
0.3344969153404236
0.3339860439300537
0.333260715007782
0.332740843296051
0.3327515721321106
0.3331051170825958
0.3334752917289734
0.3337252140045166
0.3336288630962372
0.3332845866680145
0.3327711224555969
0.33242347836494446
0.33237171173095703
0.33254534006118774
0.3328400254249573
0.3331568241119385
0.33352258801460266
0.33373233675956726
0.3337545394897461
0.3332774043083191
0.33262190222740173
0.3321183919906616
0.33207276463508606
0.3323625922203064
0.3327329456806183
0.3330693542957306
0.3331698477268219
0.3330400586128235
0.3325642943382263
0.3320503234863281
0.3317372798919678
0.33175766468048096
0.33200138807296753
0.33232271671295166
0.3327186405658722
0.3330702781677246
0.3333926200866699
0.33328354358673096
0.3327995538711548
0.3319963812828064
0.331499308347702
0.33152973651885986
0.33188050985336304
0.3323066830635071
0.33257314562797546
0.33262985944747925
0.3322782814502716
0.33178049325942993
0.33132970333099365
0.3311576843261719
0.33126986026763916
0.3315557539463043
0.33194801211357117
0.3323777914047241
0.3328944742679596
0.33315032720565796
0.33307403326034546
0.3322625756263733
0.33137065172195435
0.3309532701969147
0.33117350935935974
0.33168843388557434
0.33212149143218994
0.33234933018684387
0.33207374811172485
0.33150792121887207
0.3309096693992615
0.3306853175163269
0.33081066608428955
0.3311150372028351
0.3315351903438568
0.3319356441497803
0.3322983980178833
0.3322664499282837
0.3319533169269562
0.3312451243400574
0.3305979073047638
0.3304048776626587
0.3306819200515747
0.3311077654361725
0.3314592242240906
0.3317973017692566
0.33184102177619934
0.3315604329109192
0.3308696448802948
0.33034947514533997
0.3302037715911865
0.3303185999393463
0.33061784505844116
0.33105170726776123
0.33160364627838135
0.3320064842700958
0.3323037028312683
0.3320687711238861
0.3314391076564789
0.3304232954978943
0.3299492597579956
0.3302397131919861
0.33075934648513794
0.33119893074035645
0.33141452074050903
0.33142754435539246
0.3308830261230469
0.3301677405834198
0.32977938652038574
0.3298240900039673
0.32997894287109375
0.33022573590278625
0.33073556423187256
0.331302285194397
0.33188995718955994
0.3321446180343628
0.3323030173778534
0.33160731196403503
0.33040711283683777
0.3295884132385254
0.32983431220054626
0.3303893208503723
0.330730676651001
0.331176221370697
0.33132821321487427
0.3309229016304016
0.3300255239009857
0.3296385407447815
0.32958194613456726
0.3294917345046997
0.3296947777271271
0.330222487449646
0.330778032541275
0.3312687575817108
0.3321746587753296
0.33282893896102905
0.33280470967292786
0.33124682307243347
0.3299678862094879
0.32957321405410767
0.3297675848007202
0.33042094111442566
0.33112943172454834
0.3313249349594116
0.33053621649742126
0.3297620415687561
0.3293830454349518
0.3291885256767273
0.32918184995651245
0.32959887385368347
0.33013519644737244
0.3303682804107666
0.33075159788131714
0.33113062381744385
0.3312264084815979
0.33036285638809204
0.3294540047645569
0.3290196657180786
0.32891109585762024
0.3289670944213867
0.3293905556201935
0.32999271154403687
0.3302251398563385
0.3303763270378113
0.330416738986969
0.3302341401576996
0.3293581008911133
0.3286173343658447
0.3285357654094696
0.32868319749832153
0.32876721024513245
0.3291061520576477
0.32979458570480347
0.33032989501953125
0.3309200704097748
0.3313665986061096
0.3317398428916931
0.3307752013206482
0.32923799753189087
0.32844480872154236
0.32872700691223145
0.32911157608032227
0.329514741897583
0.330227792263031
0.33033913373947144
0.3298197388648987
0.3290432393550873
0.32874739170074463
0.32837924361228943
0.32808399200439453
0.3283810019493103
0.32887765765190125
0.32925233244895935
0.3298232853412628
0.3310089707374573
0.3318081796169281
0.3320857286453247
0.33100420236587524
0.3299090266227722
0.32866963744163513
0.3281322121620178
0.32888081669807434
0.32991835474967957
0.3303244709968567
0.3299507796764374
0.3296010196208954
0.32880276441574097
0.3279532492160797
0.32783758640289307
0.328402578830719
0.3288429081439972
0.3290720582008362
0.3297862410545349
0.3304642140865326
0.33070898056030273
0.33003219962120056
0.3294546902179718
0.32865816354751587
0.3278164565563202
0.3275896906852722
0.32821124792099
0.328804612159729
0.32899710536003113
0.3294913172721863
0.32988089323043823
0.3297044038772583
0.32869377732276917
0.3280564248561859
0.3277752101421356
0.32744139432907104
0.32735586166381836
0.32781901955604553
0.32838577032089233
0.32876157760620117
0.3296690285205841
0.33094140887260437
0.33225780725479126
0.33194756507873535
0.3309177756309509
0.3291476368904114
0.32789888978004456
0.3276260495185852
0.3287222385406494
0.3300729990005493
0.33004915714263916
0.329346626996994
0.3284303545951843
0.3278108239173889
0.32733041048049927
0.3275392949581146
0.328368216753006
0.32885047793388367
0.32899513840675354
0.3290044367313385
0.32911211252212524
0.32835185527801514
0.3273385763168335
0.32690560817718506
0.3271036744117737
0.32720252871513367
0.32729339599609375
0.32793062925338745
0.3288169503211975
0.32986700534820557
0.3308555781841278
0.33242470026016235
0.3324759006500244
0.3310123085975647
0.32796889543533325
0.3272094428539276
0.32832226157188416
0.3290799856185913
0.3297787010669708
0.33018866181373596
0.3297322392463684
0.3277999460697174
0.3269067406654358
0.3275000751018524
0.32772061228752136
0.32761242985725403
0.3282812833786011
0.32937294244766235
0.3293897211551666
0.3294574022293091
0.3296661376953125
0.32948437333106995
0.32779431343078613
0.326726496219635
0.3269851803779602
0.3271278738975525
0.32704201340675354
0.32767969369888306
0.3287767767906189
0.32919275760650635
0.329906702041626
0.3306788206100464
0.33102691173553467
0.3290706276893616
0.327132910490036
0.3268037438392639
0.3271608352661133
0.32739463448524475
0.3281548023223877
0.3292159140110016
0.3288804590702057
0.32808130979537964
0.32749998569488525
0.32712364196777344
0.3263168931007385
0.3261162042617798
0.3267514705657959
0.3271693289279938
0.32746410369873047
0.328268438577652
0.32972732186317444
0.33024126291275024
0.3303045630455017
0.329401433467865
0.32836323976516724
0.326660692691803
0.32603609561920166
0.32711610198020935
0.3281043469905853
0.3283459544181824
0.3282281458377838
0.3282933831214905
0.32719147205352783
0.3259629011154175
0.32586196064949036
0.32637646794319153
0.3265024721622467
0.3267126679420471
0.32787737250328064
0.3292638063430786
0.3307671546936035
0.33175578713417053
0.33309096097946167
0.33146339654922485
0.3283388614654541
0.3259996771812439
0.3271963596343994
0.32896971702575684
0.32925015687942505
0.32983383536338806
0.3298960030078888
0.32851579785346985
0.32627546787261963
0.326262891292572
0.32724910974502563
0.32700851559638977
0.327021062374115
0.32829487323760986
0.32965439558029175
0.3296026587486267
0.330464631319046
0.33102211356163025
0.3300720155239105
0.3271195590496063
0.3261483907699585
0.3268464207649231
0.32689639925956726
0.3272054195404053
0.3283576965332031
0.3291061520576477
0.3280460238456726
0.3275405168533325
0.32731762528419495
0.3263900876045227
0.3253530263900757
0.32562804222106934
0.32618993520736694
0.3261224329471588
0.32654228806495667
0.32786476612091064
0.3296406865119934
0.3306928873062134
0.33250218629837036
0.33272263407707214
0.3309624195098877
0.32670584321022034
0.32563361525535583
0.32757455110549927
0.3285010755062103
0.32890528440475464
0.3294442892074585
0.3292515277862549
0.326529860496521
0.3255213499069214
0.32656413316726685
0.32658177614212036
0.32632410526275635
0.32733145356178284
0.328754186630249
0.3289102613925934
0.32946744561195374
0.3302440047264099
0.3301661014556885
0.32720786333084106
0.3256760835647583
0.32614001631736755
0.3262619078159332
0.32651257514953613
0.32763591408729553
0.3286679685115814
0.3280591368675232
0.32740405201911926
0.3270798921585083
0.32638421654701233
0.32495373487472534
0.3248646557331085
0.32557809352874756
0.3256252110004425
0.3259415328502655
0.3272257447242737
0.3291814625263214
0.33054864406585693
0.33235183358192444
0.33247554302215576
0.33109262585639954
0.32643812894821167
0.32501885294914246
0.3273125886917114
0.3287593424320221
0.32908543944358826
0.32894372940063477
0.328607976436615
0.3262845575809479
0.32487523555755615
0.32601290941238403
0.3268682360649109
0.32657957077026367
0.32690903544425964
0.32834577560424805
0.32803553342819214
0.32711437344551086
0.3266902267932892
0.3267131447792053
0.32538819313049316
0.32443714141845703
0.3249261975288391
0.32519781589508057
0.32491829991340637
0.3254103362560272
0.3268035650253296
0.327887624502182
0.3298076391220093
0.33212631940841675
0.33472394943237305
0.3324112892150879
0.3279765248298645
0.32530397176742554
0.32635587453842163
0.32773664593696594
0.3285779058933258
0.330034077167511
0.328809529542923
0.32612934708595276
0.32474395632743835
0.3259308338165283
0.32655051350593567
0.32617130875587463
0.3271898031234741
0.3283803462982178
0.32837310433387756
0.32718345522880554
0.32724249362945557
0.3267630338668823
0.32521647214889526
0.3241848349571228
0.32479751110076904
0.3250124454498291
0.32463744282722473
0.32538294792175293
0.3267330527305603
0.3281747102737427
0.3298596441745758
0.3332774043083191
0.33424097299575806
0.33261844515800476
0.32713228464126587
0.3253437876701355
0.32672446966171265
0.32780179381370544
0.3292246460914612
0.3298266530036926
0.328556090593338
0.3252868056297302
0.32465535402297974
0.32622742652893066
0.32637086510658264
0.3261391818523407
0.32708778977394104
0.3280165493488312
0.326504111289978
0.3255242109298706
0.3256319761276245
0.32513731718063354
0.32391873002052307
0.3238931894302368
0.32447996735572815
0.32430779933929443
0.32431501150131226
0.32540029287338257
0.3272726535797119
0.3291739523410797
0.3328726887702942
0.3359564244747162
0.3372271656990051
0.3305027484893799
0.32504206895828247
0.3258836567401886
0.32863062620162964
0.3299146592617035
0.3304658830165863
0.33130383491516113
0.327441543340683
0.3245341181755066
0.32586097717285156
0.32752683758735657
0.32731297612190247
0.32728293538093567
0.329543799161911
0.32974040508270264
0.3280905783176422
0.32696425914764404
0.32761961221694946
0.326040118932724
0.32420840859413147
0.3245442807674408
0.32517287135124207
0.32454895973205566
0.324605792760849
0.32624295353889465
0.3277093768119812
0.33045533299446106
0.335141658782959
0.34193533658981323
0.33921849727630615
0.3329574167728424
0.3265671133995056
0.3272322714328766
0.3306402564048767
0.3325038552284241
0.3337603509426117
0.330558180809021
0.3263435363769531
0.32567107677459717
0.32863786816596985
0.33055728673934937
0.32929229736328125
0.3289428651332855
0.3285767734050751
0.3268197178840637
0.3244372308254242
0.3252805471420288
0.32660651206970215
0.3257888853549957
0.32587385177612305
0.32764899730682373
0.32962697744369507
0.32993465662002563
0.33126571774482727
0.331875741481781
0.33060795068740845
0.3253878355026245
0.32432499527931213
0.32654303312301636
0.32680222392082214
0.3269200921058655
0.3280779719352722
0.3285408616065979
0.325862318277359
0.32418161630630493
0.3247720003128052
0.3245815634727478
0.3235766589641571
0.32411909103393555
0.3251590132713318
0.3250056505203247
0.3257474899291992
0.32770609855651855
0.32979828119277954
0.3294622004032135
0.3287123441696167
0.32651448249816895
0.3241824507713318
0.3231431841850281
0.3248637020587921
0.3264767825603485
0.3256605267524719
0.32469382882118225
0.3241235017776489
0.32333794236183167
0.32273173332214355
0.32333865761756897
0.3242076635360718
0.32409870624542236
0.3240318298339844
0.3243304491043091
0.32435342669487
0.3231888711452484
0.3224444091320038
0.32245346903800964
0.32227712869644165
0.3219280242919922
0.32211756706237793
0.3226793706417084
0.3230711817741394
0.3238700330257416
0.3254910111427307
0.32807350158691406
0.3289949297904968
0.3285254240036011
0.32552817463874817
0.3233689069747925
0.3227773606777191
0.3239032030105591
0.3258274793624878
0.32595717906951904
0.324307382106781
0.32228195667266846
0.3223012685775757
0.32321929931640625
0.3234432339668274
0.3236389756202698
0.323886901140213
0.323633074760437
0.32224538922309875
0.3215915262699127
0.3219650983810425
0.32205820083618164
0.3218095302581787
0.32206350564956665
0.3230084180831909
0.3239363729953766
0.3253220319747925
0.3272569477558136
0.3301631212234497
0.3296368718147278
0.32668396830558777
0.32284390926361084
0.32277512550354004
0.32440000772476196
0.3251093924045563
0.32605642080307007
0.32620346546173096
0.3249666392803192
0.32240724563598633
0.32204899191856384
0.32345712184906006
0.323680579662323
0.32339179515838623
0.32418787479400635
0.32553982734680176
0.3247356116771698
0.3238300383090973
0.32372981309890747
0.3238038718700409
0.32242268323898315
0.3214063346385956
0.32182344794273376
0.32213103771209717
0.32167771458625793
0.321723997592926
0.3228072226047516
0.3239070773124695
0.32577911019325256
0.32886895537376404
0.33440160751342773
0.33616507053375244
0.33381593227386475
0.32610273361206055
0.32409143447875977
0.32599538564682007
0.3272360563278198
0.3295094072818756
0.33140596747398376
0.3314463496208191
0.32517874240875244
0.32316678762435913
0.325672447681427
0.3263603150844574
0.3258221447467804
0.32721298933029175
0.33210161328315735
0.33462953567504883
0.33603614568710327
0.335307776927948
0.3375670611858368
0.3306301236152649
0.3254452049732208
0.32532835006713867
0.3291070759296417
0.33194684982299805
0.3329361379146576
0.33971041440963745
0.3439784049987793
0.34581702947616577
0.3348654508590698
0.3294949531555176
0.3320476710796356
0.3330197036266327
0.327813982963562
0.32805150747299194
0.330169141292572
0.33127841353416443
0.33639392256736755
0.3479648232460022
0.3892940580844879
0.4241950511932373
0.4695723056793213
0.3962079882621765
0.3921222686767578
0.37358370423316956
0.39537471532821655
0.39297938346862793
0.42740005254745483
0.6265848278999329
0.919576108455658
1.7929519414901733
0.7651009559631348
0.9224801063537598
0.9421277046203613
1.1655325889587402
1.3933742046356201
2.228940486907959
1.0234720706939697
1.2141755819320679
1.7289326190948486
1.079178810119629
1.0825374126434326
1.313266634941101
1.0065749883651733
0.9270394444465637
0.9917889833450317
0.9189444780349731
0.8600550889968872
0.7663867473602295
0.7729009389877319
0.7782199382781982
0.7077139019966125
0.7038822174072266
0.6359335780143738
0.6145721673965454
0.623629093170166
0.5875715613365173
0.5818407535552979
0.5672013163566589
0.5454927682876587
0.5261562466621399
0.5172486305236816
0.4944545328617096
0.48518019914627075
0.47836416959762573
0.4665539264678955
0.46252116560935974
0.45840251445770264
0.4558025598526001
0.4569103717803955
0.46465057134628296
0.4550251066684723
0.44502806663513184
0.42409276962280273
0.4167325496673584
0.4227117896080017
0.420076459646225
0.41147270798683167
0.40311288833618164
0.4011150896549225
0.402851939201355
0.399161159992218
0.39279937744140625
0.38895389437675476
0.38795003294944763
0.3873786926269531
0.3852080702781677
0.3814641237258911
0.3781687915325165
0.3769657015800476
0.3761782646179199
0.3749566674232483
0.37318140268325806
0.3705625534057617
0.3687080144882202
0.3675817847251892
0.36665356159210205
0.3659016788005829
0.36464399099349976
0.36316412687301636
0.36177122592926025
0.36055928468704224
0.35963818430900574
0.35894057154655457
0.3582225739955902
0.35747644305229187
0.3567041754722595
0.35578373074531555
0.35491177439689636
0.35405656695365906
0.35325485467910767
0.35255730152130127
0.3519126772880554
0.35131585597991943
0.35078421235084534
0.35028305649757385
0.34980425238609314
0.349393367767334
0.3489994704723358
0.3486770689487457
0.3483681082725525
0.34808292984962463
0.3476947247982025
0.34725064039230347
0.3466164469718933
0.345932275056839
0.3452441394329071
0.3446767330169678
0.344260573387146
0.3439640402793884
0.34374454617500305
0.3435676693916321
0.34343135356903076
0.343275249004364
0.34311920404434204
0.34282562136650085
0.34244391322135925
0.3418995141983032
0.3413316607475281
0.3408139944076538
0.34043943881988525
0.3402007222175598
0.34004586935043335
0.33994314074516296
0.3398493528366089
0.33977556228637695
0.3396405875682831
0.3394600749015808
0.33913272619247437
0.3387233316898346
0.3382449150085449
0.33782148361206055
0.33751171827316284
0.337315171957016
0.3372000455856323
0.3371378779411316
0.33713939785957336
0.3371759057044983
0.3372672200202942
0.33727243542671204
0.33717256784439087
0.33676642179489136
0.336195707321167
0.3355996012687683
0.335234671831131
0.3351423740386963
0.33520689606666565
0.3353128731250763
0.33533161878585815
0.33524712920188904
0.3349469304084778
0.3345308005809784
0.3340827226638794
0.33376985788345337
0.3336245119571686
0.3335973024368286
0.3336394429206848
0.33370187878608704
0.33377864956855774
0.3337634801864624
0.33364981412887573
0.3333146572113037
0.332878053188324
0.33245813846588135
0.332211434841156
0.33214467763900757
0.3321828842163086
0.3322739601135254
0.3323465585708618
0.3323896825313568
0.3322824239730835
0.33204519748687744
0.33165040612220764
0.33126646280288696
0.33100420236587524
0.3309060335159302
0.330923855304718
0.3310019373893738
0.3311285376548767
0.3312370181083679
0.33132538199424744
0.33121728897094727
0.33093327283859253
0.33046096563339233
0.3300483822822571
0.32984697818756104
0.3298521637916565
0.3299677073955536
0.33008861541748047
0.33017924427986145
0.33012527227401733
0.32994768023490906
0.3296068012714386
0.3292520046234131
0.32900190353393555
0.32890868186950684
0.32893192768096924
0.32901954650878906
0.32916468381881714
0.32931774854660034
0.32947564125061035
0.3294634222984314
0.32927268743515015
0.3288145065307617
0.32834765315055847
0.32808250188827515
0.3280828893184662
0.32823842763900757
0.32840633392333984
0.3285265564918518
0.32847657799720764
0.3282800316810608
0.32791873812675476
0.3275718688964844
0.32737377285957336
0.32735058665275574
0.3274358808994293
0.327572226524353
0.3277508616447449
0.3278854489326477
0.3279725909233093
0.3278178870677948
0.32747775316238403
0.32700997591018677
0.32669946551322937
0.32665273547172546
0.32677561044692993
0.32696273922920227
0.32710298895835876
0.3271660804748535
0.3270273804664612
0.326751708984375
0.32637959718704224
0.32610583305358887
0.3260136842727661
0.3260648548603058
0.3261953294277191
0.326360285282135
0.3265697956085205
0.32670271396636963
0.32674649357795715
0.3265058994293213
0.32608649134635925
0.3256338834762573
0.32542598247528076
0.3254856765270233
0.32566747069358826
0.32587888836860657
0.3259998559951782
0.32601398229599
0.32580631971359253
0.32547980546951294
0.3251245617866516
0.3249151110649109
0.3249014914035797
0.325003981590271
0.3251645565032959
0.32535091042518616
0.32557228207588196
0.32567766308784485
0.3256319463253021
0.3252907693386078
0.3248286843299866
0.32446062564849854
0.3243873715400696
0.32453685998916626
0.3247426152229309
0.32494664192199707
0.32503509521484375
0.3249867260456085
0.324698805809021
0.32433611154556274
0.3240281343460083
0.323915958404541
0.3239889442920685
0.3241542875766754
0.32436877489089966
0.3245885372161865
0.32480961084365845
0.3248121440410614
0.32460442185401917
0.32412129640579224
0.3236660063266754
0.3234778046607971
0.32358449697494507
0.3238319158554077
0.32405632734298706
0.32422739267349243
0.3241947591304779
0.3239773213863373
0.32357072830200195
0.32322412729263306
0.3230762481689453
0.3231264352798462
0.32330381870269775
0.323533833026886
0.3238167464733124
0.3240439295768738
0.3241848051548004
0.32394593954086304
0.3234637379646301
0.32292696833610535
0.3226974308490753
0.32281729578971863
0.3230946660041809
0.3233691453933716
0.3234700858592987
0.3233981132507324
0.3230666518211365
0.3226671516895294
0.3223833739757538
0.32234424352645874
0.3224824368953705
0.3226948380470276
0.3229568898677826
0.3231855630874634
0.3233577311038971
0.3232414424419403
0.32289204001426697
0.32236582040786743
0.32202455401420593
0.32201528549194336
0.322226345539093
0.32250821590423584
0.3227204978466034
0.3228350281715393
0.32269108295440674
0.3223649859428406
0.3219388723373413
0.32167547941207886
0.32167041301727295
0.3218328058719635
0.32207411527633667
0.32232820987701416
0.3225913345813751
0.32266250252723694
0.3225453794002533
0.3221142292022705
0.3216334581375122
0.32134535908699036
0.3213777542114258
0.32161372900009155
0.32188311219215393
0.3221418261528015
0.32225126028060913
0.3221924901008606
0.3218238949775696
0.3213823437690735
0.321077436208725
0.32103431224823
0.3211914896965027
0.3214409351348877
0.3217431902885437
0.3219963610172272
0.32219505310058594
0.32208341360092163
0.3217158317565918
0.3211424946784973
0.32077595591545105
0.3207780718803406
0.3210172951221466
0.3213365077972412
0.32159554958343506
0.321760356426239
0.32163164019584656
0.3212874233722687
0.3208029568195343
0.32049256563186646
0.3204714059829712
0.32066088914871216
0.32095009088516235
0.3212337791919708
0.3215182423591614
0.32159918546676636
0.3214779198169708
0.3209996223449707
0.3204728960990906
0.32018622756004333
0.3202511668205261
0.32051271200180054
0.32080933451652527
0.3211212754249573
0.3212558925151825
0.32119786739349365
0.3208027482032776
0.3203248977661133
0.3199808597564697
0.31993329524993896
0.3201304078102112
0.3204289674758911
0.32076960802078247
0.3210529088973999
0.3212625980377197
0.32106703519821167
0.3205833435058594
0.3199763000011444
0.3196946978569031
0.31979966163635254
0.32010042667388916
0.3204653859138489
0.32072901725769043
0.32084420323371887
0.32059240341186523
0.3201441168785095
0.3196621537208557
0.3194344937801361
0.3195132613182068
0.31977578997612
0.3201291859149933
0.3204484283924103
0.3207685053348541
0.3208276629447937
0.3206102252006531
0.3199748992919922
0.31939107179641724
0.3192145824432373
0.3194118142127991
0.31974565982818604
0.32007116079330444
0.32036763429641724
0.32033783197402954
0.3200538754463196
0.3195483982563019
0.3191624581813812
0.3190091848373413
0.3190910816192627
0.3193688690662384
0.3197201192378998
0.32012245059013367
0.3204424977302551
0.320700466632843
0.32043880224227905
0.3197910189628601
0.3190365731716156
0.3188171982765198
0.319083571434021
0.3194693922996521
0.31985026597976685
0.3200381398200989
0.3199538588523865
0.3194313645362854
0.3188914656639099
0.31863918900489807
0.318665474653244
0.3188294470310211
0.3191142678260803
0.3195236027240753
0.3198116421699524
0.3200306296348572
0.3199633061885834
0.31970760226249695
0.3190598487854004
0.3184710741043091
0.3183909058570862
0.31867516040802
0.3189525008201599
0.3191911280155182
0.3195454180240631
0.31963902711868286
0.3194431960582733
0.3189583718776703
0.31861424446105957
0.3183327913284302
0.3181569576263428
0.3182784616947174
0.31859952211380005
0.31894993782043457
0.31936222314834595
0.3200918138027191
0.32066619396209717
0.3209068775177002
0.32011646032333374
0.3191460072994232
0.3183903694152832
0.3182278573513031
0.31871166825294495
0.3193727135658264
0.31969398260116577
0.31932705640792847
0.31876543164253235
0.318250447511673
0.3179638087749481
0.3179996907711029
0.31836190819740295
0.31879928708076477
0.3190048038959503
0.31919100880622864
0.31921297311782837
0.31899362802505493
0.3183189034461975
0.3177785277366638
0.31768807768821716
0.31780219078063965
0.3179365396499634
0.31821486353874207
0.3186768591403961
0.31894704699516296
0.3191523551940918
0.31916266679763794
0.31902438402175903
0.31834548711776733
0.3176296353340149
0.3174453377723694
0.31765884160995483
0.3178556561470032
0.3181065320968628
0.3186042010784149
0.3189287483692169
0.31901445984840393
0.3187316358089447
0.31847915053367615
0.31793826818466187
0.31734341382980347
0.3172270953655243
0.31754058599472046
0.3177971839904785
0.3180256485939026
0.3185988664627075
0.31915557384490967
0.31952109932899475
0.3192378878593445
0.3189038634300232
0.3181922137737274
0.31736230850219727
0.31712648272514343
0.3176284432411194
0.3181026875972748
0.31826505064964294
0.3185819387435913
0.31867942214012146
0.3183189332485199
0.31751513481140137
0.31720611453056335
0.3171841502189636
0.31705591082572937
0.31717216968536377
0.31763893365859985
0.3181934058666229
0.3187437951564789
0.31979992985725403
0.3207436203956604
0.321243017911911
0.31984207034111023
0.318259060382843
0.3174138069152832
0.31747570633888245
0.31822723150253296
0.31909358501434326
0.3194007873535156
0.31847772002220154
0.3174421489238739
0.3170895278453827
0.3171806335449219
0.3173534870147705
0.3177676796913147
0.31832849979400635
0.3182761073112488
0.3179565668106079
0.3175889253616333
0.3172945976257324
0.31678563356399536
0.3165108263492584
0.31671980023384094
0.3169788718223572
0.3171459436416626
0.3175230622291565
0.31830763816833496
0.31888067722320557
0.31934186816215515
0.31920939683914185
0.3187991976737976
0.3175584077835083
0.31650763750076294
0.3166288137435913
0.3173791170120239
0.3178354501724243
0.3179623484611511
0.3181484043598175
0.31765782833099365
0.3167799413204193
0.31630438566207886
0.31652235984802246
0.3167087435722351
0.3167860507965088
0.3172784447669983
0.31792134046554565
0.3184485137462616
0.3186422884464264
0.31898656487464905
0.3185218572616577
0.3174029290676117
0.31629133224487305
0.3163834512233734
0.31691697239875793
0.31716451048851013
0.3175857961177826
0.3179674446582794
0.31786540150642395
0.31703901290893555
0.31651541590690613
0.3163594901561737
0.31611931324005127
0.31596776843070984
0.316276490688324
0.3167315125465393
0.3170200288295746
0.3177110552787781
0.31883352994918823
0.32023563981056213
0.32049667835235596
0.3199909031391144
0.3182690739631653
0.3167937397956848
0.31621575355529785
0.3171364963054657
0.3184877634048462
0.31860461831092834
0.317841112613678
0.3167547881603241
0.3162877857685089
0.31626516580581665
0.31662726402282715
0.31731122732162476
0.31757721304893494
0.31728753447532654
0.31664907932281494
0.31629663705825806
0.31596407294273376
0.3156543970108032
0.3157023787498474
0.31607678532600403
0.3164524435997009
0.31675392389297485
0.31746944785118103
0.3183574676513672
0.3191492557525635
0.31875744462013245
0.3178473114967346
0.3166561722755432
0.3159099817276001
0.3157765865325928
0.316450297832489
0.3173339068889618
0.3174201250076294
0.31697434186935425
0.3162907361984253
0.31586381793022156
0.3155290484428406
0.3155190944671631
0.31599265336990356
0.31649571657180786
0.3168429136276245
0.31704044342041016
0.3174189031124115
0.31723517179489136
0.31651249527931213
0.3155590891838074
0.3153303861618042
0.3155091404914856
0.31559982895851135
0.31589287519454956
0.31647825241088867
0.31710511445999146
0.31724148988723755
0.31730759143829346
0.3171482980251312
0.316741019487381
0.3156237006187439
0.3150184750556946
0.3153480589389801
0.3157791495323181
0.3160395920276642
0.3164527118206024
0.31720930337905884
0.31743869185447693
0.3170907497406006
0.3163772225379944
0.31606021523475647
0.31553441286087036
0.31496527791023254
0.3150402307510376
0.3155793845653534
0.31593453884124756
0.3161720037460327
0.31701260805130005
0.3179648220539093
0.31863436102867126
0.3181513845920563
0.317583292722702
0.3165651559829712
0.3154793381690979
0.31498587131500244
0.3157564103603363
0.3167697787284851
0.31697210669517517
0.3170703649520874
0.31706202030181885
0.3166723847389221
0.3154648244380951
0.31478843092918396
0.3151264190673828
0.3154483437538147
0.31546735763549805
0.3158974349498749
0.3170737028121948
0.3179273009300232
0.3187815546989441
0.3191225528717041
0.3195681869983673
0.3181169033050537
0.31580567359924316
0.31494849920272827
0.31603485345840454
0.31682509183883667
0.31690436601638794
0.31777599453926086
0.31814444065093994
0.3173372745513916
0.3156740367412567
0.31558844447135925
0.3157172203063965
0.315107524394989
0.3152352571487427
0.3161250948905945
0.31671109795570374
0.31722190976142883
0.3191031217575073
0.3209446668624878
0.3222641348838806
0.3203752040863037
0.31854432821273804
0.31664329767227173
0.3156128227710724
0.31662774085998535
0.31850290298461914
0.3191513419151306
0.31769266724586487
0.3164950907230377
0.3159415125846863
0.31548547744750977
0.31547966599464417
0.3163852095603943
0.3171902000904083
0.31680721044540405
0.3165542185306549
0.31648215651512146
0.31599390506744385
0.3149075508117676
0.31457066535949707
0.3149384558200836
0.31496310234069824
0.31486621499061584
0.3153594732284546
0.3163452744483948
0.3170478641986847
0.31828969717025757
0.3196542263031006
0.32089436054229736
0.31917959451675415
0.3163650333881378
0.31495094299316406
0.3156042695045471
0.31632810831069946
0.31687015295028687
0.3178085684776306
0.31718894839286804
0.3155422508716583
0.3145809769630432
0.3151284158229828
0.31539493799209595
0.3152470886707306
0.3159233629703522
0.31659868359565735
0.3166050314903259
0.3161481022834778
0.31632086634635925
0.3159366548061371
0.31489649415016174
0.3141723871231079
0.3144168555736542
0.3145431578159332
0.314399391412735
0.31485700607299805
0.31571948528289795
0.31666648387908936
0.317678302526474
0.3195968568325043
0.32032114267349243
0.3196558952331543
0.31633439660072327
0.31473881006240845
0.31534937024116516
0.31613606214523315
0.3170158565044403
0.3176964223384857
0.3175566494464874
0.31557896733283997
0.3142630457878113
0.314761221408844
0.31525781750679016
0.3151093125343323
0.3154347538948059
0.3164689540863037
0.31641241908073425
0.3159387409687042
0.3157021403312683
0.3158280849456787
0.314924418926239
0.31394585967063904
0.3140115737915039
0.3143097162246704
0.3140715956687927
0.3140718340873718
0.3148086965084076
0.3155784606933594
0.3167186379432678
0.31850555539131165
0.3217743933200836
0.323223739862442
0.32240694761276245
0.31779026985168457
0.3154085576534271
0.3157683312892914
0.31698930263519287
0.3187227249145508
0.3194122314453125
0.3184787333011627
0.31521740555763245
0.3145453631877899
0.3161579370498657
0.3165699541568756
0.31649163365364075
0.31704819202423096
0.3176194727420807
0.3161317706108093
0.3146139085292816
0.31472694873809814
0.3150164484977722
0.3142404556274414
0.31398269534111023
0.3146708011627197
0.31491807103157043
0.3151402175426483
0.3165186047554016
0.3197331726551056
0.32308194041252136
0.3271820545196533
0.3269007205963135
0.32432979345321655
0.3167409598827362
0.3153238296508789
0.3202368915081024
0.32303476333618164
0.32230639457702637
0.3183455169200897
0.31695756316185
0.3173295855522156
0.31769537925720215
0.31895238161087036
0.3192645311355591
0.31782135367393494
0.31529563665390015
0.31506550312042236
0.316366970539093
0.3164902627468109
0.31615906953811646
0.3167691230773926
0.31782710552215576
0.31670036911964417
0.315557062625885
0.3154560327529907
0.3154595196247101
0.3144294321537018
0.3138957917690277
0.31435540318489075
0.31444963812828064
0.31408485770225525
0.3143775463104248
0.3155442476272583
0.31671738624572754
0.3189948797225952
0.32204461097717285
0.3259965777397156
0.3241655230522156
0.3187914490699768
0.3146890103816986
0.3165176808834076
0.3188127279281616
0.318596214056015
0.31898176670074463
0.31763577461242676
0.3151725232601166
0.3146843910217285
0.31660133600234985
0.3170633018016815
0.3155568242073059
0.3155572712421417
0.3158029317855835
0.31462961435317993
0.3137575089931488
0.3143174946308136
0.3143366575241089
0.31364816427230835
0.3137530982494354
0.3143252730369568
0.3146357238292694
0.31539443135261536
0.31808874011039734
0.32166552543640137
0.3260740339756012
0.3261243999004364
0.32369935512542725
0.31675124168395996
0.3147713840007782
0.3186131417751312
0.3215937614440918
0.32061466574668884
0.3158932030200958
0.31481659412384033
0.31709080934524536
0.31798577308654785
0.31751275062561035
0.31634050607681274
0.3155374526977539
0.31480690836906433
0.3149069547653198
0.31597504019737244
0.3161816895008087
0.31519147753715515
0.3140302300453186
0.31400126218795776
0.31406038999557495
0.3135787844657898
0.31337976455688477
0.31384438276290894
0.31429874897003174
0.3143119215965271
0.3149668574333191
0.3162916898727417
0.3177889883518219
0.3176746368408203
0.31677576899528503
0.3150463402271271
0.31384149193763733
0.313285231590271
0.3140586018562317
0.31534963846206665
0.3151892125606537
0.31401509046554565
0.3130255341529846
0.31308549642562866
0.31326979398727417
0.31325963139533997
0.31365105509757996
