# lbfgs, lr=0.8, alpha = 1000000, beta = 0.1
# best_iter: 98, best_loss = 0.3292384743690491, imsave period = 10
23.81696319580078
11.969459533691406
4.1973066329956055
2.389350175857544
1.6278326511383057
1.230949878692627
0.993262767791748
0.845081090927124
0.7428368926048279
0.67586350440979
0.626686692237854
0.5889202356338501
0.5566651225090027
0.5291611552238464
0.5067828297615051
0.48998022079467773
0.4761386811733246
0.4645256996154785
0.4536079168319702
0.4446806013584137
0.43721622228622437
0.4305458962917328
0.4242269694805145
0.4183860123157501
0.41329142451286316
0.408529669046402
0.40415990352630615
0.39981600642204285
0.39609038829803467
0.39263245463371277
0.3894999325275421
0.3865678906440735
0.38394930958747864
0.3814637064933777
0.3791907727718353
0.3770790696144104
0.37500423192977905
0.37312155961990356
0.37140047550201416
0.3697017431259155
0.36818066239356995
0.3666340410709381
0.36518824100494385
0.3637755513191223
0.3624659776687622
0.36118564009666443
0.35998186469078064
0.3588627576828003
0.35770177841186523
0.3566387891769409
0.35555317997932434
0.3546006679534912
0.35363686084747314
0.3527386486530304
0.3518430292606354
0.3510178029537201
0.35012000799179077
0.3493156135082245
0.34844833612442017
0.34770727157592773
0.3469560742378235
0.3462534546852112
0.34554508328437805
0.34483641386032104
0.3441477119922638
0.34371137619018555
0.3430996537208557
0.3424503207206726
0.34185877442359924
0.34122219681739807
0.3407019078731537
0.3401036858558655
0.3395538926124573
0.33926311135292053
0.3384642004966736
0.3380170464515686
0.33747589588165283
0.3370022475719452
0.33656013011932373
0.3360375165939331
0.33562541007995605
0.33563151955604553
0.33472853899002075
0.33441951870918274
0.3340010643005371
0.3335947096347809
0.33317333459854126
0.33277761936187744
0.33293285965919495
0.3319389224052429
0.3318115472793579
0.33161482214927673
0.33110275864601135
0.3310681879520416
0.33035901188850403
0.3305085003376007
0.3302296996116638
0.33024275302886963
0.3292384743690491
0.3293045461177826
