# lbfgs, lr=0.8, alpha = 1000000, beta = 0.1
# best_iter: 99, best_loss = 0.10824625194072723, imsave period = 10
13.27829647064209
1.1598765850067139
0.46114543080329895
0.320480614900589
0.26302653551101685
0.2247118353843689
0.19147619605064392
0.16604945063591003
0.1466548889875412
0.1334041804075241
0.12430496513843536
0.11979304254055023
0.11734117567539215
0.11569324135780334
0.11465661227703094
0.11390897631645203
0.1133330911397934
0.1128840446472168
0.11252551525831223
0.11222608387470245
0.11197232455015182
0.11175376176834106
0.11156216263771057
0.1113898754119873
0.1112365797162056
0.11109574884176254
0.1109672263264656
0.1108492761850357
0.11073780059814453
0.11063122749328613
0.11052995175123215
0.11043566465377808
0.11034324765205383
0.11025083065032959
0.11016689240932465
0.11009164154529572
0.11001936346292496
0.10995146632194519
0.10988707840442657
0.10982691496610641
0.10976946353912354
0.10971619933843613
0.10966423898935318
0.10961513221263885
0.10956758260726929
0.10952134430408478
0.10947639495134354
0.10943258553743362
0.10939086973667145
0.10935072600841522
0.10931209474802017
0.1092739924788475
0.10923723876476288
0.10920126736164093
0.10916680097579956
0.10913298279047012
0.10910002142190933
0.10906828939914703
0.10903740674257278
0.109007328748703
0.10897792875766754
0.10894892364740372
0.10892077535390854
0.10889328271150589
0.10886675119400024
0.10884112119674683
0.1088157445192337
0.10879171639680862
0.10876816511154175
0.10874495655298233
0.10872216522693634
0.1086999922990799
0.10867835581302643
0.1086575910449028
0.10863719135522842
0.10861757397651672
0.10859803855419159
0.10857906192541122
0.10856036841869354
0.10854209959506989
0.10852396488189697
0.10850628465414047
0.10848888009786606
0.1084723100066185
0.10845579206943512
0.1084396094083786
0.10842394083738327
0.10840845853090286
0.10839349031448364
0.10837866365909576
0.10836426913738251
0.10835012048482895
0.10833629220724106
0.10832282155752182
0.10830960422754288
0.1082964539527893
0.10828355699777603
0.10827092081308365
0.1082584410905838
0.10824625194072723
