# lbfgs, lr=0.8, alpha = 1000000, beta = 0.1
# best_iter: 96, best_loss = 0.047219980508089066, imsave period = 10
6.073498249053955
0.5984484553337097
0.27838534116744995
0.17374926805496216
0.11728110909461975
0.09289240092039108
0.08079560846090317
0.07176772505044937
0.06768856197595596
0.06405673176050186
0.06189589947462082
0.05979911610484123
0.058093536645174026
0.056876473128795624
0.055632203817367554
0.054693616926670074
0.05389450863003731
0.05319182947278023
0.05260220915079117
0.05211854726076126
0.051659051328897476
0.051264356821775436
0.05092423036694527
0.05060767009854317
0.050338223576545715
0.05018090456724167
0.04986552521586418
0.049675460904836655
0.049655601382255554
0.04936857149004936
0.04928251728415489
0.049145590513944626
0.04925301671028137
0.04895033687353134
0.048955537378787994
0.05002279207110405
0.04898985102772713
0.04862628132104874
0.05264391377568245
0.0487445630133152
0.0485386960208416
0.712921679019928
0.06593668460845947
0.055614739656448364
0.05262763425707817
0.05093637853860855
0.04988960549235344
0.04920458048582077
0.04873792827129364
0.048397183418273926
0.04821009188890457
0.04823736101388931
5.566171646118164
7.091648101806641
0.4652099907398224
0.20448574423789978
0.15772131085395813
0.12084729969501495
0.10133854299783707
0.08877105265855789
0.08036194741725922
0.07406993955373764
0.06874587386846542
0.0647662878036499
0.06189090013504028
0.05950724333524704
0.05773813650012016
0.056192874908447266
0.05490804463624954
0.05388147756457329
0.05304528772830963
0.052259743213653564
0.051657967269420624
0.0510813407599926
0.05061560496687889
0.05020354688167572
0.04979657381772995
0.04948531091213226
0.04918598011136055
0.04892943799495697
0.048695117235183716
0.048518672585487366
0.04833359643816948
0.04826229810714722
0.04808897152543068
0.04804923012852669
0.047885775566101074
0.047811977565288544
0.047694131731987
0.04767546430230141
0.04749469459056854
0.047494374215602875
0.04740789905190468
0.047422852367162704
0.04826533794403076
0.04727507010102272
0.047219980508089066
0.04953085631132126
0.04786865413188934
0.04735720530152321
