# lbfgs, lr=0.8, alpha = 1000000, beta = 0.1
# best_iter: 90, best_loss = 0.06480599194765091, imsave period = 10
10.329289436340332
0.8108471632003784
0.3397669494152069
0.24005267024040222
0.18315745890140533
0.1505657434463501
0.13211970031261444
0.11812068521976471
0.11007997393608093
0.10431599617004395
0.09988993406295776
0.09616135060787201
0.09322652220726013
0.09038279205560684
0.0876612514257431
0.08564546704292297
0.08437547087669373
0.08284083008766174
0.08165954053401947
0.08030704408884048
0.07927091419696808
0.07806168496608734
0.07722468674182892
0.07637163996696472
0.07567217946052551
0.07487348467111588
0.07426999509334564
0.07381347566843033
0.07328804582357407
0.0726078450679779
0.07223141193389893
0.0716601014137268
0.07185455411672592
0.07084764540195465
0.13173842430114746
0.07536019384860992
0.07121255248785019
0.06990393996238708
0.0690665990114212
0.06876127421855927
0.0701012909412384
0.06850676238536835
0.07423502951860428
0.0730818435549736
0.06930705159902573
0.06807756423950195
0.06742258369922638
0.06851448118686676
0.06741954386234283
0.10013672709465027
0.07021953165531158
0.06800471246242523
0.14289823174476624
0.06881920993328094
0.07009251415729523
0.0817335844039917
0.07122118771076202
0.06970064342021942
0.08122551441192627
0.07012082636356354
0.06986277550458908
0.06963048875331879
0.07696171849966049
0.07059506326913834
0.8022317886352539
0.18441274762153625
0.1059887483716011
0.09146943688392639
0.08389075100421906
0.07994440197944641
0.07736550271511078
0.07513146847486496
0.07363345474004745
0.07213134318590164
0.07106304913759232
0.06994493305683136
0.06900515407323837
0.0682312399148941
0.06805208325386047
0.06771183013916016
0.06684478372335434
0.06781452149152756
0.06619095802307129
0.06856775283813477
0.06604541838169098
0.06856058537960052
0.07159997522830963
0.06697981804609299
0.06562897562980652
0.0652785673737526
0.06480599194765091
0.06579535454511642
1.1849788427352905
0.6059392690658569
0.1533982753753662
0.10459635406732559
0.09019134938716888
0.08268066495656967
0.0784137025475502
0.07513056695461273
