# lbfgs, lr=0.8, alpha = 1000000, beta = 0.1
# best_iter: 99, best_loss = 0.18371376395225525, imsave period = 10
13.15681266784668
8.879006385803223
2.686842203140259
1.3740094900131226
0.8603678941726685
0.672470211982727
0.5557596683502197
0.4771074652671814
0.43917110562324524
0.40088140964508057
0.3722620904445648
0.34874075651168823
0.3291887044906616
0.31220632791519165
0.29954251646995544
0.286499559879303
0.27571284770965576
0.26607030630111694
0.2578677535057068
0.2513576149940491
0.24508288502693176
0.23987162113189697
0.23529809713363647
0.23152592778205872
0.2282777726650238
0.2251981496810913
0.2227276861667633
0.22061212360858917
0.2185421884059906
0.21671947836875916
0.21492958068847656
0.21339477598667145
0.21199040114879608
0.21076203882694244
0.20947037637233734
0.20837508141994476
0.20730027556419373
0.2062862515449524
0.20528772473335266
0.20438413321971893
0.20346230268478394
0.20264564454555511
0.20182570815086365
0.2010825276374817
0.20029190182685852
0.19953390955924988
0.1988685429096222
0.19821737706661224
0.19758901000022888
0.19699165225028992
0.19646258652210236
0.1959083080291748
0.19537222385406494
0.19490350782871246
0.19442246854305267
0.19397951662540436
0.1935442090034485
0.1931578516960144
0.19277074933052063
0.1923879086971283
0.192003071308136
0.19165143370628357
0.19130709767341614
0.19098246097564697
0.19062328338623047
0.19032999873161316
0.19003209471702576
0.18974241614341736
0.18946371972560883
0.1892048567533493
0.18893691897392273
0.18868494033813477
0.1884290724992752
0.1882064938545227
0.18797297775745392
0.18775245547294617
0.18754270672798157
0.18732929229736328
0.1871272325515747
0.18692654371261597
0.186738058924675
0.18653789162635803
0.18635594844818115
0.18617644906044006
0.18600144982337952
0.18582004308700562
0.18564635515213013
0.18547643721103668
0.1853109449148178
0.18513759970664978
0.18498164415359497
0.18482324481010437
0.1846737563610077
0.1845245361328125
0.18438607454299927
0.18424615263938904
0.18410617113113403
0.18397414684295654
0.18384595215320587
0.18371376395225525
