# adam, lr=0.01, alpha = 1000000, beta = 0.1
# best_iter: 2741, best_loss = 0.09784064441919327, imsave period = 300
6.913926124572754
4.5378923416137695
3.112006664276123
2.2286436557769775
1.7576204538345337
1.4777469635009766
1.2534962892532349
1.0601906776428223
0.9197299480438232
0.8333549499511719
0.7799661159515381
0.7399809956550598
0.7063179016113281
0.6779360771179199
0.6536778211593628
0.6308280229568481
0.6072098612785339
0.5827941298484802
0.5588120818138123
0.5358256697654724
0.5135952234268188
0.49210745096206665
0.47179415822029114
0.4530130624771118
0.43592914938926697
0.42029714584350586
0.40583914518356323
0.39242732524871826
0.38010168075561523
0.36879611015319824
0.35835200548171997
0.34860026836395264
0.33951765298843384
0.33110523223876953
0.3232666254043579
0.31588587164878845
0.3089079260826111
0.3023594617843628
0.2962177097797394
0.2904024124145508
0.28486496210098267
0.2795982360839844
0.27460476756095886
0.2698514461517334
0.2652970850467682
0.2609357237815857
0.2567588984966278
0.2527642548084259
0.2489272654056549
0.24523866176605225
0.2417042851448059
0.238320991396904
0.23507438600063324
0.23195050656795502
0.22895270586013794
0.22607365250587463
0.22330528497695923
0.2206396758556366
0.2180725336074829
0.21559926867485046
0.2132168710231781
0.2109215408563614
0.2087080180644989
0.2065705955028534
0.20450708270072937
0.2025148570537567
0.2005912810564041
0.1987343728542328
0.19694235920906067
0.19521105289459229
0.19353660941123962
0.19191892445087433
0.19035440683364868
0.18884043395519257
0.18737469613552094
0.18595492839813232
0.18457913398742676
0.18324553966522217
0.18195299804210663
0.1806987226009369
0.17948180437088013
0.17830076813697815
0.17715328931808472
0.17604000866413116
0.17496049404144287
0.17391368746757507
0.17289677262306213
0.1719083935022354
0.17094847559928894
0.1700151562690735
0.16910633444786072
0.16822302341461182
0.16736364364624023
0.16652706265449524
0.16571249067783356
0.16491813957691193
0.1641438901424408
0.16338905692100525
0.16265283524990082
0.16193467378616333
0.1612345427274704
0.16055181622505188
0.1598862260580063
0.15923817455768585
0.15861009061336517
0.15800723433494568
0.15744684636592865
0.15696334838867188
0.1566670536994934
0.1566886305809021
0.1574942171573639
0.158319354057312
0.15928471088409424
0.1563684344291687
0.1534244865179062
0.15351642668247223
0.1544966697692871
0.1533406674861908
0.15143607556819916
0.15186083316802979
0.15226399898529053
0.1506025493144989
0.14975547790527344
0.15021604299545288
0.1497243046760559
0.14857643842697144
0.14814876019954681
0.14828640222549438
0.14791448414325714
0.14699679613113403
0.1465294361114502
0.14652355015277863
0.14627763628959656
0.14568668603897095
0.14506494998931885
0.144757941365242
0.14464734494686127
0.1444249153137207
0.14403733611106873
0.14351750910282135
0.14306801557540894
0.14275893568992615
0.14255431294441223
0.1423928588628769
0.1422082483768463
0.14202313125133514
0.14174124598503113
0.141424760222435
0.14100748300552368
0.14059025049209595
0.14019757509231567
0.13987630605697632
0.1396203190088272
0.13941457867622375
0.13926850259304047
0.13920912146568298
0.13936395943164825
0.1397346556186676
0.14063873887062073
0.14113056659698486
0.14131808280944824
0.13928630948066711
0.13747748732566833
0.13759846985340118
0.1385074257850647
0.13831448554992676
0.13686628639698029
0.1364058256149292
0.1370103508234024
0.13697507977485657
0.1361827701330185
0.13547544181346893
0.13557909429073334
0.1358823925256729
0.13557367026805878
0.13493883609771729
0.1344633400440216
0.13443996012210846
0.13458365201950073
0.13449104130268097
0.1341867744922638
0.13370534777641296
0.13333748281002045
0.13318175077438354
0.13317331671714783
0.13323092460632324
0.13325324654579163
0.13329991698265076
0.13315406441688538
0.13291573524475098
0.13242405652999878
0.13194739818572998
0.13163499534130096
0.1315520703792572
0.13161909580230713
0.13173584640026093
0.13195239007472992
0.13206236064434052
0.13217692077159882
0.13176971673965454
0.1311327964067459
0.13042813539505005
0.1302046924829483
0.1304096132516861
0.13062980771064758
0.1307108849287033
0.13039018213748932
0.12992346286773682
0.12943194806575775
0.12921075522899628
0.12925466895103455
0.12940704822540283
0.1296331137418747
0.1297532618045807
0.12989312410354614
0.1296035647392273
0.12910299003124237
0.1284213364124298
0.12808743119239807
0.12817785143852234
0.1284247785806656
0.12866485118865967
0.12863077223300934
0.1284523904323578
0.1279211938381195
0.1274113804101944
0.1271539181470871
0.12720194458961487
0.1274036467075348
0.12760066986083984
0.12788356840610504
0.12793387472629547
0.12788832187652588
0.12728187441825867
0.12660911679267883
0.12622421979904175
0.12630611658096313
0.12659738957881927
0.12678200006484985
0.12689973413944244
0.12663543224334717
0.1261809766292572
0.12563228607177734
0.12541794776916504
0.12551936507225037
0.12567803263664246
0.12589022517204285
0.12612295150756836
0.12658321857452393
0.12657460570335388
0.12628483772277832
0.12539750337600708
0.12489665299654007
0.12485222518444061
0.12486474215984344
0.12496702373027802
0.12517407536506653
0.12536846101284027
0.12494099140167236
0.12437164783477783
0.12415115535259247
0.12417493760585785
0.12391641736030579
0.12368053942918777
0.12383107841014862
0.12405723333358765
0.12433839589357376
0.1250661164522171
0.1275029480457306
0.1305466741323471
0.13501206040382385
0.13140861690044403
0.1267055720090866
0.12497840821743011
0.12738433480262756
0.12808990478515625
0.12477649748325348
0.12481726706027985
0.12660789489746094
0.12465514242649078
0.12354866415262222
0.12500761449337006
0.12440045177936554
0.12296588718891144
0.12350691854953766
0.12398897856473923
0.12304919958114624
0.12244698405265808
0.1231377124786377
0.1231745183467865
0.12234349548816681
0.1221834272146225
0.1224425733089447
0.1223185658454895
0.12206947803497314
0.12186969816684723
0.12163251638412476
0.12155407667160034
0.1217028945684433
0.12169250845909119
0.12136702239513397
0.12110093235969543
0.12105375528335571
0.12099924683570862
0.12078286707401276
0.12067889422178268
0.12072315812110901
0.12077375501394272
0.12088476866483688
0.12127676606178284
0.12260948121547699
0.12468774616718292
0.12847788631916046
0.12825007736682892
0.12580902874469757
0.12137413024902344
0.12265975773334503
0.12499456107616425
0.12223923206329346
0.12106147408485413
0.12262832373380661
0.12198750674724579
0.12079824507236481
0.12108789384365082
0.1213703379034996
0.12083896994590759
0.12026339769363403
0.12048989534378052
0.12069791555404663
0.12005965411663055
0.11966033279895782
0.1199844628572464
0.12003692984580994
0.11954142898321152
0.11918386816978455
0.1193859726190567
0.11954145133495331
0.11926224827766418
0.1189979612827301
0.11887837946414948
0.11880084127187729
0.11879010498523712
0.11880645900964737
0.1187865287065506
0.11869454383850098
0.11863038688898087
0.11852452158927917
0.11839334666728973
0.11830992996692657
0.11833994090557098
0.11830683797597885
0.11824525147676468
0.11829746514558792
0.11867396533489227
0.11918049305677414
0.11997899413108826
0.12053272873163223
0.12150940299034119
0.12093646079301834
0.11947965621948242
0.1177743673324585
0.1184828132390976
0.11979453265666962
0.11899005621671677
0.11795899271965027
0.11797692626714706
0.11812090873718262
0.11797735840082169
0.11798703670501709
0.11792299151420593
0.11744877696037292
0.11736050248146057
0.11750157922506332
0.11720515042543411
0.11709105968475342
0.11735974252223969
0.11729646474123001
0.11702241003513336
0.11733166128396988
0.11782750487327576
0.1184157282114029
0.11917111277580261
0.12082602083683014
0.12078861892223358
0.11977722495794296
0.11772696673870087
0.11740205436944962
0.11802756786346436
0.11836107075214386
0.11831025779247284
0.11695428192615509
0.11654879152774811
0.11758443713188171
0.11741958558559418
0.11659623682498932
0.11656460911035538
0.11663423478603363
0.11627057194709778
0.11641480028629303
0.11665394902229309
0.11631037294864655
0.11631973087787628
0.11642992496490479
0.11607081443071365
0.11578261852264404
0.11594521999359131
0.11588209867477417
0.11570604145526886
0.11582246422767639
0.11600105464458466
0.11609815806150436
0.11699989438056946
0.11886915564537048
0.12267370522022247
0.12475705146789551
0.12679147720336914
0.12053456902503967
0.11771629750728607
0.12046623229980469
0.12007367610931396
0.11749334633350372
0.11750216782093048
0.11872901022434235
0.11701300740242004
0.11655418574810028
0.11807749420404434
0.11658915877342224
0.11577042937278748
0.1170482411980629
0.11624184995889664
0.11554427444934845
0.11628606915473938
0.11576995998620987
0.11534978449344635
0.11584237217903137
0.11531175673007965
0.11512158066034317
0.11552701145410538
0.1151559054851532
0.11527660489082336
0.11614318192005157
0.116718590259552
0.11864633858203888
0.120590940117836
0.12231351435184479
0.11828678101301193
0.11526370048522949
0.11611685156822205
0.11743339896202087
0.11721237003803253
0.11535052955150604
0.11516913026571274
0.11646048724651337
0.11565212905406952
0.11449529230594635
0.11510896682739258
0.11536591500043869
0.11457805335521698
0.11446245014667511
0.1147765964269638
0.11437912285327911
0.1141899824142456
0.11432741582393646
0.11410385370254517
0.11410209536552429
0.11417298018932343
0.11387290060520172
0.11373540759086609
0.11400160193443298
0.11404457688331604
0.11403021961450577
0.11443839967250824
0.1153503805398941
0.11604991555213928
0.11731341481208801
0.11694677174091339
0.11551551520824432
0.11359671503305435
0.1142316460609436
0.11532054841518402
0.11425381898880005
0.11366293579339981
0.11428839713335037
0.11413861811161041
0.11347635835409164
0.11348818242549896
0.11348673701286316
0.11326278001070023
0.11336837708950043
0.11326941847801208
0.11291960626840591
0.11304177343845367
0.11330334842205048
0.11314673721790314
0.11342425644397736
0.11467362940311432
0.1172933429479599
0.12024412304162979
0.12563654780387878
0.12316061556339264
0.11835101246833801
0.11552354693412781
0.11863087862730026
0.11841712892055511
0.11520726978778839
0.1171865314245224
0.1161317452788353
0.1143527403473854
0.11689011752605438
0.11497631669044495
0.11368198692798615
0.11523547768592834
0.1136704534292221
0.11395175755023956
0.11448502540588379
0.11309760808944702
0.11388658732175827
0.1136874258518219
0.11288678646087646
0.11361035704612732
0.11296695470809937
0.11286719888448715
0.11321855336427689
0.11282666027545929
0.11307407915592194
0.11357218772172928
0.1135665774345398
0.11430245637893677
0.11450134217739105
0.1140691339969635
0.1131238117814064
0.11250513792037964
0.11204840987920761
0.11266864091157913
0.11322622001171112
0.11266680806875229
0.11230763047933578
0.11197250336408615
0.11177907884120941
0.11206629872322083
0.11232085525989532
0.11223921179771423
0.11197642982006073
0.11190466582775116
0.11159259080886841
0.11135777086019516
0.11144882440567017
0.11151102185249329
0.1115226000547409
0.11167336255311966
0.11210024356842041
0.11249580979347229
0.11321374028921127
0.11378996074199677
0.11426632106304169
0.11296722292900085
0.1114949882030487
0.11128917336463928
0.11207201331853867
0.11244312673807144
0.112026147544384
0.11173417419195175
0.11142618954181671
0.11140596866607666
0.11174780875444412
0.11156204342842102
0.1110142394900322
0.11093433201313019
0.11127965897321701
0.11130691319704056
0.11100305616855621
0.11094953864812851
0.11113747954368591
0.11125531047582626
0.11201104521751404
0.11379755288362503
0.11751535534858704
0.12033061683177948
0.1241520494222641
0.11870355904102325
0.11383399367332458
0.11425451934337616
0.11802615225315094
0.11796573549509048
0.1124173179268837
0.11411849409341812
0.11715234816074371
0.11302213370800018
0.1125737801194191
0.1149047464132309
0.11281087249517441
0.11219778656959534
0.11320666968822479
0.1119508147239685
0.1119370087981224
0.11249424517154694
0.11134500056505203
0.11142724752426147
0.11188886314630508
0.11113306134939194
0.11102013289928436
0.11136385053396225
0.11094805598258972
0.11081214994192123
0.11128387600183487
0.11135746538639069
0.11202674359083176
0.11470213532447815
0.1173328161239624
0.12191692739725113
0.11950047314167023
0.1145627573132515
0.11215309053659439
0.11591769754886627
0.11598862707614899
0.11135866492986679
0.11330229043960571
0.1149321049451828
0.11146266758441925
0.11268133670091629
0.11317981779575348
0.11126374453306198
0.11247505992650986
0.11183735728263855
0.11097359657287598
0.11194657534360886
0.11111804842948914
0.11063344776630402
0.11131054162979126
0.11064396798610687
0.11039677262306213
0.11085063219070435
0.11021895706653595
0.11031196266412735
0.11066143214702606
0.11038704216480255
0.11129692196846008
0.11278604716062546
0.11632087826728821
0.11920132488012314
0.12272673845291138
0.11514688283205032
0.11064498126506805
0.11440691351890564
0.11433867365121841
0.11177334934473038
0.11190923303365707
0.11209558695554733
0.1119823157787323
0.11154918372631073
0.11091423034667969
0.1111081913113594
0.1112392246723175
0.11073001474142075
0.11010652780532837
0.1107586994767189
0.11056745797395706
0.10979252308607101
0.11019785702228546
0.10998614132404327
0.10978780686855316
0.10988031327724457
0.1096910610795021
0.1095070093870163
0.10945788770914078
0.1096501424908638
0.10969599336385727
0.11016267538070679
0.1119421049952507
0.11469721794128418
0.12104779481887817
0.12184084206819534
0.11834827065467834
0.11032623797655106
0.11464487016201019
0.11786800622940063
0.11096560955047607
0.11355967819690704
0.11586901545524597
0.11020341515541077
0.1133054718375206
0.1138439029455185
0.11027064174413681
0.11324845254421234
0.1118658035993576
0.11046712845563889
0.11238794028759003
0.11070117354393005
0.11104744672775269
0.11245881021022797
0.11151140928268433
0.11455587297677994
0.11539691686630249
0.115738645195961
0.11364225298166275
0.11012792587280273
0.11033462733030319
0.11243466287851334
0.1110638901591301
0.11000433564186096
0.11043199151754379
0.11013375222682953
0.11039682477712631
0.11039793491363525
0.10925467312335968
0.10950416326522827
0.10997907817363739
0.10916608572006226
0.10948175936937332
0.10941013693809509
0.10868881642818451
0.10905860364437103
0.10887796431779861
0.10859135538339615
0.10884860157966614
0.10883932560682297
0.1087380051612854
0.10893480479717255
0.10921876132488251
0.10946596413850784
0.10989250987768173
0.11061245948076248
0.11003182828426361
0.10925588011741638
0.10851893573999405
0.10834047198295593
0.10869724303483963
0.10897746682167053
0.10890089720487595
0.10829917341470718
0.10814648121595383
0.10841742157936096
0.10833119601011276
0.10815546661615372
0.10812404006719589
0.10814513266086578
0.10812034457921982
0.10810855031013489
0.10811010003089905
0.10798782855272293
0.10776568949222565
0.10786058008670807
0.10813217610120773
0.10839775204658508
0.10865790396928787
0.10950673371553421
0.11076068878173828
0.11279474198818207
0.11295019090175629
0.11200003325939178
0.10899223387241364
0.10883373767137527
0.11050979793071747
0.11009107530117035
0.10933589935302734
0.10915844142436981
0.10926984995603561
0.1089126318693161
0.10830920934677124
0.10843359678983688
0.10859481245279312
0.10826172679662704
0.10804471373558044
0.10805194079875946
0.10809298604726791
0.10812899470329285
0.10797800123691559
0.10823792964220047
0.1087973564863205
0.10943669080734253
0.11001193523406982
0.11167024075984955
0.11197096854448318
0.11100763827562332
0.10809825360774994
0.107980877161026
0.10977286100387573
0.10943473875522614
0.10819181799888611
0.10805118083953857
0.10859863460063934
0.10825569927692413
0.107913076877594
0.10826509445905685
0.10788796097040176
0.10747967660427094
0.10772179812192917
0.10775147378444672
0.10751110315322876
0.1073567345738411
0.10752542316913605
0.10762092471122742
0.10734550654888153
0.10727208852767944
0.10764280706644058
0.10778138786554337
0.10803880542516708
0.10864213109016418
0.10974950343370438
0.10984267294406891
0.10931821912527084
0.10795131325721741
0.10756595432758331
0.10784567147493362
0.10800397396087646
0.10803669691085815
0.10787269473075867
0.10753518342971802
0.10705113410949707
0.10734332352876663
0.10769310593605042
0.107163205742836
0.10687397420406342
0.10703469067811966
0.10714729875326157
0.10710576176643372
0.10700156539678574
0.10716982185840607
0.10760074108839035
0.10788046568632126
0.10899771004915237
0.11097139865159988
0.11469127237796783
0.11481837928295135
0.1130356565117836
0.1086701899766922
0.10926192998886108
0.11129867285490036
0.11019046604633331
0.10997304320335388
0.10988937318325043
0.1089700385928154
0.10870662331581116
0.10937651991844177
0.1088884100317955
0.10719582438468933
0.10810765624046326
0.10846914350986481
0.10729151219129562
0.10779109597206116
0.10774372518062592
0.10711367428302765
0.10737155377864838
0.10755187273025513
0.10783909261226654
0.10874739289283752
0.11027521640062332
0.11393073946237564
0.1153738796710968
0.1174064502120018
0.11312694102525711
0.11102782189846039
0.11232009530067444
0.11312843859195709
0.11152319610118866
0.1082163155078888
0.11027154326438904
0.11118260771036148
0.1085275188088417
0.10892809182405472
0.10940229892730713
0.10925094783306122
0.10825707763433456
0.10776299983263016
0.10891973227262497
0.10811613500118256
0.10782869160175323
0.1090262308716774
0.10869280248880386
0.10979942977428436
0.11020442843437195
0.1115373894572258
0.11130087077617645
0.1089208796620369
0.10746023058891296
0.1081574410200119
0.1083180233836174
0.1083488017320633
0.1081087738275528
0.10782061517238617
0.10711577534675598
0.10680752992630005
0.10756316781044006
0.10735128819942474
0.10683540254831314
0.10695506632328033
0.10689845681190491
0.10660119354724884
0.10635849833488464
0.10643363744020462
0.10645036399364471
0.10623689740896225
0.10623226314783096
0.10644710063934326
0.10673680156469345
0.10734158754348755
0.1091165617108345
0.11180674284696579
0.11659374833106995
0.11559370905160904
0.11177682876586914
0.1072424128651619
0.11002828180789948
0.11233194172382355
0.10875260084867477
0.10825234651565552
0.10954920947551727
0.10869845747947693
0.1080477237701416
0.108012855052948
0.10817334055900574
0.10734355449676514
0.10748510807752609
0.1079300120472908
0.10657069087028503
0.10684841126203537
0.10734385997056961
0.10671781003475189
0.10670121014118195
0.10659681260585785
0.10667505860328674
0.10635657608509064
0.1061430424451828
0.10641337186098099
0.10619814693927765
0.10606499761343002
0.10621962696313858
0.10626766085624695
0.10643808543682098
0.10653862357139587
0.1070132702589035
0.10769690573215485
0.10889096558094025
0.11045496165752411
0.11432427167892456
0.1143610030412674
0.11292797327041626
0.1088879406452179
0.11202767491340637
0.11726152896881104
0.11140517890453339
0.10775434970855713
0.10968188941478729
0.1097717359662056
0.1087045818567276
0.10863886028528214
0.10930968821048737
0.10733085125684738
0.10716740787029266
0.10871773958206177
0.10736459493637085
0.10677456855773926
0.1071249470114708
0.10721227526664734
0.10656722635030746
0.10614932328462601
0.10678158700466156
0.10627295076847076
0.10593988001346588
0.10617441684007645
0.10602694749832153
0.10592460632324219
0.10566785931587219
0.10578955709934235
0.10578837990760803
0.10550978034734726
0.10553326457738876
0.10562507063150406
0.10587466508150101
0.10687147080898285
0.11012798547744751
0.12093797326087952
0.13366618752479553
0.1522897630929947
0.11982233822345734
0.1143592894077301
0.13175705075263977
0.1192774772644043
0.11564959585666656
0.12266449630260468
0.11434197425842285
0.11193317174911499
0.11818952113389969
0.11156632006168365
0.11229149252176285
0.11579793691635132
0.1130540668964386
0.12188533693552017
0.13498231768608093
0.1679043471813202
0.14558497071266174
0.12947684526443481
0.12139958143234253
0.13381706178188324
0.13050879538059235
0.11721962690353394
0.12859651446342468
0.12717491388320923
0.1160910576581955
0.12433014065027237
0.11978371441364288
0.11733224987983704
0.11932963877916336
0.11642657220363617
0.11764299869537354
0.12048117816448212
0.1272108554840088
0.1346939355134964
0.14959514141082764
0.1249418705701828
0.12003681063652039
0.1257179081439972
0.12092218548059464
0.12138989567756653
0.11652955412864685
0.11915917694568634
0.11948148906230927
0.11591903120279312
0.11423686146736145
0.116201251745224
0.11254355311393738
0.11559613049030304
0.11165433377027512
0.11276596784591675
0.111472949385643
0.11147050559520721
0.11155281960964203
0.11186924576759338
0.11150757223367691
0.11147791892290115
0.11107984185218811
0.11001227796077728
0.10975147783756256
0.1087031438946724
0.10857272148132324
0.1087883859872818
0.10875210911035538
0.10904651135206223
0.1089296042919159
0.10855253040790558
0.10821905732154846
0.10784070193767548
0.10737968981266022
0.10711058974266052
0.10714704543352127
0.10702364146709442
0.1072627604007721
0.10729583352804184
0.10737607628107071
0.10725551843643188
0.10729716718196869
0.10701702535152435
0.10679057240486145
0.10647537559270859
0.10620103776454926
0.10598786175251007
0.10610140860080719
0.10628239810466766
0.106392502784729
0.10648550093173981
0.10644473880529404
0.10639435797929764
0.10619240999221802
0.10609285533428192
0.10586366802453995
0.10558293759822845
0.10545071959495544
0.10556835681200027
0.1057770699262619
0.10591529309749603
0.106038898229599
0.1059531718492508
0.10580118745565414
0.10560641437768936
0.10559645295143127
0.10554522275924683
0.10532009601593018
0.10508135706186295
0.10513689368963242
0.10539190471172333
0.10551294684410095
0.10550002753734589
0.10537616908550262
0.10534089803695679
0.10535097122192383
0.10546069592237473
0.10534827411174774
0.10502271354198456
0.10466261953115463
0.10467950254678726
0.10489720851182938
0.10487236082553864
0.10462300479412079
0.10449805855751038
0.10463099181652069
0.10480618476867676
0.10501986742019653
0.10552945733070374
0.10709384083747864
0.10982071608304977
0.11565504223108292
0.1168711706995964
0.11470666527748108
0.10602818429470062
0.10927806049585342
0.11401843279600143
0.10704300552606583
0.10788953304290771
0.11168065667152405
0.10613971203565598
0.10757017135620117
0.1097724586725235
0.10557471960783005
0.10788170993328094
0.10841923207044601
0.10536859929561615
0.10794085264205933
0.10701897740364075
0.1053907573223114
0.1074351891875267
0.10578442364931107
0.10555985569953918
0.10654530674219131
0.10505814105272293
0.10557584464550018
0.10562985390424728
0.10483840852975845
0.1053074300289154
0.1050763726234436
0.10473408550024033
0.105026975274086
0.10491757094860077
0.10480377078056335
0.10521230846643448
0.10545245558023453
0.1055145263671875
0.10608126223087311
0.1057862639427185
0.10487623512744904
0.10435117036104202
0.10451117902994156
0.10470573604106903
0.10479868203401566
0.10468509048223495
0.10421353578567505
0.10401096940040588
0.10427433997392654
0.1043950766324997
0.1041751429438591
0.10398878157138824
0.10397125780582428
0.10394883155822754
0.1038651093840599
0.10379677265882492
0.10390869528055191
0.10396721214056015
0.10386128723621368
0.10387182235717773
0.10392315685749054
0.10395752638578415
0.10393038392066956
0.10387232899665833
0.10383819043636322
0.10391100496053696
0.10384023934602737
0.10364904254674911
0.10351409763097763
0.10351897031068802
0.10356687754392624
0.10354306548833847
0.10342322289943695
0.1033516377210617
0.10337134450674057
0.1034039705991745
0.10337843745946884
0.10332983732223511
0.10339188575744629
0.10375769436359406
0.10478132963180542
0.10776478052139282
0.1129656657576561
0.12345419824123383
0.12032392621040344
0.11179850250482559
0.10758771002292633
0.11507143080234528
0.11383575201034546
0.1055651530623436
0.11174321919679642
0.11225149780511856
0.10551333427429199
0.11092735826969147
0.10982005298137665
0.10570725053548813
0.10996001213788986
0.10737769305706024
0.10617179423570633
0.10830460488796234
0.10580415278673172
0.10626708716154099
0.10666723549365997
0.10521551966667175
0.10596785694360733
0.10566318035125732
0.1049487292766571
0.10575039684772491
0.10529942810535431
0.10535954684019089
0.10639165341854095
0.10647157579660416
0.10680639743804932
0.10741518437862396
0.1053759828209877
0.10454735904932022
0.10472524166107178
0.10488206148147583
0.10526135563850403
0.10467529296875
0.10414698719978333
0.1040281429886818
0.10444608330726624
0.10442608594894409
0.10377675294876099
0.10385385900735855
0.10384011268615723
0.10369686782360077
0.10377529263496399
0.10373343527317047
0.10366637259721756
0.10342048108577728
0.10335509479045868
0.10344893485307693
0.10332924127578735
0.10327417403459549
0.10328321158885956
0.10330644994974136
0.10338068008422852
0.10338696837425232
0.10347539931535721
0.10378634929656982
0.10393711924552917
0.10408207029104233
0.10382799059152603
0.10344411432743073
0.10320094972848892
0.10318592190742493
0.1032625287771225
0.10331112146377563
0.10329174995422363
0.10319981724023819
0.10308271646499634
0.10293851792812347
0.10294029861688614
0.10303451865911484
0.10305085778236389
0.10295692831277847
0.10277622193098068
0.10271820425987244
0.10284581780433655
0.10297109931707382
0.10301516205072403
0.10310937464237213
0.1033862754702568
0.10435061901807785
0.10589392483234406
0.10854855179786682
0.10881369560956955
0.10770732909440994
0.10459083318710327
0.10536592453718185
0.10746150463819504
0.10539688169956207
0.10401467233896255
0.10521066188812256
0.10503346472978592
0.10366524010896683
0.10391546040773392
0.1046157255768776
0.1035957783460617
0.10319770127534866
0.10407273471355438
0.10361407697200775
0.10294543951749802
0.10340018570423126
0.103395476937294
0.10289601981639862
0.10299672186374664
0.10318978130817413
0.10291844606399536
0.1027550920844078
0.10293853282928467
0.10294094681739807
0.10271364450454712
0.10282838344573975
0.10308821499347687
0.10325106978416443
0.10353311896324158
0.10432752221822739
0.10485231876373291
0.10493741929531097
0.1037549152970314
0.1029173731803894
0.1030501201748848
0.10324424505233765
0.103250652551651
0.10326047241687775
0.10312403738498688
0.1026802584528923
0.1025896742939949
0.10291749984025955
0.1029973030090332
0.10269129276275635
0.10238438844680786
0.10250856727361679
0.10262605547904968
0.10248711705207825
0.10250374674797058
0.10276670008897781
0.10316526889801025
0.1036132201552391
0.10469068586826324
0.10584419965744019
0.10687272995710373
0.10488112270832062
0.10263627767562866
0.10330373793840408
0.10446128994226456
0.10378418117761612
0.1031302735209465
0.10445551574230194
0.10577282309532166
0.10721120238304138
0.10965525358915329
0.11539715528488159
0.112120121717453
0.1068238690495491
0.10575347393751144
0.1092565730214119
0.108330637216568
0.10480965673923492
0.10672818124294281
0.10671103000640869
0.10429687798023224
0.10514603555202484
0.1056731641292572
0.10405095666646957
0.1042417362332344
0.10465840250253677
0.10364656150341034
0.10392699390649796
0.10388699173927307
0.10349760949611664
0.10369362682104111
0.10345438122749329
0.10412745177745819
0.10488444566726685
0.10736499726772308
0.11175988614559174
0.11814983189105988
0.11387956142425537
0.10845132172107697
0.10535286366939545
0.10975879430770874
0.10995277762413025
0.10403513163328171
0.10701268166303635
0.10843373090028763
0.10479272902011871
0.10548900812864304
0.10602609813213348
0.10530893504619598
0.10421910881996155
0.10482211410999298
0.10472552478313446
0.10373484343290329
0.10428091883659363
0.1038891077041626
0.10434240102767944
0.1041971743106842
0.10525915771722794
0.10678492486476898
0.10854876041412354
0.10897202789783478
0.10778829455375671
0.10439098626375198
0.10471240431070328
0.10542028397321701
0.10518747568130493
0.10434126853942871
0.10394144058227539
0.10446777939796448
0.10375165939331055
0.1037147268652916
0.10378339886665344
0.10361276566982269
0.10312651842832565
0.10289864242076874
0.1034359335899353
0.10306480526924133
0.102789506316185
0.10265392065048218
0.10267546027898788
0.10278285294771194
0.10239696502685547
0.10241055488586426
0.10251270234584808
0.10249117016792297
0.10249311476945877
0.10243505239486694
0.10266224294900894
0.10296201705932617
0.10344699770212173
0.10370384156703949
0.1038648784160614
0.10349541902542114
0.10308179259300232
0.1024513989686966
0.10234333574771881
0.10263890027999878
0.10277058184146881
0.10270605981349945
0.10218803584575653
0.10194870084524155
0.10219518840312958
0.1024133488535881
0.10240396857261658
0.10205632448196411
0.10183568298816681
0.10188329219818115
0.10199989378452301
0.10205256938934326
0.10190986096858978
0.10180327296257019
0.10186582058668137
0.10198666155338287
0.10203801095485687
0.1020161509513855
0.1018807664513588
0.10183385759592056
0.10206823796033859
0.1025996282696724
0.10311515629291534
0.10378236323595047
0.10371037572622299
0.10355022549629211
0.10332562774419785
0.10383933037519455
0.10395041853189468
0.10320892930030823
0.1029006838798523
0.10346290469169617
0.10349967330694199
0.10236181318759918
0.10201455652713776
0.1027711033821106
0.10282258689403534
0.1022653579711914
0.10223019868135452
0.10317078232765198
0.1036522388458252
0.10381031036376953
0.10459742695093155
0.10628335177898407
0.10530238598585129
0.10360077023506165
0.10275910794734955
0.10342863947153091
0.10369618982076645
0.10287703573703766
0.10294264554977417
0.10341188311576843
0.10276059806346893
0.10186569392681122
0.10237501561641693
0.10270163416862488
0.10206634551286697
0.10196397453546524
0.10232967883348465
0.10235008597373962
0.10207416117191315
0.10212186723947525
0.1023634746670723
0.10257796943187714
0.10246621072292328
0.10262224078178406
0.10285815596580505
0.10297005623579025
0.10224346816539764
0.10167774558067322
0.10180547833442688
0.101871557533741
0.10177478194236755
0.10192830860614777
0.10216295719146729
0.10226106643676758
0.1024068295955658
0.10210000723600388
0.10192666202783585
0.10207744687795639
0.10202954709529877
0.10167728364467621
0.10154060274362564
0.1016465574502945
0.10191985219717026
0.1023474931716919
0.10259676724672318
0.10328719019889832
0.1041269451379776
0.10505920648574829
0.10403940081596375
0.10240913182497025
0.10182291269302368
0.10277717560529709
0.10329978168010712
0.10265254974365234
0.10232549905776978
0.10267697274684906
0.1031491607427597
0.10249599814414978
0.10161063075065613
0.10222886502742767
0.1028914749622345
0.10230344533920288
0.10267230868339539
0.10348870605230331
0.1038375273346901
0.10351822525262833
0.10327956825494766
0.10305052250623703
0.10413292795419693
0.10413900017738342
0.10361745208501816
0.10374929010868073
0.10352528095245361
0.10221803188323975
0.10231969505548477
0.10291153192520142
0.10299693793058395
0.10321955382823944
0.10330790281295776
0.10533308982849121
0.10746404528617859
0.11053457856178284
0.10876838862895966
0.10770763456821442
0.10671992599964142
0.10805435478687286
0.10643035173416138
0.10450436919927597
0.1056976169347763
0.10599653422832489
0.10505062341690063
0.10369734466075897
0.10522863268852234
0.10562387108802795
0.10502904653549194
0.10584871470928192
0.10708363354206085
0.10726018995046616
0.10887931287288666
0.105378657579422
0.1047436073422432
0.10493935644626617
0.1032465249300003
0.10450601577758789
0.10444053262472153
0.10462908446788788
0.10440587997436523
0.10290371626615524
0.10286619514226913
0.10301241278648376
0.10272272676229477
0.10277672857046127
0.10217121988534927
0.10234425961971283
0.10268282145261765
0.10281610488891602
0.10358552634716034
0.10439088940620422
0.10707148909568787
0.1085049957036972
0.10940948128700256
0.10524918138980865
0.10237155109643936
0.1040792316198349
0.1056203693151474
0.10385683178901672
0.10256882011890411
0.10387987643480301
0.10399892926216125
0.10268013924360275
0.10213088244199753
0.10291802883148193
0.10292106866836548
0.1018383651971817
0.10198719799518585
0.10240468382835388
0.10207700729370117
0.10182871669530869
0.10176604241132736
0.10211212933063507
0.10239771008491516
0.1025378555059433
0.10394534468650818
0.10615956038236618
0.10991843044757843
0.10940289497375488
0.10640500485897064
0.10251892358064651
0.10492654889822006
0.10752487182617188
0.10485885292291641
0.10334660857915878
0.10443290323019028
0.10509418696165085
0.10372307151556015
0.10236918926239014
0.10359074175357819
0.10365723073482513
0.10273199528455734
0.10222536325454712
0.10235154628753662
0.10300546884536743
0.10227450728416443
0.10175994038581848
0.10208598524332047
0.1019676998257637
0.10212813317775726
0.10182418674230576
0.10146462917327881
0.10160260647535324
0.10153745114803314
0.10164500772953033
0.10153749585151672
0.10129354894161224
0.10139564424753189
0.10140661895275116
0.10172958672046661
0.10230306535959244
0.10340778529644012
0.10490483045578003
0.10735462605953217
0.10763154923915863
0.1080155223608017
0.10571802407503128
0.1056550070643425
0.10717784613370895
0.10588710010051727
0.10500402003526688
0.10465039312839508
0.10452759265899658
0.10508208721876144
0.10482096672058105
0.10448009520769119
0.10313551872968674
0.10322590172290802
0.10447919368743896
0.10309158265590668
0.1017783135175705
0.10251828283071518
0.10295262187719345
0.10244003683328629
0.10186252743005753
0.1019582524895668
0.10212266445159912
0.1016831174492836
0.10148096829652786
0.10173999518156052
0.1017753928899765
0.10155799239873886
0.10142239183187485
0.10155396163463593
0.101902075111866
0.10196586698293686
0.10220973193645477
0.10270415246486664
0.10343727469444275
0.10296635329723358
0.10193731635808945
0.10115964710712433
0.10151204466819763
0.10192415863275528
0.10154593735933304
0.10129215568304062
0.1015404760837555
0.10161039233207703
0.10124707967042923
0.1010926142334938
0.1013186126947403
0.10182776302099228
0.10217392444610596
0.10261806845664978
0.10325773060321808
0.10412049293518066
0.10367429256439209
0.10352466255426407
0.10432802885770798
0.10683344304561615
0.10599088668823242
0.10257566720247269
0.1018616259098053
0.10416721552610397
0.1030905693769455
0.10167265683412552
0.10268192738294601
0.10250521451234818
0.1018974632024765
0.10263914614915848
0.10323558002710342
0.10523416101932526
0.10817849636077881
0.11418680846691132
0.11481916904449463
0.1129627376794815
0.10316596925258636
0.1056206077337265
0.11139330267906189
0.10607752203941345
0.10508496314287186
0.10596887767314911
0.10473214089870453
0.10575667023658752
0.10392052680253983
0.10313868522644043
0.10452176630496979
0.10339735448360443
0.10335661470890045
0.10328705608844757
0.10267274081707001
0.10332909226417542
0.10326706618070602
0.10377009212970734
0.10411114990711212
0.1038944348692894
0.10377441346645355
0.10278250277042389
0.1027693971991539
0.1038305014371872
0.10683976113796234
0.11405734717845917
0.13359369337558746
0.13847686350345612
0.13706305623054504
0.10974545776844025
0.13017535209655762
0.15338833630084991
0.13073624670505524
0.1505012810230255
0.14039170742034912
0.12783518433570862
0.12486331164836884
0.12819208204746246
0.1250244677066803
0.12122579663991928
0.13561122119426727
0.1573125422000885
0.3248511850833893
0.24181394279003143
0.19992294907569885
0.15189409255981445
0.2211686670780182
0.2786642014980316
0.19338491559028625
0.23802605271339417
0.22086872160434723
0.1903337985277176
0.21672323346138
0.17769268155097961
0.19248735904693604
0.176282599568367
0.18346145749092102
0.24464786052703857
0.40695852041244507
0.23648397624492645
0.1803298443555832
0.236873060464859
0.18286333978176117
0.1845463663339615
0.18072852492332458
0.17664502561092377
0.1748691201210022
0.15628427267074585
0.15485483407974243
0.15334391593933105
0.15681149065494537
0.16139328479766846
0.16683518886566162
0.17996913194656372
0.1476064920425415
0.14001721143722534
0.1466113030910492
0.13874226808547974
0.14152611792087555
0.13515964150428772
0.12929083406925201
0.13536997139453888
0.12908610701560974
0.12767179310321808
0.1280856430530548
0.12423937022686005
0.12412656843662262
0.12371458113193512
0.12133288383483887
0.12141932547092438
0.12051762640476227
0.11929944157600403
0.11951655894517899
0.12001538276672363
0.1224270835518837
0.13318747282028198
0.14411461353302002
0.16357257962226868
0.12769876420497894
0.12177123129367828
0.13761165738105774
0.11828991025686264
0.12787261605262756
0.12856130301952362
0.11816157400608063
0.12836842238903046
0.11851796507835388
0.12148673832416534
0.11956226825714111
0.11724305897951126
0.11939758062362671
0.11493494361639023
0.11872413754463196
0.1142602264881134
0.11601141095161438
0.11465608328580856
0.11355219036340714
0.1145382821559906
0.11227273941040039
0.11379632353782654
0.11193612962961197
0.11228868365287781
0.11198028922080994
0.11104922741651535
0.11166955530643463
0.11039231717586517
0.11090671271085739
0.11029782146215439
0.10997557640075684
0.1101590171456337
0.10940416157245636
0.10962032526731491
0.10924391448497772
0.10895562171936035
0.1090666800737381
0.10856696963310242
0.10862477868795395
0.10844705998897552
0.10815545171499252
0.10820282250642776
0.10794530808925629
0.10779209434986115
0.10778110474348068
0.10755246877670288
0.10747556388378143
0.10745120048522949
0.10730455815792084
0.10735264420509338
0.10752281546592712
0.10786772519350052
0.1085764467716217
0.10991102457046509
0.11035953462123871
0.11034439504146576
0.10807524621486664
0.10658211261034012
0.10737810283899307
0.10820004343986511
0.10748781263828278
0.10636524856090546
0.10672370344400406
0.10731719434261322
0.10679346323013306
0.10614215582609177
0.10618836432695389
0.1065601110458374
0.10643182694911957
0.10584363341331482
0.10575607419013977
0.10604739934206009
0.1059943288564682
0.1057284027338028
0.10550618171691895
0.10543110221624374
0.10551236569881439
0.10559161007404327
0.105484738945961
0.10523390769958496
0.10509887337684631
0.10506224632263184
0.10504510253667831
0.10508789867162704
0.10514172911643982
0.10514773428440094
0.1050916537642479
0.10506433993577957
0.10495945811271667
0.10479066520929337
0.1046346127986908
0.10455858707427979
0.10450700670480728
0.10446468740701675
0.10447584092617035
0.10453394055366516
0.10465705394744873
0.10489732772111893
0.10545352101325989
0.10609794408082962
0.10697600245475769
0.10676754266023636
0.10589107125997543
0.1045006662607193
0.10441458970308304
0.10529544949531555
0.10536125302314758
0.10462692379951477
0.1040748879313469
0.10447107255458832
0.1048818975687027
0.10446944832801819
0.10399452596902847
0.10405391454696655
0.10428081452846527
0.10424762964248657
0.10399471968412399
0.10386912524700165
0.10386718809604645
0.10388168692588806
0.10388289391994476
0.10380777716636658
0.10372904688119888
0.10369511693716049
0.10367345809936523
0.10355561971664429
0.10342130064964294
0.10342399775981903
0.10351292043924332
0.10354574769735336
0.10352258384227753
0.10363361239433289
0.103990338742733
0.10476446896791458
0.10562051087617874
0.10685484111309052
0.1066208928823471
0.10566668212413788
0.10406674444675446
0.1041722372174263
0.10501519590616226
0.10445666313171387
0.10384044051170349
0.10403687506914139
0.10400064289569855
0.1035858541727066
0.10367859899997711
0.10388137400150299
0.1033569872379303
0.10313501954078674
0.1035752147436142
0.10345243662595749
0.10302676260471344
0.10309574007987976
0.10318135470151901
0.10292885452508926
0.10290779918432236
0.10305096209049225
0.10291449725627899
0.10283252596855164
0.10298942029476166
0.10305920243263245
0.10301204025745392
0.10326588153839111
0.10366001725196838
0.10403948277235031
0.10404699295759201
0.10408597439527512
0.10357010364532471
0.10284308344125748
0.10258298367261887
0.10302431136369705
0.10331328958272934
0.10303628444671631
0.10281851142644882
0.10271570086479187
0.10255034267902374
0.10251985490322113
0.10273152589797974
0.1028328463435173
0.10261820256710052
0.10247357189655304
0.10245770215988159
0.1023513600230217
0.10221244394779205
0.10226865857839584
0.1023833304643631
0.10237210243940353
0.10241709649562836
0.10265380144119263
0.10308922827243805
0.10346715152263641
0.10405831038951874
0.1042327955365181
0.10403446853160858
0.10282637178897858
0.1022133156657219
0.10277236253023148
0.10310116410255432
0.10274544358253479
0.10240647941827774
0.10261009633541107
0.10258510708808899
0.10225460678339005
0.10223361849784851
0.10232526063919067
0.10218942165374756
0.10215402394533157
0.10228631645441055
0.10215002298355103
0.1019546315073967
0.10208215564489365
0.10229562968015671
0.10224464535713196
0.10228903591632843
0.1026652604341507
0.10330119729042053
0.10357755422592163
0.10386760532855988
0.10351583361625671
0.10288016498088837
0.10204894840717316
0.10216629505157471
0.1027534231543541
0.10248459875583649
0.1019742488861084
0.10210715234279633
0.10243193060159683
0.10213189572095871
0.10173437744379044
0.10183889418840408
0.10192937403917313
0.10174410045146942
0.10171802341938019
0.1017993837594986
0.10166096687316895
0.10156579315662384
0.10175590217113495
0.10197341442108154
0.10218941420316696
0.10319831222295761
0.1053771823644638
0.11006588488817215
0.11267483979463577
0.11464980989694595
0.10684239119291306
0.10433942079544067
0.1079874038696289
0.10614361613988876
0.10383258759975433
0.10512825101613998
0.10484973341226578
0.10332261025905609
0.10381560027599335
0.10400764644145966
0.10290691256523132
0.10319241881370544
0.10330051183700562
0.10251671820878983
0.1028221920132637
0.10274693369865417
0.10219475626945496
0.10252787172794342
0.10236148536205292
0.10198570787906647
0.10221290588378906
0.1020960882306099
0.1018645390868187
0.1019161269068718
0.10199200361967087
0.10190803557634354
0.10192787647247314
0.10228312760591507
0.10267733037471771
0.1028212308883667
0.10348518937826157
0.10332971811294556
0.10247612744569778
0.10168206691741943
0.1016586422920227
0.10192122310400009
0.10211285203695297
0.10206390172243118
0.10160258412361145
0.10131441056728363
0.10144683718681335
0.10170015692710876
0.10161003470420837
0.10128523409366608
0.10124990344047546
0.10123653709888458
0.10115445405244827
0.10125597566366196
0.10131949186325073
0.10123378783464432
0.10111021250486374
0.10105188190937042
0.10101626068353653
0.10095798224210739
0.10087171941995621
0.10087890923023224
0.10095153748989105
0.10096382349729538
0.10104422271251678
0.10131189227104187
0.101858951151371
0.10254976153373718
0.10369190573692322
0.1039690226316452
0.10370666533708572
0.10191283375024796
0.10101976245641708
0.10186479985713959
0.10252699255943298
0.10192207992076874
0.10090592503547668
0.10127681493759155
0.10196500271558762
0.10148685425519943
0.10087426006793976
0.1009913980960846
0.1013152077794075
0.10123151540756226
0.1008673831820488
0.10084006935358047
0.10099619626998901
0.10090412199497223
0.10078351199626923
0.1008012518286705
0.10075908154249191
0.1006438210606575
0.10064585506916046
0.1007203459739685
0.10069882869720459
0.10058671236038208
0.10048588365316391
0.10051289200782776
0.10059697926044464
0.10061466693878174
0.10065770894289017
0.10093215107917786
0.10144680738449097
0.10239776968955994
0.10354308784008026
0.10593808442354202
0.10776053369045258
0.11044164001941681
0.10625148564577103
0.10311819612979889
0.10569113492965698
0.1069527193903923
0.1041760966181755
0.10181275755167007
0.10426226258277893
0.10428731888532639
0.10208845138549805
0.10339223593473434
0.10316240787506104
0.10142600536346436
0.10279399901628494
0.10257737338542938
0.101111501455307
0.10210750252008438
0.1019064262509346
0.10102950036525726
0.10175909847021103
0.10143759101629257
0.10095477104187012
0.10144217312335968
0.10105761885643005
0.10083046555519104
0.10110274702310562
0.10082529485225677
0.10070059448480606
0.10085248202085495
0.100674569606781
0.10057733207941055
0.1006878912448883
0.10065284371376038
0.10062925517559052
0.10096624493598938
0.10140986740589142
0.10227293521165848
0.10353367030620575
0.10535147041082382
0.10433385521173477
0.1021842360496521
0.10075373947620392
0.10172505676746368
0.10273176431655884
0.10168369859457016
0.10067808628082275
0.10121015459299088
0.10166124999523163
0.10101602226495743
0.10047361254692078
0.10090300440788269
0.10119381546974182
0.10065287351608276
0.10028563439846039
0.10063130408525467
0.10076522827148438
0.10039670020341873
0.1002272218465805
0.10038918256759644
0.10038169473409653
0.1002926379442215
0.10026787966489792
0.10018820315599442
0.10011430829763412
0.10008620470762253
0.1001291275024414
0.10018838942050934
0.1000945121049881
0.0999809056520462
0.09999552369117737
0.10000869631767273
0.09994012117385864
0.09989169985055923
0.09989094734191895
0.09992185980081558
0.09999187290668488
0.1001073569059372
0.10032470524311066
0.10083736479282379
0.101467564702034
0.10213275998830795
0.10221605747938156
0.10320840030908585
0.10571001470088959
0.11202545464038849
0.11082710325717926
0.1054806113243103
0.10182749480009079
0.10633188486099243
0.1061897724866867
0.10266200453042984
0.10711643844842911
0.10614049434661865
0.10343486070632935
0.10695768147706985
0.10671581327915192
0.10288029909133911
0.10500042140483856
0.10255502164363861
0.10200871527194977
0.10431165993213654
0.1018097773194313
0.1025206670165062
0.10243775695562363
0.10092413425445557
0.10199657827615738
0.10124339908361435
0.10096615552902222
0.10159522294998169
0.10086099058389664
0.10122817009687424
0.10150624811649323
0.10123923420906067
0.10201890766620636
0.10196992009878159
0.10207027196884155
0.10185597836971283
0.10116232931613922
0.10050982981920242
0.10046562552452087
0.10061970353126526
0.10084456205368042
0.10086807608604431
0.10058018565177917
0.10026127099990845
0.10004298388957977
0.10019034892320633
0.1002262756228447
0.10025057196617126
0.10041806101799011
0.10019581019878387
0.10004839301109314
0.10003118216991425
0.09984484314918518
0.099741131067276
0.09979121387004852
0.09976669400930405
0.09978798031806946
0.09989776462316513
0.10001570731401443
0.10030364245176315
0.10060977935791016
0.10105080902576447
0.10126382112503052
0.10126475989818573
0.10040108114480972
0.09975069016218185
0.09981915354728699
0.10020075738430023
0.1004410833120346
0.10018348693847656
0.09977876394987106
0.09959916770458221
0.09973002970218658
0.09994018822908401
0.09998466074466705
0.09980691969394684
0.09949463605880737
0.09944653511047363
0.09958348423242569
0.09965802729129791
0.09968473017215729
0.09964058548212051
0.09960256516933441
0.09954202175140381
0.09942544996738434
0.09932813793420792
0.09935682266950607
0.09941606223583221
0.09942734986543655
0.09944242984056473
0.09948548674583435
0.099647656083107
0.0999806597828865
0.10066430270671844
0.10156439989805222
0.10339042544364929
0.10437577962875366
0.10426539182662964
0.1009678989648819
0.09980720281600952
0.10185235738754272
0.10188029706478119
0.10030833631753922
0.1003199890255928
0.10143909603357315
0.10100807249546051
0.10038292407989502
0.10123683512210846
0.10174883157014847
0.10090237855911255
0.10138601064682007
0.10163263976573944
0.10032646358013153
0.09970507025718689
0.10040116310119629
0.10004933178424835
0.09976471215486526
0.1003752201795578
0.1002197265625
0.0998542383313179
0.09992463141679764
0.09989503026008606
0.09956535696983337
0.09945902973413467
0.09955205768346786
0.09945277869701385
0.09929239749908447
0.09941690415143967
0.09949661791324615
0.09938322752714157
0.09960100799798965
0.100078284740448
0.10071760416030884
0.10163909941911697
0.10348368436098099
0.10378268361091614
0.10274718701839447
0.1001066043972969
0.09992213547229767
0.10138501971960068
0.10133005678653717
0.1005641371011734
0.10013458877801895
0.10014979541301727
0.10019238293170929
0.10025012493133545
0.10013145953416824
0.09949378669261932
0.09957563877105713
0.10015411674976349
0.09973092377185822
0.09925483167171478
0.09947188198566437
0.09949988126754761
0.09929986298084259
0.09937212616205215
0.09948131442070007
0.09936933219432831
0.09923326969146729
0.09917987883090973
0.09922797977924347
0.09916643798351288
0.09902314841747284
0.09906695783138275
0.09916006773710251
0.09907834231853485
0.0990779921412468
0.09923815727233887
0.09940091520547867
0.0995301827788353
0.09973180294036865
0.09984330832958221
0.10020704567432404
0.10088230669498444
0.10306639969348907
0.10699912905693054
0.11557364463806152
0.11350096762180328
0.10597222298383713
0.10077393054962158
0.10795356333255768
0.10753343999385834
0.10179447382688522
0.10848638415336609
0.11018335819244385
0.11321201920509338
0.12551163136959076
0.1409737765789032
0.11618365347385406
0.11132983863353729
0.1187768429517746
0.1104711964726448
0.11393165588378906
0.11187653243541718
0.1065078005194664
0.1143147274851799
0.10663798451423645
0.10570089519023895
0.10931466519832611
0.104597307741642
0.1067514419555664
0.1051880419254303
0.10442964732646942
0.10531749576330185
0.10501798987388611
0.1064557284116745
0.10960322618484497
0.1124207153916359
0.11973985284566879
0.11531288176774979
0.11053617298603058
0.10520519316196442
0.11051621288061142
0.10936043411493301
0.10503757745027542
0.10599560290575027
0.10700829327106476
0.10554026067256927
0.10303526371717453
0.10481447726488113
0.1038811057806015
0.10331913083791733
0.1023557186126709
0.10316178947687149
0.10296140611171722
0.1020662859082222
0.10202270746231079
0.1016545370221138
0.10196904838085175
0.1016835942864418
0.10141933709383011
0.10125134140253067
0.10098486393690109
0.10101538896560669
0.10077877342700958
0.10078166425228119
0.10066576302051544
0.10069166123867035
0.10065686702728271
0.10042086243629456
0.10041707009077072
0.10009819269180298
0.10016067326068878
0.10001086443662643
0.10001073777675629
0.09997653216123581
0.09981251507997513
0.09981749951839447
0.09969768673181534
0.09979547560214996
0.09988763928413391
0.10015343129634857
0.10069401562213898
0.10131334513425827
0.10241775959730148
0.10255155712366104
0.10228551924228668
0.10073795914649963
0.10017870366573334
0.10093361139297485
0.10119955241680145
0.10037025064229965
0.09956719726324081
0.10009411722421646
0.10061512142419815
0.09994632005691528
0.09934015572071075
0.09969093650579453
0.09997725486755371
0.0996275395154953
0.0992049053311348
0.09937943518161774
0.0996699258685112
0.09942491352558136
0.09909823536872864
0.09913278371095657
0.09931686520576477
0.09930738806724548
0.0990741103887558
0.09895099699497223
0.09903735667467117
0.09912397712469101
0.09906615316867828
0.0989222601056099
0.09884707629680634
0.09887118637561798
0.09893946349620819
0.0989474505186081
0.09888105094432831
0.09879553318023682
0.09874001145362854
0.09874992817640305
0.0988093689084053
0.0989173874258995
0.09915401041507721
0.09962065517902374
0.10073545575141907
0.10222721099853516
0.10419543087482452
0.10280470550060272
0.10002076625823975
0.0993671715259552
0.10122635960578918
0.1012267917394638
0.09955686330795288
0.1003531664609909
0.10120747983455658
0.09979243576526642
0.09941599518060684
0.10041435062885284
0.09967189282178879
0.09896240383386612
0.09958180040121078
0.09941775351762772
0.0988338440656662
0.09915002435445786
0.09927407652139664
0.09889357537031174
0.09892894327640533
0.09920594096183777
0.09915284812450409
0.09912034869194031
0.09960880875587463
0.09993007034063339
0.10006550699472427
0.0999751016497612
0.10000087320804596
0.09934646636247635
0.09868711233139038
0.09880278259515762
0.0992627814412117
0.0992824137210846
0.09892599284648895
0.09882528334856033
0.09880293905735016
0.09867747128009796
0.09869472682476044
0.09881767630577087
0.09885026514530182
0.09866277873516083
0.09849050641059875
0.0985093042254448
0.09859062731266022
0.09851978719234467
0.09840374439954758
0.09844759851694107
0.09851483255624771
0.09848868101835251
0.09848940372467041
0.09864408522844315
0.09899863600730896
0.09976255893707275
0.10065945982933044
0.10196483135223389
0.10210207104682922
0.10169577598571777
0.09986437857151031
0.09922769665718079
0.10025244951248169
0.10052842646837234
0.09958139061927795
0.09873265027999878
0.09940332174301147
0.099960096180439
0.09916389733552933
0.09862774610519409
0.09902985394001007
0.09926481544971466
0.09888056665658951
0.0984703078866005
0.09870517253875732
0.09897807240486145
0.09864887595176697
0.09837277978658676
0.09852002561092377
0.09861969947814941
0.0985482782125473
0.09840589016675949
0.09829335659742355
0.0983792245388031
0.09850984811782837
0.09849625825881958
0.09853124618530273
0.09891238808631897
0.09951315075159073
0.100552998483181
0.10123099386692047
0.10137832164764404
0.09981778264045715
0.09913703799247742
0.0998583510518074
0.10031114518642426
0.09942327439785004
0.09868104010820389
0.0991646945476532
0.09951451420783997
0.09881144016981125
0.09839719533920288
0.0988665446639061
0.09893118590116501
0.0984283983707428
0.0984300896525383
0.09878015518188477
0.09875302761793137
0.09869961440563202
0.09950198233127594
0.10083389282226562
0.10310128331184387
0.10479818284511566
0.10700412839651108
0.10400459170341492
0.10071911662817001
0.10043250769376755
0.10282384604215622
0.10296503454446793
0.09957899153232574
0.09981018304824829
0.10195618867874146
0.10025016218423843
0.09897144883871078
0.10023704171180725
0.10001583397388458
0.09895728528499603
0.09932106733322144
0.09952341020107269
0.09906478971242905
0.09896213561296463
0.09894788265228271
0.09898006916046143
0.0988822728395462
0.09857573360204697
0.09881448745727539
0.09896225482225418
0.09883362054824829
0.09932427853345871
0.10024426877498627
0.1008235439658165
0.10167770832777023
0.10089831054210663
0.0997028723359108
0.09911136329174042
0.09922289848327637
0.09928341209888458
0.09948502480983734
0.0993841215968132
0.09865148365497589
0.09862721711397171
0.09890220314264297
0.09893101453781128
0.09887199103832245
0.09835940599441528
0.09827101230621338
0.09859433770179749
0.09852679818868637
0.09844502806663513
0.09834910929203033
0.09821997582912445
0.09823372960090637
0.09818131476640701
0.09809251129627228
0.09813854098320007
0.09819529205560684
0.09824035316705704
0.09829862415790558
0.09831798076629639
0.09850095212459564
0.09878216683864594
0.09915212541818619
0.09926211088895798
0.09912489354610443
0.09854058921337128
0.09835946559906006
0.09890390932559967
0.09950073063373566
0.1002984419465065
0.10078100860118866
0.10149455070495605
0.10076354444026947
0.09947781264781952
0.09878946840763092
0.09981334954500198
0.10071922838687897
0.09929829090833664
0.09855515509843826
0.09934699535369873
0.09937724471092224
0.09892342984676361
0.09884138405323029
0.09893660992383957
0.09875224530696869
0.09828582406044006
0.09826275706291199
0.09858572483062744
0.09837982803583145
0.09814731031656265
0.09829667210578918
0.09826964139938354
0.09815552085638046
0.09804932028055191
0.09800248593091965
0.09808506071567535
0.09799717366695404
0.09784064441919327
0.09791664034128189
0.09796086698770523
0.09792813658714294
0.09812024235725403
0.09892436116933823
0.10133354365825653
0.10907505452632904
0.12020744383335114
0.14111411571502686
0.12361162155866623
0.11437247693538666
0.12114027142524719
0.12407909333705902
0.11956285685300827
0.11051569879055023
0.11737877130508423
0.11240121722221375
0.10797931998968124
0.117125503718853
0.11438268423080444
0.13090448081493378
0.15655840933322906
0.19340667128562927
0.12876300513744354
0.13607867062091827
0.1405947208404541
0.12598788738250732
0.13341660797595978
0.12072937190532684
0.1237838864326477
0.12726104259490967
0.12668539583683014
0.15538343787193298
0.1945679485797882
0.28128623962402344
0.13171619176864624
0.19600534439086914
0.22776693105697632
0.17688480019569397
0.21115131676197052
0.180146723985672
0.1546390950679779
0.16591057181358337
0.15172499418258667
0.14975124597549438
0.14409711956977844
0.1423071026802063
0.1526022106409073
0.2241872251033783
0.32605060935020447
0.4878270626068115
0.1805177927017212
0.41384291648864746
0.41151511669158936
0.2748776078224182
0.4337243437767029
0.36383798718452454
0.2970924377441406
0.3445664644241333
0.29232174158096313
0.2630629241466522
0.28206539154052734
0.23254597187042236
0.22446200251579285
0.2170897126197815
0.21782052516937256
0.19411341845989227
0.17789006233215332
0.18025660514831543
0.17096735537052155
0.173854798078537
0.17430385947227478
0.18948903679847717
0.1820535808801651
0.17932705581188202
0.14757861196994781
0.15585766732692719
0.16639511287212372
0.1474510133266449
0.14384356141090393
0.14819110929965973
0.14377370476722717
0.13640296459197998
0.13614195585250854
0.1384170949459076
0.13320225477218628
0.13023634254932404
0.1305011808872223
0.12956491112709045
0.12959834933280945
0.12634894251823425
0.12459935247898102
0.12433375418186188
0.12317892163991928
0.12378264963626862
0.12317055463790894
0.12194907665252686
0.12127020955085754
0.11949997395277023
0.11881659924983978
0.11835518479347229
0.1175626590847969
0.11762398481369019
0.11733528971672058
0.11752219498157501
0.11785996705293655
0.11860168725252151
0.11869299411773682
0.11921513080596924
0.1168215423822403
0.11479659378528595
0.1138848140835762
0.11460672318935394
0.11534848064184189
0.11434567719697952
0.11299602687358856
0.1126675233244896
0.11283861100673676
0.11299481242895126
0.11264868080615997
0.11203715950250626
0.11151063442230225
0.11131427437067032
0.11123839020729065
0.11130665987730026
0.11134403198957443
0.11094102263450623
0.1104675680398941
0.11012838035821915
0.10990715026855469
0.10982763767242432
0.10969562828540802
0.1095561757683754
0.10950416326522827
0.10969041287899017
0.10994718968868256
0.11046352237462997
0.1109328642487526
0.11170753836631775
0.1115102618932724
0.11097585409879684
0.10922976583242416
0.10842776298522949
0.10914450883865356
0.10964753478765488
0.1090223640203476
0.10795963555574417
0.10803898423910141
0.10862215608358383
0.1084296777844429
0.10788276791572571
0.107605941593647
0.1077008843421936
0.10767623782157898
0.10740470141172409
0.10732516646385193
0.10739943385124207
0.10726258903741837
0.10687804222106934
0.10669315606355667
0.106796495616436
0.10681462287902832
0.10663512349128723
0.10648107528686523
0.10653072595596313
0.10671226680278778
0.1070106104016304
0.10739202052354813
0.10841597616672516
0.10963702946901321
0.11143110692501068
0.11013482511043549
0.10746453702449799
0.10615730285644531
0.10763783752918243
0.1080562025308609
0.10663856565952301
0.10674253851175308
0.10701462626457214
0.10612135380506516
0.10621018707752228
0.10665108263492584
0.1059555783867836
0.10556834936141968
0.10593608021736145
0.10574913024902344
0.10545782744884491
0.10557106882333755
0.10546524077653885
0.10527223348617554
0.10520005226135254
0.10513000190258026
0.10505056381225586
0.1049705371260643
0.10485215485095978
0.10481937229633331
0.1048102080821991
0.10466878861188889
0.10457553714513779
0.10462337732315063
0.1046057716012001
0.10453183948993683
0.10473328083753586
0.1054045781493187
0.10717631876468658
0.11040189862251282
0.118003711104393
0.1191934198141098
0.11605150997638702
0.10553552955389023
0.11061076074838638
0.11492548137903214
0.10594608634710312
0.10972335934638977
0.11211969703435898
0.10551463812589645
0.1103510633111
0.10931594669818878
0.10583718121051788
0.10987867414951324
0.10640624165534973
0.10677202045917511
0.10768801718950272
0.105110302567482
0.10704614222049713
0.10532015562057495
0.10555995255708694
0.10601566731929779
0.10449174791574478
0.10583031177520752
0.10464902967214584
0.10475204885005951
0.10506847500801086
0.10405271500349045
0.10482242703437805
0.10412430018186569
0.10414556413888931
0.10434824228286743
0.10371394455432892
0.10416039079427719
0.10377927869558334
0.10367992520332336
0.10386494547128677
0.10344338417053223
0.10361973196268082
0.10350807756185532
0.10330912470817566
0.10343335568904877
0.10325241088867188
0.10319211333990097
0.10322211682796478
0.10308392345905304
0.10304451733827591
0.10304966568946838
0.10293690860271454
0.10289932042360306
0.1029091402888298
0.102804034948349
