# adam, lr=0.01, alpha = 1000000, beta = 0.1
# best_iter: 2999, best_loss = 0.38859373331069946, imsave period = 300
27.28870391845703
20.973377227783203
15.269277572631836
11.563422203063965
9.203718185424805
7.617138385772705
6.605175018310547
5.881412506103516
5.354894161224365
4.929832458496094
4.5801777839660645
4.2835469245910645
4.018927574157715
3.784925699234009
3.5773580074310303
3.389953374862671
3.2210025787353516
3.0657029151916504
2.9228475093841553
2.792668104171753
2.6723835468292236
2.5605783462524414
2.4563236236572266
2.3586699962615967
2.267526865005493
2.1829380989074707
2.104153633117676
2.0305542945861816
1.961428165435791
1.896306037902832
1.8351788520812988
1.7777714729309082
1.7239246368408203
1.6734570264816284
1.6258833408355713
1.581207513809204
1.5392682552337646
1.499834656715393
1.4626598358154297
1.4274842739105225
1.3943846225738525
1.3632333278656006
1.3338710069656372
1.3061376810073853
1.279915690422058
1.2551919221878052
1.2318485975265503
1.209794521331787
1.1888991594314575
1.1690360307693481
1.1501872539520264
1.1322956085205078
1.1152793169021606
1.0991134643554688
1.0837255716323853
1.0690596103668213
1.0550861358642578
1.041747808456421
1.0289947986602783
1.016812801361084
1.0051836967468262
0.9940267205238342
0.9833157062530518
0.973034679889679
0.9631760120391846
0.9537469148635864
0.9446977972984314
0.9359982013702393
0.9276082515716553
0.9195146560668945
0.9117095470428467
0.904186487197876
0.8969281911849976
0.889914333820343
0.8831355571746826
0.8765740394592285
0.8702249526977539
0.8640758991241455
0.85811448097229
0.8523331880569458
0.8467461466789246
0.8413339853286743
0.8360816240310669
0.8309824466705322
0.8260331749916077
0.8212247490882874
0.8165417313575745
0.8119851350784302
0.8075512647628784
0.8032196164131165
0.7990000247955322
0.7948834896087646
0.7908724546432495
0.7869652509689331
0.7831559777259827
0.7794229984283447
0.775782585144043
0.7722252607345581
0.7687442302703857
0.7653450965881348
0.7620139122009277
0.7587478160858154
0.7555515766143799
0.7524160146713257
0.7493515014648438
0.7463517189025879
0.7434043884277344
0.7405104637145996
0.7376777529716492
0.7348984479904175
0.7321666479110718
0.7294774055480957
0.7268368601799011
0.7242446541786194
0.7217102646827698
0.7192178964614868
0.7167637348175049
0.7143561840057373
0.7119804620742798
0.7096443176269531
0.7073465585708618
0.7050818204879761
0.7028540968894958
0.700661301612854
0.6985012292861938
0.6963720321655273
0.6942787766456604
0.6922158002853394
0.6901816129684448
0.6881850361824036
0.6862156391143799
0.6842769384384155
0.6823604702949524
0.6804741024971008
0.6786092519760132
0.6767667531967163
0.6749508380889893
0.6731555461883545
0.6713853478431702
0.6696352958679199
0.6679160594940186
0.6662194728851318
0.6645444631576538
0.6628931760787964
0.6612613201141357
0.6596488952636719
0.6580618619918823
0.656494140625
0.654945969581604
0.6534197926521301
0.6519112586975098
0.6504151225090027
0.6489381194114685
0.647477388381958
0.6460303068161011
0.6446025967597961
0.6431921124458313
0.641799807548523
0.6404250860214233
0.6390668153762817
0.6377206444740295
0.6363939046859741
0.6350886821746826
0.6337957382202148
0.6325187683105469
0.6312558650970459
0.6300036311149597
0.6287647485733032
0.6275448799133301
0.6263377666473389
0.6251468658447266
0.6239669919013977
0.6227986812591553
0.6216403841972351
0.6204991340637207
0.6193724274635315
0.618255078792572
0.617146909236908
0.6160532236099243
0.6149699687957764
0.6138952970504761
0.612835168838501
0.6117843985557556
0.6107468008995056
0.6097179055213928
0.6086997985839844
0.6076912879943848
0.6066930294036865
0.6057034730911255
0.6047273278236389
0.6037596464157104
0.60279780626297
0.6018502712249756
0.6009089946746826
0.5999778509140015
0.59905606508255
0.5981419086456299
0.5972370505332947
0.5963395237922668
0.5954518914222717
0.594576358795166
0.5937075614929199
0.5928473472595215
0.5919922590255737
0.5911468863487244
0.5903104543685913
0.5894792675971985
0.5886560678482056
0.5878434181213379
0.587035059928894
0.586234986782074
0.5854423642158508
0.5846543908119202
0.5838756561279297
0.5831036567687988
0.5823373198509216
0.581576943397522
0.5808257460594177
0.580079197883606
0.5793389081954956
0.578605055809021
0.5778763890266418
0.5771565437316895
0.5764442086219788
0.5757371187210083
0.5750360488891602
0.5743393898010254
0.5736496448516846
0.5729663968086243
0.5722865462303162
0.5716133117675781
0.570948600769043
0.5702855587005615
0.5696277618408203
0.5689716339111328
0.5683236122131348
0.5676784515380859
0.5670371055603027
0.5664011240005493
0.5657674074172974
0.5651420950889587
0.5645195841789246
0.5639019012451172
0.5632869601249695
0.5626753568649292
0.5620679259300232
0.5614686608314514
0.5608696937561035
0.5602766275405884
0.5596897602081299
0.559100866317749
0.558521568775177
0.557945966720581
0.5573720932006836
0.5568044781684875
0.5562398433685303
0.5556802749633789
0.5551234483718872
0.5545687675476074
0.5540194511413574
0.5534747838973999
0.5529344081878662
0.5523963570594788
0.5518606901168823
0.5513308644294739
0.5508047938346863
0.5502815246582031
0.5497632026672363
0.5492451786994934
0.548731803894043
0.5482206344604492
0.5477133989334106
0.5472105145454407
0.5467082262039185
0.5462124347686768
0.5457178354263306
0.5452248454093933
0.5447347164154053
0.5442492961883545
0.5437652468681335
0.5432835221290588
0.5428037643432617
0.5423301458358765
0.5418577194213867
0.5413894653320312
0.5409219264984131
0.540456235408783
0.5399983525276184
0.5395402312278748
0.5390932559967041
0.538650393486023
0.5382190942764282
0.5377952456474304
0.5373913049697876
0.5369907021522522
0.5366067290306091
0.5362145900726318
0.5358241200447083
0.5353908538818359
0.5349490642547607
0.5344685316085815
0.533994734287262
0.5335184931755066
0.5330653786659241
0.5326235890388489
0.532197117805481
0.531782865524292
0.5313714146614075
0.5309719443321228
0.5305820107460022
0.5302184224128723
0.529884934425354
0.5296340584754944
0.529452919960022
0.5294044613838196
0.5293437242507935
0.5292306542396545
0.5287184715270996
0.5279456377029419
0.5270602703094482
0.5264474749565125
0.5261682868003845
0.5260617733001709
0.5259823799133301
0.525743305683136
0.5253548622131348
0.5247294902801514
0.5240796804428101
0.5234971046447754
0.5230941772460938
0.5228267312049866
0.5226303339004517
0.5225026607513428
0.5223813056945801
0.5223054885864258
0.5220695734024048
0.5216994285583496
0.5210217833518982
0.5202902555465698
0.5196647644042969
0.5192891359329224
0.5191019773483276
0.5190000534057617
0.5189640522003174
0.5188700556755066
0.5187261700630188
0.518297553062439
0.5176982879638672
0.5169569253921509
0.516360342502594
0.5159816741943359
0.5157864093780518
0.5157147645950317
0.5156733989715576
0.5157025456428528
0.5156247615814209
0.515455961227417
0.5149187445640564
0.5141969919204712
0.5133984088897705
0.5128751993179321
0.5126463770866394
0.5125864744186401
0.5126113891601562
0.5125845074653625
0.5125232338905334
0.5121904611587524
0.5116906762123108
0.5109689235687256
0.5103232860565186
0.5098731517791748
0.5096447467803955
0.5095662474632263
0.5095628499984741
0.5096932053565979
0.5098381042480469
0.5100231170654297
0.5098123550415039
0.5092536211013794
0.5082027912139893
0.5073084831237793
0.5068973302841187
0.5069279670715332
0.5071253776550293
0.5071957111358643
0.5070810317993164
0.5065605640411377
0.5058693885803223
0.5051453113555908
0.5046792030334473
0.5044783353805542
0.5044443607330322
0.5045628547668457
0.5047716498374939
0.5051547884941101
0.5053489208221436
0.5052933096885681
0.5044150948524475
0.5032410025596619
0.5022846460342407
0.5020761489868164
0.5023689866065979
0.5026601552963257
0.5027531981468201
0.5023176670074463
0.501596987247467
0.5007479786872864
0.5001971125602722
0.5000203251838684
0.5000765323638916
0.5002784132957458
0.5005068778991699
0.5007928013801575
0.5007798671722412
0.5004591941833496
0.4994947016239166
0.49849218130111694
0.49785900115966797
0.4977933168411255
0.4980548620223999
0.49831876158714294
0.4985136389732361
0.49832385778427124
0.4978550672531128
0.49698853492736816
0.496224582195282
0.4957756996154785
0.49567848443984985
0.4958130121231079
0.4960549473762512
0.49646830558776855
0.496826708316803
0.4971352219581604
0.4966959059238434
0.4957507848739624
0.49444153904914856
0.4937177300453186
0.4937695562839508
0.494182825088501
0.49458205699920654
0.49455180764198303
0.4941660165786743
0.4932841658592224
0.49245256185531616
0.4919700622558594
0.49191373586654663
0.4921215772628784
0.49242711067199707
0.4928775429725647
0.49317431449890137
0.49333471059799194
0.4926973581314087
0.49163931608200073
0.49049124121665955
0.49002838134765625
0.4902266263961792
0.4906467795372009
0.4910341203212738
0.49103471636772156
0.49068889021873474
0.4898172914981842
0.48894762992858887
0.4883965253829956
0.4883019030094147
0.48850518465042114
0.48882970213890076
0.4893040060997009
0.48967117071151733
0.48995262384414673
0.48944008350372314
0.4884418547153473
0.48717743158340454
0.4865456223487854
0.4866589903831482
0.48710545897483826
0.4875844419002533
0.48771190643310547
0.48751968145370483
0.4867042303085327
0.4857642352581024
0.4850623607635498
0.4848840832710266
0.48507535457611084
0.4854198098182678
0.48592129349708557
0.48633259534835815
0.4866996705532074
0.4863448441028595
0.485473096370697
0.48414331674575806
0.48332086205482483
0.4832838773727417
0.4837154746055603
0.4842570722103119
0.4845311939716339
0.48451656103134155
0.48382753133773804
0.48289167881011963
0.4820121228694916
0.4816620945930481
0.48178064823150635
0.4821254014968872
0.48266518115997314
0.4831807017326355
0.48370668292045593
0.48352983593940735
0.4827662706375122
0.4813138246536255
0.48030465841293335
0.4801838994026184
0.4806630611419678
0.4812853932380676
0.48158061504364014
0.4815444350242615
0.4808022379875183
0.4798232614994049
0.4789707660675049
0.4786890149116516
0.4788779616355896
0.47929075360298157
0.47989851236343384
0.480476438999176
0.48106467723846436
0.48083701729774475
0.47997939586639404
0.4784145951271057
0.4773988127708435
0.4773828983306885
0.4779767096042633
0.4786824584007263
0.47896817326545715
0.478831946849823
0.4779130220413208
0.47683778405189514
0.47606146335601807
0.47593802213668823
0.4762721359729767
0.4767858386039734
0.4775150418281555
0.47815752029418945
0.4787066578865051
0.47815072536468506
0.4768936038017273
0.47524404525756836
0.47458481788635254
0.4750034213066101
0.47578662633895874
0.4764478802680969
0.4763858914375305
0.47576266527175903
0.4745365381240845
0.4736114740371704
0.47335129976272583
0.4736378788948059
0.4742136597633362
0.47482192516326904
0.47554516792297363
0.4757741093635559
0.47553202509880066
0.4741908013820648
0.4727581739425659
0.47203463315963745
0.4722961485385895
0.4730225205421448
0.4735987186431885
0.4739137887954712
0.4734359383583069
0.4725186228752136
0.4713982045650482
0.47080180048942566
0.47082215547561646
0.4712114632129669
0.47187063097953796
0.47260183095932007
0.4734960198402405
0.4737451672554016
0.47334685921669006
0.4716324806213379
0.4700617492198944
0.4695581793785095
0.47014033794403076
0.47106993198394775
0.47155672311782837
0.47153615951538086
0.47055983543395996
0.46937114000320435
0.4685240685939789
0.46846330165863037
0.4689278304576874
0.46956631541252136
0.47041165828704834
0.4710448086261749
0.47146958112716675
0.47068914771080017
0.4692440629005432
0.4676815867424011
0.46726784110069275
0.4678722620010376
0.46872201561927795
0.46942415833473206
0.4693464934825897
0.46871417760849
0.46739763021469116
0.4664067029953003
0.4661608934402466
0.46652185916900635
0.4672146141529083
0.4679795503616333
0.4689333736896515
0.4692923426628113
0.469154953956604
0.4676327109336853
0.4659721553325653
0.4650975465774536
0.46543702483177185
0.46638429164886475
0.4671463966369629
0.4676055312156677
0.4670826494693756
0.4660258889198303
0.4646826982498169
0.4640580713748932
0.46425092220306396
0.4648496210575104
0.4656708240509033
0.46637409925460815
0.4670186936855316
0.46670106053352356
0.46571773290634155
0.4640343189239502
0.4630596339702606
0.4631845951080322
0.4639091491699219
0.46476298570632935
0.4651586413383484
0.46517515182495117
0.46425655484199524
0.4630647599697113
0.46210914850234985
0.46195971965789795
0.4623921513557434
0.4630514979362488
0.4639654755592346
0.46473485231399536
0.46543848514556885
0.46492165327072144
0.4636165201663971
0.46176618337631226
0.46098989248275757
0.4614351987838745
0.4623658061027527
0.4633025825023651
0.46352267265319824
0.46316713094711304
0.46186479926109314
0.4606097936630249
0.4600217044353485
0.4602678716182709
0.4609752893447876
0.4618239104747772
0.4629249572753906
0.4635939598083496
0.4638320207595825
0.46242988109588623
0.4605189859867096
0.4592072069644928
0.45944952964782715
0.4605414569377899
0.46140581369400024
0.4618355631828308
0.4610874652862549
0.4598346948623657
0.4585946798324585
0.45823609828948975
0.45864996314048767
0.4593988060951233
0.4603659510612488
0.46114975214004517
0.46179404854774475
0.4611327052116394
0.4597133994102478
0.45792847871780396
0.45730066299438477
0.4578777551651001
0.45884761214256287
0.4597804546356201
0.4599473476409912
0.459502637386322
0.45806050300598145
0.45681288838386536
0.4563756585121155
0.4567514955997467
0.4575774073600769
0.4584939777851105
0.45962026715278625
0.46013540029525757
0.46005722880363464
0.458310067653656
0.45641380548477173
0.45553815364837646
0.456085741519928
0.45726460218429565
0.458148330450058
0.45862168073654175
0.4578690230846405
0.45654651522636414
0.455117404460907
0.4546703100204468
0.45513617992401123
0.45596206188201904
0.45699360966682434
0.45768919587135315
0.4581611752510071
0.457333505153656
0.4558752775192261
0.4542730450630188
0.453799307346344
0.4543845057487488
0.45531970262527466
0.4563130736351013
0.4567274749279022
0.45664459466934204
0.45536720752716064
0.45391926169395447
0.4529845416545868
0.4530547857284546
0.45378902554512024
0.4547065794467926
0.4558425545692444
0.4565167725086212
0.456809937953949
0.45544490218162537
0.4535742402076721
0.4522259533405304
0.45237380266189575
0.45344024896621704
0.4544619917869568
0.4552275538444519
0.45490601658821106
0.4538872241973877
0.45225438475608826
0.4513670802116394
0.4515177309513092
0.45226383209228516
0.4532897472381592
0.4541742503643036
0.45500317215919495
0.45463624596595764
0.4534692168235779
0.45154231786727905
0.4505535364151001
0.4508668780326843
0.4518481194972992
0.4530012309551239
0.4536779224872589
0.4539411664009094
0.45281949639320374
0.4512512683868408
0.4499455690383911
0.44981974363327026
0.45055967569351196
0.4515172243118286
0.452589213848114
0.45310014486312866
0.45320308208465576
0.4518603980541229
0.4501863420009613
0.4490414559841156
0.44916048645973206
0.4500786066055298
0.45111575722694397
0.45221060514450073
0.45249125361442566
0.4521586298942566
0.4504541754722595
0.4488339424133301
0.44821205735206604
0.44874176383018494
0.44983339309692383
0.45086967945098877
0.4519452452659607
0.45199981331825256
0.4512382447719574
0.4491979479789734
0.4477456212043762
0.4476814866065979
0.44860541820526123
0.44984716176986694
0.4506833553314209
0.45116710662841797
0.4502508044242859
0.4487266540527344
0.4471829831600189
0.44682586193084717
0.4474940598011017
0.4485267996788025
0.4498134255409241
0.45068204402923584
0.4512382447719574
0.45002636313438416
0.44811612367630005
0.44641050696372986
0.4463077187538147
0.4473845958709717
0.4486280679702759
0.44975975155830383
0.4497755765914917
0.4489731192588806
0.4470592141151428
0.4457065463066101
0.4456199109554291
0.4464518129825592
0.4476662874221802
0.44870954751968384
0.44964444637298584
0.44919759035110474
0.4478839039802551
0.445840984582901
0.44487738609313965
0.4453056752681732
0.4463968873023987
0.44766154885292053
0.44839709997177124
0.448687881231308
0.4474678635597229
0.4457859992980957
0.44439536333084106
0.4443100392818451
0.4451751112937927
0.44630080461502075
0.4476122260093689
0.44833216071128845
0.4486030638217926
0.4470795691013336
0.445073664188385
0.4436902403831482
0.44389161467552185
0.44506749510765076
0.4462963938713074
0.447475403547287
0.44754499197006226
0.4468270540237427
0.44483381509780884
0.44332849979400635
0.44309794902801514
0.443893700838089
0.44514742493629456
0.44624048471450806
0.4472847580909729
0.4470128118991852
0.4458811283111572
0.44371649622917175
0.44247591495513916
0.4426979124546051
0.443777859210968
0.4451358914375305
0.44600918889045715
0.4465370178222656
0.4455050826072693
0.44381409883499146
0.4421382546424866
0.4418320059776306
0.4426213204860687
0.44371938705444336
0.4450327157974243
0.4458540678024292
0.4462839365005493
0.44490084052085876
0.4429889917373657
0.44145268201828003
0.44140684604644775
0.4424426257610321
0.4437609612941742
0.4451821446418762
0.4456404447555542
0.44531869888305664
0.4432859420776367
0.4414289593696594
0.4407101273536682
0.4413979947566986
0.44284188747406006
0.4441738724708557
0.44540515542030334
0.4451744556427002
0.44407719373703003
0.44171178340911865
0.4402463138103485
0.44050300121307373
0.4417491853237152
0.44318705797195435
0.44412145018577576
0.44474655389785767
0.443477988243103
0.44151443243026733
0.4398850202560425
0.439899206161499
0.44078099727630615
0.4418095648288727
0.4433861970901489
0.4445616602897644
0.44513189792633057
0.44348832964897156
0.4416615664958954
0.4399866759777069
0.43944501876831055
0.4402110278606415
0.44169390201568604
0.443062424659729
0.44328612089157104
0.44340255856513977
0.44218218326568604
0.44019755721092224
0.4386477470397949
0.4389687180519104
0.439892053604126
0.44060948491096497
0.44216063618659973
0.44387325644493103
0.4453382194042206
0.4442939758300781
0.44315528869628906
0.44078317284584045
0.43865856528282166
0.4387003481388092
0.4405115246772766
0.4420449137687683
0.4426504969596863
0.4436681270599365
0.4426586627960205
0.4403855502605438
0.4382614195346832
0.43835771083831787
0.438789039850235
0.4391626715660095
0.44100701808929443
0.44333288073539734
0.4460410475730896
0.4472503960132599
0.4484317898750305
0.44412678480148315
0.43928831815719604
0.43811270594596863
0.44067180156707764
0.4430745542049408
0.4444778263568878
0.4463701844215393
0.4439718723297119
0.43969279527664185
0.438005656003952
0.4393198490142822
0.43977436423301697
0.44065624475479126
0.44386816024780273
0.4448760747909546
0.4451867640018463
0.44407397508621216
0.4429170489311218
0.43877071142196655
0.4371899366378784
0.439179927110672
0.4401921331882477
0.4411104619503021
0.4428897798061371
0.444072961807251
0.4410780966281891
0.43938934803009033
0.43841761350631714
0.43685275316238403
0.4367518723011017
0.4383922517299652
0.4395797550678253
0.44030946493148804
0.4427517056465149
0.4434892237186432
0.44237464666366577
0.4390898644924164
0.4374772906303406
0.4363178014755249
0.4365812838077545
0.4387303292751312
0.4398305416107178
0.4399413764476776
0.43928414583206177
0.43841832876205444
0.43582746386528015
0.43475085496902466
0.4356062412261963
0.43612149357795715
0.43681687116622925
0.438397079706192
0.44038546085357666
0.4405011534690857
0.4404139518737793
0.4385692775249481
0.43597763776779175
0.43402305245399475
0.43512824177742004
0.43686455488204956
0.4373634457588196
0.4382905960083008
0.43817785382270813
0.4365263879299164
0.4343140125274658
0.434023380279541
0.4339815378189087
0.4337807297706604
0.4347565770149231
0.43602511286735535
0.43732383847236633
0.4388679265975952
0.44169166684150696
0.4412429630756378
0.4385012686252594
0.4347628653049469
0.433791846036911
0.43443000316619873
0.4361361265182495
0.4381624460220337
0.43733325600624084
0.43520587682724
0.4334966242313385
0.4331476092338562
0.43316513299942017
0.43403172492980957
0.4356817603111267
0.4363645613193512
0.43675947189331055
0.4364253282546997
0.43557208776474
0.4329937994480133
0.43180418014526367
0.4324590861797333
0.43305158615112305
0.4338150918483734
0.4351256191730499
0.4365800619125366
0.436126172542572
0.43533700704574585
0.43393129110336304
0.4323771595954895
0.43109169602394104
0.4317152798175812
0.43302059173583984
0.433663547039032
0.4350423514842987
0.4365531802177429
0.43733295798301697
0.4353044629096985
0.4334450960159302
0.4319459795951843
0.4310797452926636
0.43143361806869507
0.4329911172389984
0.4343104362487793
0.4344632923603058
0.4350365996360779
0.43446874618530273
0.43262869119644165
0.43058159947395325
0.4305495023727417
0.4309771955013275
0.431088387966156
0.432227224111557
0.4340057671070099
0.43591293692588806
0.436837375164032
0.43850183486938477
0.43694189190864563
0.43321406841278076
0.4302024841308594
0.43116167187690735
0.43278512358665466
0.4335671663284302
0.4353678524494171
0.4354760944843292
0.4336666166782379
0.4310048222541809
0.43080440163612366
0.4306499660015106
0.43026429414749146
0.43155962228775024
0.43324318528175354
0.4348159432411194
0.4365366995334625
0.4396789073944092
0.4384247660636902
0.4347769618034363
0.4308701157569885
0.4307714104652405
0.4318627715110779
0.43329787254333496
0.4360138773918152
0.4364658296108246
0.4345955550670624
0.4316635727882385
0.4310603141784668
0.43023693561553955
0.42994147539138794
0.43174290657043457
0.43321555852890015
0.4341859221458435
0.43506062030792236
0.4369771480560303
0.4349634647369385
0.4314839243888855
0.42975497245788574
0.43002113699913025
0.4299042820930481
0.43084192276000977
0.43311113119125366
0.4334099590778351
0.4333727955818176
0.4330431818962097
0.43235212564468384
0.4294964671134949
0.42814385890960693
0.4289141297340393
0.42929184436798096
0.4296647310256958
0.4312635362148285
0.4335440993309021
0.4340626001358032
0.4353969991207123
0.4351351857185364
0.4329044222831726
0.42865216732025146
0.4281318783760071
0.4298124313354492
0.4303553104400635
0.43162208795547485
0.43315601348876953
0.4332662522792816
0.43042075634002686
0.4294593036174774
0.4288560152053833
0.4274938702583313
0.4276381731033325
0.4290791153907776
0.4300028085708618
0.4309786558151245
0.4341335594654083
0.4362049102783203
0.43696242570877075
0.43368902802467346
0.4310918152332306
0.42827606201171875
0.4279040992259979
0.43087828159332275
0.4329712986946106
0.4331996738910675
0.4316224753856659
0.43048590421676636
0.42783793807029724
0.4267647862434387
0.4283778965473175
0.4296760559082031
0.4304184913635254
0.43170636892318726
0.4341449737548828
0.43322163820266724
0.4308037757873535
0.42872780561447144
0.4280186891555786
0.4266536831855774
0.42703357338905334
0.429207980632782
0.43011483550071716
0.43124985694885254
0.43287771940231323
0.43435218930244446
0.43126294016838074
0.4281623363494873
0.42710158228874207
0.4268423020839691
0.4268414080142975
0.4285676181316376
0.4308755099773407
0.43114715814590454
0.4318907856941223
0.43171802163124084
0.42996951937675476
0.4263099431991577
0.4256766438484192
0.4269099533557892
0.42717498540878296
0.42812955379486084
0.43007493019104004
0.43156227469444275
0.43019503355026245
0.4297844171524048
0.4285085201263428
0.42605060338974
0.42473629117012024
0.4259764850139618
0.42696577310562134
0.4272512197494507
0.4292299449443817
0.4311271905899048
0.4320549964904785
0.43025749921798706
0.42947638034820557
0.4271661639213562
0.42471450567245483
0.42511022090911865
0.4270380139350891
0.4279671311378479
0.4284036159515381
0.43027207255363464
0.42983484268188477
0.4278196096420288
0.4257155954837799
0.42549431324005127
0.4247626066207886
0.42433595657348633
0.42568641901016235
0.42702797055244446
0.42841723561286926
0.43066710233688354
0.43464046716690063
0.4339892566204071
0.4311014413833618
0.4266650378704071
0.42533960938453674
0.4258538484573364
0.42776501178741455
0.4308260977268219
0.4309685528278351
0.4288388788700104
0.4259724020957947
0.42525768280029297
0.4246968626976013
0.4247559607028961
0.42658573389053345
0.42787665128707886
0.4283369779586792
0.4280247688293457
0.42858627438545227
0.4268423020839691
0.4241540729999542
0.4232836663722992
0.4240332841873169
0.42395827174186707
0.42410871386528015
0.42599251866340637
0.42779210209846497
0.42995449900627136
0.43185120820999146
0.4347655475139618
0.4317343235015869
0.4263989329338074
0.4236569404602051
0.4252139925956726
0.4264086186885834
0.42751002311706543
0.4304543137550354
0.42986437678337097
0.42726922035217285
0.42493048310279846
0.4249417185783386
0.4238777756690979
0.4232288599014282
0.42490702867507935
0.4262908101081848
0.4274829030036926
0.4299779534339905
0.4344610273838043
0.4335903525352478
0.430555522441864
0.4261069595813751
0.42457228899002075
0.4245522916316986
0.42655402421951294
0.43022218346595764
0.43067052960395813
0.4287412166595459
0.42579907178878784
0.424803227186203
0.4234004020690918
0.423443466424942
0.425778329372406
0.42710113525390625
0.4275851249694824
0.4275625944137573
0.42828285694122314
0.42573267221450806
0.4225831627845764
0.4222166836261749
0.42316803336143494
0.4229062497615814
0.42326319217681885
0.42560797929763794
0.4269760251045227
0.4284442663192749
0.42949655652046204
0.4307931065559387
0.4267403483390808
0.42241355776786804
0.42216843366622925
0.4236835837364197
0.424186110496521
0.4254222810268402
0.427958607673645
0.4267626404762268
0.42455726861953735
0.4233434200286865
0.42288967967033386
0.42134779691696167
0.42131203413009644
0.4229641854763031
0.42360225319862366
0.4245591163635254
0.4269549548625946
0.43022558093070984
0.4291023910045624
0.42716455459594727
0.4242348372936249
0.42202848196029663
0.42135608196258545
0.4235495924949646
0.4262944459915161
0.4261792302131653
0.4252886474132538
0.42384812235832214
0.4222443103790283
0.42028170824050903
0.4209239184856415
0.42280739545822144
0.4232288897037506
0.4241456389427185
0.4259512722492218
0.4276221692562103
0.4254341721534729
0.42301106452941895
0.4217977821826935
0.42101553082466125
0.4200754165649414
0.4211888313293457
0.42316383123397827
0.42342352867126465
0.42426469922065735
0.425633043050766
0.42619597911834717
0.423048734664917
0.42083740234375
0.42058265209198
0.4201638698577881
0.4197638928890228
0.42105647921562195
0.4228670299053192
0.4234301745891571
0.4253402054309845
0.42738020420074463
0.42807701230049133
0.42372003197669983
0.42079678177833557
0.42048680782318115
0.42042726278305054
0.4210610091686249
0.4231675863265991
0.4249289929866791
0.4237026572227478
0.4230668842792511
0.42235201597213745
0.42054957151412964
0.4186485707759857
0.41919419169425964
0.42038285732269287
0.42053312063217163
0.4218030869960785
0.4245538115501404
0.4278285801410675
0.4277329444885254
0.4281793534755707
0.4256126880645752
0.42141860723495483
0.41879573464393616
0.42130881547927856
0.424545019865036
0.4250583052635193
0.4265599548816681
0.426540344953537
0.424210786819458
0.4194200038909912
0.4196898937225342
0.42159485816955566
0.4209516644477844
0.4218901991844177
0.42577487230300903
0.43118858337402344
0.43371668457984924
0.43864205479621887
0.4374794363975525
0.4334133565425873
0.4214392304420471
0.4222005605697632
0.43025049567222595
0.4334997534751892
0.43931445479393005
0.44496190547943115
0.45165663957595825
0.43669670820236206
0.4241682291030884
0.42730218172073364
0.4331347346305847
0.43209773302078247
0.4342474341392517
0.45621931552886963
0.47941797971725464
0.5394006967544556
0.518860936164856
0.5651053190231323
0.5236899852752686
0.5256690382957458
0.5134509205818176
0.6076118350028992
0.6009695529937744
0.7645599246025085
0.7051504850387573
0.8782232999801636
0.6885132193565369
0.6447886228561401
0.631820559501648
0.7025535106658936
0.6627200841903687
0.7899905443191528
0.9947292804718018
1.3569315671920776
0.6921257972717285
0.880710244178772
0.9771621227264404
0.8495829105377197
1.0584708452224731
0.7359650135040283
0.8227380514144897
0.8905463218688965
0.8853162527084351
0.9287080764770508
0.733582615852356
0.795060932636261
0.7098491787910461
0.7531991004943848
0.7553355693817139
0.7083065509796143
0.6701962947845459
0.6322457790374756
0.6594748497009277
0.6283125281333923
0.6280379891395569
0.6033726930618286
0.5878480672836304
0.5703011155128479
0.5572547912597656
0.5623523592948914
0.549775242805481
0.5482166409492493
0.5393818020820618
0.5283443927764893
0.5217705965042114
0.5087994337081909
0.5085685849189758
0.5011695623397827
0.5001915097236633
0.49957168102264404
0.4942432641983032
0.4942699074745178
0.48638826608657837
0.48232901096343994
0.476134330034256
0.47224199771881104
0.47161993384361267
0.4691273868083954
0.46863576769828796
0.4664298892021179
0.46376168727874756
0.46111994981765747
0.45799198746681213
0.4561448395252228
0.4545370042324066
0.45326656103134155
0.4525565207004547
0.4514267146587372
0.45031794905662537
0.4491962194442749
0.4475107491016388
0.4462091326713562
0.4446433186531067
0.44338634610176086
0.4424118399620056
0.4414786100387573
0.44084423780441284
0.4401819705963135
0.439606249332428
0.439115047454834
0.43861106038093567
0.438059538602829
0.43752527236938477
0.43669629096984863
0.4358764886856079
0.43488597869873047
0.43399012088775635
0.4332578480243683
0.4326798617839813
0.432265967130661
0.43193483352661133
0.4316604435443878
0.4314335584640503
0.4312572777271271
0.4310126304626465
0.43075504899024963
0.4302523732185364
0.42964884638786316
0.4288928806781769
0.42819488048553467
0.42767077684402466
0.42734622955322266
0.42715153098106384
0.4270336329936981
0.42696836590766907
0.4268815517425537
0.4268023669719696
0.4265715479850769
0.42623040080070496
0.42567238211631775
0.42507022619247437
0.4245266318321228
0.42416471242904663
0.4239678382873535
0.42387890815734863
0.42386946082115173
0.4238852858543396
0.42394503951072693
0.42390283942222595
0.4237704873085022
0.42335253953933716
0.4227967858314514
0.42220112681388855
0.421797513961792
0.4216254651546478
0.421611487865448
0.42168617248535156
0.42175108194351196
0.4217968285083771
0.4216639995574951
0.42138218879699707
0.4208981394767761
0.4204065501689911
0.4200356602668762
0.41986268758773804
0.4198381006717682
0.4198931157588959
0.42001429200172424
0.4201370179653168
0.42025917768478394
0.4201762080192566
0.41989684104919434
0.4193294048309326
0.4187697172164917
0.41842302680015564
0.4183559715747833
0.41846394538879395
0.41860905289649963
0.41873860359191895
0.41872137784957886
0.4185658395290375
0.41817715764045715
0.41771939396858215
0.4173314571380615
0.4171409010887146
0.41711869835853577
0.41719281673431396
0.4173436760902405
0.41751742362976074
0.41771814227104187
0.41775721311569214
0.41760361194610596
0.4170963168144226
0.4165113866329193
0.4161001145839691
0.41601625084877014
0.4161595106124878
0.4163581430912018
0.41653522849082947
0.4165460169315338
0.4164005219936371
0.41600319743156433
0.41554778814315796
0.4152054786682129
0.41508638858795166
0.41513562202453613
0.41527700424194336
0.4154893755912781
0.4157029092311859
0.4159155786037445
0.41587862372398376
0.4155963361263275
0.4150010645389557
0.41446322202682495
0.41423410177230835
0.4143225848674774
0.4145644009113312
0.4147835969924927
0.4149286448955536
0.41482266783714294
0.414531409740448
0.4140526354312897
0.41365504264831543
0.41348373889923096
0.4135185480117798
0.413673996925354
0.41387319564819336
0.41412290930747986
0.4142870306968689
0.4143511652946472
0.41405948996543884
0.4135558009147644
0.4130134582519531
0.412763774394989
0.41283467411994934
0.4130603075027466
0.41332149505615234
0.41346627473831177
0.41347694396972656
0.4132033586502075
0.41277992725372314
0.41234561800956726
0.41212764382362366
0.4121308922767639
0.4122673571109772
0.4125003218650818
0.4127628207206726
0.4130760133266449
0.41320765018463135
0.4131384491920471
0.41262587904930115
0.41199812293052673
0.41156667470932007
0.41153985261917114
0.41178107261657715
0.4120778441429138
0.41233912110328674
0.412362277507782
0.4121857285499573
0.41172435879707336
0.41125035285949707
0.41097939014434814
0.4109845757484436
0.41115376353263855
0.4113994240760803
0.41173216700553894
0.4120151698589325
0.4122292697429657
0.4120396077632904
0.41155198216438293
0.41086167097091675
0.4104691743850708
0.4105117917060852
0.41079166531562805
0.41112974286079407
0.41132768988609314
0.4113454222679138
0.4110097885131836
0.4105498194694519
0.410116583108902
0.40994125604629517
0.4100278615951538
0.41024109721183777
0.41054436564445496
0.4108845889568329
0.4112609624862671
0.41133978962898254
0.4111406207084656
0.4104694724082947
0.40978533029556274
0.4094909727573395
0.4096670150756836
0.4100409746170044
0.4103562831878662
0.4105685353279114
0.41040778160095215
0.40998777747154236
0.4094439148902893
0.40911921858787537
0.409090518951416
0.4092872142791748
0.40960732102394104
0.4099292457103729
0.41028571128845215
0.4104277193546295
0.41030970215797424
0.40968814492225647
0.4090268313884735
0.40866824984550476
0.40874266624450684
0.4090869426727295
0.4094436764717102
0.4097334146499634
0.4097563624382019
0.4095306396484375
0.4089675843715668
0.4084544777870178
0.4082355201244354
0.40832263231277466
0.4085974097251892
0.4089449644088745
0.4093771278858185
0.40969204902648926
0.40987634658813477
0.40951845049858093
0.40882837772369385
0.4080924987792969
0.40786710381507874
0.40812936425209045
0.4085507094860077
0.4089428186416626
0.40906208753585815
0.4089092016220093
0.40836361050605774
0.4078036844730377
0.40750324726104736
0.4075513482093811
0.40782618522644043
0.40818899869918823
0.40864700078964233
0.40903642773628235
0.4093421995639801
0.4091043770313263
0.40844419598579407
0.4075632095336914
0.40717267990112305
0.4073786437511444
0.407845139503479
0.4083159565925598
0.40848612785339355
0.40836024284362793
0.40779048204421997
0.4071875810623169
0.4068540036678314
0.4069105386734009
0.40722155570983887
0.40761491656303406
0.40807604789733887
0.40840470790863037
0.40858158469200134
0.4081835150718689
0.4074663519859314
0.40673714876174927
0.40652501583099365
0.40680113434791565
0.40725353360176086
0.4076923727989197
0.4078650176525116
0.4077555537223816
0.40721091628074646
0.4065954089164734
0.4062158465385437
0.4062383770942688
0.40653154253959656
0.406934916973114
0.40746113657951355
0.407929390668869
0.40833038091659546
0.40810853242874146
0.40741294622421265
0.4064188301563263
0.4059463441371918
0.40616917610168457
0.40671244263648987
0.4072433412075043
0.40742358565330505
0.40725433826446533
0.40661314129829407
0.405956506729126
0.40564560890197754
0.405778706073761
0.4061661660671234
0.40661564469337463
0.40712404251098633
0.4074470102787018
0.40754935145378113
0.4069864749908447
0.4061570465564728
0.4054896831512451
0.40542739629745483
0.40582993626594543
0.40632328391075134
0.40672817826271057
0.4067825376987457
0.40654388070106506
0.4059041440486908
0.4053134024143219
0.40506064891815186
0.4051969647407532
0.4055648446083069
0.4060176908969879
0.4066075086593628
0.40708795189857483
0.4074294865131378
0.4070155918598175
0.40613141655921936
0.4051550626754761
0.40486693382263184
0.4052486717700958
0.4058449864387512
0.40638038516044617
0.40649423003196716
0.40621063113212585
0.40545332431793213
0.40480682253837585
0.40459853410720825
0.40481874346733093
0.4052886366844177
0.40582358837127686
0.40643197298049927
0.40676257014274597
0.4067763090133667
0.405984491109848
0.4049832820892334
0.4043877422809601
0.40456628799438477
0.40516090393066406
0.4057035446166992
0.40610042214393616
0.40598446130752563
0.4054839313030243
0.4046710431575775
0.4041590094566345
0.4041578769683838
0.404486745595932
0.4049898087978363
0.4055476188659668
0.40617120265960693
0.4063830077648163
0.40624919533729553
0.4054028391838074
0.4044346213340759
0.40390437841415405
0.4041416049003601
0.40477126836776733
0.40531057119369507
0.40574905276298523
0.40573063492774963
0.40531620383262634
0.4043930172920227
0.40377283096313477
0.40374067425727844
0.404026597738266
0.40448176860809326
0.4050603210926056
0.4057789146900177
0.40614134073257446
0.4061947464942932
0.4054773449897766
0.4045177102088928
0.4036218523979187
0.40357106924057007
0.40421560406684875
0.404839426279068
0.4052789509296417
0.4053228795528412
0.4050845503807068
0.4042413532733917
0.403443843126297
0.4032571315765381
0.4035111963748932
0.4038163423538208
0.4042615294456482
0.4050731360912323
0.40572747588157654
0.40623074769973755
0.40604251623153687
0.40554261207580566
0.40424779057502747
0.4031880497932434
0.4032784700393677
0.4040009081363678
0.40454092621803284
0.4048836827278137
0.4053235650062561
0.4048994183540344
0.4039795994758606
0.40325841307640076
0.4031310975551605
0.40305131673812866
0.4031720757484436
0.40380093455314636
0.4045126736164093
0.40539202094078064
0.40644699335098267
0.4078335762023926
0.4074471592903137
0.40592557191848755
0.4038839340209961
0.4032047390937805
0.40366944670677185
0.40468350052833557
0.405730277299881
0.4055129587650299
0.40435367822647095
0.40317973494529724
0.4029519557952881
0.4030725359916687
0.4034196138381958
0.4041588306427002
0.40452927350997925
0.4044552743434906
0.4039950966835022
0.40365782380104065
0.4029349684715271
0.40229007601737976
0.4023329019546509
0.4026632308959961
0.4028661847114563
0.40328001976013184
0.4042539596557617
0.4051499664783478
0.40609440207481384
0.40635350346565247
0.40616410970687866
0.40426844358444214
0.4024575352668762
0.40241146087646484
0.4033757150173187
0.40406543016433716
0.4044736325740814
0.40485283732414246
0.40386271476745605
0.40256941318511963
0.4021792709827423
0.4023960530757904
0.40246284008026123
0.4028555154800415
0.40380585193634033
0.40442559123039246
0.4050315022468567
0.4054926931858063
0.40573135018348694
0.40409278869628906
0.40245935320854187
0.40210023522377014
0.40243661403656006
0.40289756655693054
0.4036722183227539
0.4045037031173706
0.4042370915412903
0.40355733036994934
0.40283554792404175
0.40221452713012695
0.40153926610946655
0.4016816318035126
0.4023728370666504
0.40279000997543335
0.403481662273407
0.4045734107494354
0.40586090087890625
0.4057871997356415
0.4051222801208496
0.40361371636390686
0.40222251415252686
0.4014929234981537
0.4023193120956421
0.4036144018173218
0.4039146304130554
0.4038619101047516
0.4033673405647278
0.4024665057659149
0.4013480246067047
0.4012381434440613
0.4018312394618988
0.4021872580051422
0.40270036458969116
0.40366655588150024
0.40483358502388
0.4047543406486511
0.4044173061847687
0.4034956395626068
0.4022138714790344
0.4010634422302246
0.4014498293399811
0.4025423228740692
0.40293291211128235
0.4032784700393677
0.40348899364471436
0.40313202142715454
0.40170302987098694
0.4010617733001709
0.40117108821868896
0.4010584354400635
0.40116506814956665
0.4019189774990082
0.4029489755630493
0.40394335985183716
0.40586814284324646
0.40759149193763733
0.40856701135635376
0.40556600689888
0.4026467204093933
0.4017212390899658
0.40238186717033386
0.40386006236076355
0.4050966203212738
0.40517356991767883
0.4029420018196106
0.40131497383117676
0.4014838933944702
0.4019089937210083
0.4021972417831421
0.4030064642429352
0.40390679240226746
0.4032062292098999
0.4024254381656647
0.40200281143188477
0.40139487385749817
0.4005308151245117
0.4006137549877167
0.40120914578437805
0.40140092372894287
0.40193384885787964
0.4031849503517151
0.40490779280662537
0.4055097997188568
0.4061683416366577
0.4052799344062805
0.4031076729297638
0.4006190299987793
0.4009484648704529
0.4026351869106293
0.4031871259212494
0.40356510877609253
0.40346747636795044
0.40240195393562317
0.40052762627601624
0.4005162715911865
0.4013049900531769
0.40127187967300415
0.40173789858818054
0.4028903841972351
0.4037507474422455
0.4034959077835083
0.40370357036590576
0.4031864404678345
0.4016725420951843
0.4001341760158539
0.40040451288223267
0.40094947814941406
0.401045560836792
0.4019140899181366
0.4028763771057129
0.4032396376132965
0.40281230211257935
0.40278303623199463
0.4017738997936249
0.4002765119075775
0.39970099925994873
0.40024054050445557
0.40061071515083313
0.40093642473220825
0.4021328389644623
0.40331771969795227
0.40426909923553467
0.40429991483688354
0.404374897480011
0.4024718403816223
0.4002254605293274
0.39971885085105896
0.40085041522979736
0.4017147719860077
0.40206849575042725
0.4028238356113434
0.40253159403800964
0.4011465311050415
0.39990878105163574
0.3999372124671936
0.39984533190727234
0.39960843324661255
0.4002401828765869
0.40115928649902344
0.40206819772720337
0.4032002389431
0.4055747985839844
0.4064871668815613
0.40561604499816895
0.40237951278686523
0.4007190763950348
0.4003196954727173
0.4009169638156891
0.4027111232280731
0.40358322858810425
0.4029291570186615
0.40094298124313354
0.4002305269241333
0.4000338912010193
0.39982858300209045
0.4005470275878906
0.4016335606575012
0.40221232175827026
0.4020600914955139
0.4024048447608948
0.4019670784473419
0.4006386995315552
0.39921924471855164
0.39932718873023987
0.3997023105621338
0.39966312050819397
0.40030890703201294
0.4014507234096527
0.402516633272171
0.40296471118927
0.4040517807006836
0.40388333797454834
0.40234044194221497
0.39966267347335815
0.39927342534065247
0.4001389741897583
0.4004981815814972
0.40132609009742737
0.4023503363132477
0.40261444449424744
0.4010997712612152
0.40013960003852844
0.39983949065208435
0.3991973102092743
0.3986451327800751
0.3992446959018707
0.40005481243133545
0.40028175711631775
0.4013322591781616
0.4031965732574463
0.4053500294685364
0.40546756982803345
0.40521717071533203
0.4030856490135193
0.40061089396476746
0.3988969326019287
0.40032586455345154
0.40264201164245605
0.4028591513633728
0.40260612964630127
0.4019440710544586
0.40069979429244995
0.39891210198402405
0.3989744782447815
0.40029221773147583
0.40075403451919556
0.4012894630432129
0.40269070863723755
0.4044756293296814
0.403437077999115
0.4021574556827545
0.40109074115753174
0.40005558729171753
0.3988085389137268
0.39937153458595276
0.40096303820610046
0.4013367295265198
0.40159738063812256
0.4021472632884979
0.40236979722976685
0.40028154850006104
0.39889609813690186
0.39900490641593933
0.39890968799591064
0.3985990881919861
0.3992713689804077
0.400651752948761
0.401713103055954
0.4037941098213196
0.40653276443481445
0.4096842408180237
0.40686172246932983
0.4026767313480377
0.4000396728515625
0.40036511421203613
0.40172508358955383
0.40349236130714417
0.4054037928581238
0.4036645293235779
0.400428831577301
0.39915555715560913
0.40018051862716675
0.40038537979125977
0.40036311745643616
0.40202438831329346
0.40286773443222046
0.4026802182197571
0.40182408690452576
0.4022532105445862
0.40089350938796997
0.3987749218940735
0.39849016070365906
0.39930492639541626
0.39911624789237976
0.39910888671875
0.4005831182003021
0.40171557664871216
0.40289056301116943
0.40419501066207886
0.40644213557243347
0.4049212336540222
0.4014316201210022
0.39896276593208313
0.3994835913181305
0.3999876081943512
0.40049096941947937
0.4023296535015106
0.40241989493370056
0.4010080397129059
0.3993285298347473
0.39928439259529114
0.39872995018959045
0.3979967534542084
0.3987239897251129
0.39975446462631226
0.4003346264362335
0.40123263001441956
0.4036881923675537
0.4045540392398834
0.4040036201477051
0.40131527185440063
0.39990198612213135
0.39876610040664673
0.39849618077278137
0.4001285433769226
0.40146785974502563
0.4013877511024475
0.4000466465950012
0.39958107471466064
0.3987504839897156
0.39762449264526367
0.3975263833999634
0.3984219431877136
0.3989597260951996
0.3991888165473938
0.4007575809955597
0.4027882218360901
0.4046376943588257
0.4041464626789093
0.40370017290115356
0.4011737108230591
0.3984324038028717
0.39774584770202637
0.39990732073783875
0.40174993872642517
0.40129417181015015
0.4009607434272766
0.4003222584724426
0.39878034591674805
0.3972741961479187
0.39787861704826355
0.39908429980278015
0.39919617772102356
0.39991429448127747
0.4016835689544678
0.4036197066307068
0.40249356627464294
0.40162041783332825
0.40061867237091064
0.39898958802223206
0.39731764793395996
0.3981775641441345
0.400003582239151
0.4001789093017578
0.40053030848503113
0.4014325737953186
0.40179482102394104
0.39920616149902344
0.3977910876274109
0.3981032073497772
0.3977813124656677
0.3971705436706543
0.3979065716266632
0.3993423581123352
0.4002433121204376
0.40240222215652466
0.40596306324005127
0.4105239510536194
0.40818750858306885
0.4040982127189636
0.40025046467781067
0.3995237946510315
0.400652676820755
0.40318092703819275
0.40593430399894714
0.4039442241191864
0.40001070499420166
0.3983152508735657
0.3995676040649414
0.3998633623123169
0.39964985847473145
0.4015232026576996
0.4026103615760803
0.402226060628891
0.4006752371788025
0.40125614404678345
0.40029722452163696
0.3979489803314209
0.39734137058258057
0.3983156979084015
0.3980306386947632
0.39752739667892456
0.3987327814102173
0.4002985656261444
0.40232428908348083
0.4053306579589844
0.41167348623275757
0.4135908782482147
0.4108434319496155
0.40193894505500793
0.4000246524810791
0.4020842909812927
0.4033574163913727
0.4066479802131653
0.40773245692253113
0.4054233133792877
0.3993707299232483
0.3996485471725464
0.40189528465270996
0.40092653036117554
0.4018090069293976
0.40522533655166626
0.4082309603691101
0.4069001078605652
0.40732747316360474
0.40677669644355774
0.40397658944129944
0.3984820246696472
0.39975982904434204
0.40282729268074036
0.40204933285713196
0.4033534824848175
0.4061657786369324
0.40724804997444153
0.40368545055389404
0.40253522992134094
0.4021254777908325
0.3999198377132416
0.3977998197078705
0.39926275610923767
0.4002518951892853
0.39954373240470886
0.40142983198165894
0.4048421084880829
0.40859872102737427
0.4104159474372864
0.4138137400150299
0.40871962904930115
0.40138164162635803
0.39827680587768555
0.40245866775512695
0.40598809719085693
0.40530794858932495
0.4057442843914032
0.40407198667526245
0.40023475885391235
0.3982478678226471
0.4006124436855316
0.4024523198604584
0.401594877243042
0.4029015600681305
0.40466588735580444
0.4044656455516815
0.40057384967803955
0.4002249240875244
0.3999898433685303
0.3978818655014038
0.39778003096580505
0.3995116353034973
0.4000239074230194
0.39993834495544434
0.4021085202693939
0.4034770727157593
0.4033174514770508
0.4009055495262146
0.40002161264419556
0.39819473028182983
0.39672762155532837
0.3979734480381012
0.3995155096054077
0.39956769347190857
0.39916449785232544
0.3996955156326294
0.39830538630485535
0.39640069007873535
0.3961264491081238
0.39665406942367554
0.3963693082332611
0.39634156227111816
0.3975093364715576
0.398504376411438
0.3995892405509949
0.401034951210022
0.4032557010650635
0.4016493260860443
0.39836210012435913
0.3961171507835388
0.39661937952041626
0.397440105676651
0.3980458378791809
0.3992062509059906
0.39860638976097107
0.39661720395088196
0.39539197087287903
0.3959171175956726
0.39600929617881775
0.3956785500049591
0.3964535593986511
0.39743638038635254
0.3979036211967468
0.39795395731925964
0.3990095853805542
0.39872393012046814
0.39696770906448364
0.3952253758907318
0.39529961347579956
0.3954300880432129
0.3952617347240448
0.3960515856742859
0.3969925343990326
0.39737123250961304
0.3970426917076111
0.39739465713500977
0.3970157504081726
0.3956488370895386
0.3943975865840912
0.3945904076099396
0.39485499262809753
0.39462268352508545
0.39504796266555786
0.3961067795753479
0.39728280901908875
0.3980861008167267
0.39999255537986755
0.40112900733947754
0.4006601572036743
0.3969595432281494
0.39494407176971436
0.3955095708370209
0.3960745632648468
0.3965369462966919
0.39771246910095215
0.3988931477069855
0.3972412943840027
0.39554363489151
0.3953409790992737
0.39531245827674866
0.39450186491012573
0.3945562243461609
0.39571356773376465
0.39645782113075256
0.39752787351608276
0.39981645345687866
0.4038270115852356
0.4043840169906616
0.4029316008090973
0.3987664580345154
0.3968335688114166
0.39636391401290894
0.3974079489707947
0.40016883611679077
0.4011574983596802
0.3996785879135132
0.3963419497013092
0.3956581652164459
0.3963213562965393
0.39604470133781433
0.3962734341621399
0.3978116512298584
0.39943957328796387
0.39877212047576904
0.398828387260437
0.3993057310581207
0.39890602231025696
0.395967572927475
0.39465612173080444
0.3954803943634033
0.39551007747650146
0.39490488171577454
0.39568662643432617
0.39759427309036255
0.3985934853553772
0.40078553557395935
0.40388479828834534
0.4077796936035156
0.4046120345592499
0.39901280403137207
0.3961324095726013
0.3975552022457123
0.39828336238861084
0.3987666070461273
0.4019307792186737
0.40253663063049316
0.4006780982017517
0.397270143032074
0.39767134189605713
0.3975384831428528
0.3955591917037964
0.39558619260787964
0.39745113253593445
0.39849889278411865
0.39930644631385803
0.40391314029693604
0.4091297388076782
0.4144408106803894
0.4090140461921692
0.4054250419139862
0.40144187211990356
0.39889758825302124
0.40135836601257324
0.407210111618042
0.412529319524765
0.40893369913101196
0.40420395135879517
0.40084904432296753
0.4006635248661041
0.4001021087169647
0.4016522169113159
0.40620332956314087
0.40676671266555786
0.4057666063308716
0.401603639125824
0.4014791250228882
0.40074482560157776
0.3979191482067108
0.3975745141506195
0.3999652862548828
0.40251651406288147
0.40368059277534485
0.4081110656261444
0.4128990173339844
0.4164738357067108
0.40436241030693054
0.39918243885040283
0.40224483609199524
0.4032016694545746
0.403589129447937
0.40592819452285767
0.4120085835456848
0.41076165437698364
0.40568211674690247
0.40229225158691406
0.4051978588104248
0.4027745723724365
0.39932698011398315
0.39881542325019836
0.40052032470703125
0.3993127942085266
0.3977206349372864
0.39956343173980713
0.4022732675075531
0.409473180770874
0.4277397096157074
0.4707311987876892
0.47475773096084595
0.48665761947631836
0.4325079321861267
0.42290931940078735
0.42324429750442505
0.43723031878471375
0.5031647682189941
0.6087319850921631
0.9182313680648804
0.6875625252723694
0.7801377773284912
0.7035360336303711
0.9643306136131287
0.9616312980651855
1.474557638168335
0.9520074725151062
0.9809368848800659
0.9519394636154175
0.8840954303741455
0.9910509586334229
1.1338146924972534
1.6286648511886597
0.940629243850708
0.9247090816497803
1.0667037963867188
0.9337565898895264
0.9777344465255737
0.8235702514648438
0.8062645196914673
0.9053178429603577
0.7854800820350647
0.7797995805740356
0.736243486404419
0.686130702495575
0.6643126010894775
0.6639367938041687
0.6387349367141724
0.6279228925704956
0.6511135101318359
0.6550589799880981
0.7146809101104736
0.6775619983673096
0.6163311004638672
0.5604139566421509
0.6000723242759705
0.6052408218383789
0.5507389307022095
0.5571355223655701
0.5492559671401978
0.5440036058425903
0.539047122001648
0.5117950439453125
0.5211562514305115
0.517249345779419
0.5034158825874329
0.5034100413322449
0.4886179566383362
0.4924233555793762
0.4904201030731201
0.48269033432006836
0.48404812812805176
0.4720473885536194
0.4697691798210144
0.46854138374328613
0.4630868434906006
0.4643763601779938
0.4602465033531189
0.45796504616737366
0.45594438910484314
0.45182448625564575
0.45017892122268677
0.44799256324768066
0.44515925645828247
0.4445042014122009
0.44253525137901306
0.4410918653011322
0.4406343698501587
0.43907588720321655
0.43864744901657104
0.4383431077003479
0.43772730231285095
0.43713846802711487
0.436131089925766
0.4334169626235962
0.43130409717559814
0.42942941188812256
0.4285214841365814
0.42866984009742737
0.4283686578273773
0.4278549551963806
0.42678213119506836
0.42527705430984497
0.423959881067276
0.4232199192047119
0.422704815864563
0.4224933385848999
0.42230507731437683
0.42175838351249695
0.42116257548332214
0.42029517889022827
0.4193543493747711
0.41860052943229675
0.41802501678466797
0.41757428646087646
0.417285680770874
0.4170699119567871
0.41684526205062866
0.4167450964450836
0.4165433347225189
0.4163014888763428
0.41581305861473083
0.41518115997314453
0.414344847202301
0.4136376678943634
0.4131198227405548
0.4127998352050781
0.4126492738723755
0.4125637114048004
0.4125267267227173
0.4124714732170105
0.4124111831188202
0.4121124744415283
0.4116712212562561
0.4109881520271301
0.4102998673915863
0.40976136922836304
0.4094672203063965
0.40935060381889343
0.40932968258857727
0.40938398241996765
0.4094008207321167
0.4094112515449524
0.40918174386024475
0.4087570905685425
0.4080757200717926
0.40743863582611084
0.4070255160331726
0.40688031911849976
0.4069071412086487
0.4069822132587433
0.4070740044116974
0.40704864263534546
0.4069048762321472
0.40646007657051086
0.4058969020843506
0.4053356647491455
0.40498554706573486
0.40486612915992737
0.40488630533218384
0.4049883186817169
0.4050906300544739
0.40519821643829346
0.4051104784011841
0.4048449397087097
0.40428000688552856
0.40368327498435974
0.40327173471450806
0.4031568169593811
0.4032316505908966
0.4033564627170563
0.4034898579120636
0.403473436832428
0.4033243954181671
0.4029121994972229
0.40241485834121704
0.4019779562950134
0.40176528692245483
0.4017525315284729
0.4018389880657196
0.40199214220046997
0.4021352529525757
0.40227755904197693
0.4021817147731781
0.4018862545490265
0.4013224244117737
0.4007914364337921
0.400511771440506
0.4005155563354492
0.4006665050983429
0.40083637833595276
0.40099310874938965
0.4009746015071869
0.40079063177108765
0.4003491997718811
0.3998752534389496
0.3995368182659149
0.39944222569465637
0.39952415227890015
0.399679571390152
0.3999040722846985
0.40010228753089905
0.40026426315307617
0.4001127779483795
0.3997146487236023
0.3990882635116577
0.3986266851425171
0.39852309226989746
0.3986870050430298
0.39893946051597595
0.3991139233112335
0.3991858959197998
0.3989551365375519
0.3985559642314911
0.39808374643325806
0.39779388904571533
0.39774012565612793
0.39785104990005493
0.3980593681335449
0.3982808589935303
0.39852386713027954
0.3985806703567505
0.39844220876693726
0.39794138073921204
0.39738577604293823
0.39703571796417236
0.3970203399658203
0.3972214162349701
0.39747002720832825
0.39769548177719116
0.3977268934249878
0.39757704734802246
0.3971518278121948
0.39669325947761536
0.39638853073120117
0.3963466286659241
0.39648526906967163
0.3967006206512451
0.39699092507362366
0.39724233746528625
0.3974304795265198
0.39725327491760254
0.39680591225624084
0.39617136120796204
0.3957904279232025
0.3958030343055725
0.3960556089878082
0.3963695764541626
0.39655932784080505
0.39660072326660156
0.3963186740875244
0.3958764374256134
0.39543065428733826
0.39522993564605713
0.395283579826355
0.39547958970069885
0.3957650363445282
0.39606183767318726
0.3963760435581207
0.39640894532203674
0.3961651921272278
0.39552736282348633
0.39494672417640686
0.3947433829307556
0.3949267864227295
0.39527443051338196
0.3955612778663635
0.39573681354522705
0.3955719470977783
0.395183801651001
0.3946537971496582
0.3943324387073517
0.39432287216186523
0.3945164978504181
0.3948107063770294
0.3951067328453064
0.3954112231731415
0.3954595625400543
0.3952798545360565
0.39471423625946045
0.3941379189491272
0.3938535451889038
0.39394956827163696
0.3942534327507019
0.3945631980895996
0.3948368430137634
0.39486077427864075
0.39467236399650574
0.3941684365272522
0.39367374777793884
0.39343076944351196
0.3934977948665619
0.39375215768814087
0.3940615952014923
0.3944317102432251
0.39467570185661316
0.3947700262069702
0.3943767845630646
0.39375782012939453
0.39319202303886414
0.39305126667022705
0.39328640699386597
0.3936390280723572
0.393976628780365
0.3941043019294739
0.39403414726257324
0.39359891414642334
0.39307063817977905
0.3927079737186432
0.3926824927330017
0.3928958773612976
0.3932037353515625
0.3935885429382324
0.393889844417572
0.3940901756286621
0.3938125669956207
0.3932412564754486
0.39257973432540894
0.3923097848892212
0.3924759030342102
0.39282873272895813
0.3932017683982849
0.39337247610092163
0.3933371603488922
0.3929171860218048
0.39240479469299316
0.3920328915119171
0.39196982979774475
0.3921562731266022
0.3924597501754761
0.3928532600402832
0.393192857503891
0.3935041129589081
0.39337706565856934
0.3929011821746826
0.3921380937099457
0.39168277382850647
0.39173585176467896
0.39209023118019104
0.39252138137817383
0.3927868902683258
0.39285463094711304
0.3924906253814697
0.39193376898765564
0.3914533853530884
0.3913280665874481
0.39149829745292664
0.39180684089660645
0.3922135531902313
0.39257290959358215
0.3928924798965454
0.39278340339660645
0.3923448920249939
0.3916011154651642
0.3910957872867584
0.39108797907829285
0.39143744111061096
0.3918797969818115
0.39219236373901367
0.39238014817237854
0.39214274287223816
0.3916288912296295
0.3910134434700012
0.3907492756843567
0.3908625841140747
0.3911488652229309
0.3915366232395172
0.3919230103492737
0.3923020362854004
0.39228570461273193
0.3919389247894287
0.3912259340286255
0.39066484570503235
0.3904847502708435
0.39069804549217224
0.3911239206790924
0.39150166511535645
0.3917650282382965
0.3916754126548767
0.39136844873428345
0.3907914161682129
0.3903059959411621
0.39016664028167725
0.3903774619102478
0.3907400071620941
0.3911140561103821
0.3916143774986267
0.39198189973831177
0.3921181261539459
0.3914910554885864
0.39069750905036926
0.3901541233062744
0.39008161425590515
0.3903544843196869
0.3908064365386963
0.3912973999977112
0.39144769310951233
0.39129728078842163
0.3907611668109894
0.3902283310890198
0.3898162543773651
0.38974153995513916
0.39002129435539246
0.39043933153152466
0.3908895254135132
0.3912217915058136
0.39157846570014954
0.39149728417396545
0.39095592498779297
0.39002418518066406
0.3895489573478699
0.3896658718585968
0.38995376229286194
0.39029374718666077
0.39071428775787354
0.39114707708358765
0.3909909725189209
0.3905544877052307
0.390041708946228
0.38967904448509216
0.38935983180999756
0.3893377482891083
0.38969579339027405
0.39010900259017944
0.3905430734157562
0.3910515308380127
0.3917980194091797
0.39189285039901733
0.3913487493991852
0.3901853561401367
0.3895297050476074
0.3894129991531372
0.3896442651748657
0.3902429938316345
0.39079415798187256
0.3909754455089569
0.3904794454574585
0.3899417519569397
0.3894604444503784
0.38907599449157715
0.3889782130718231
0.3893319070339203
0.3898320198059082
0.39014732837677
0.3906228244304657
0.3911232054233551
0.3914681375026703
0.3908032774925232
0.3898523151874542
0.38919907808303833
0.38900792598724365
0.38899385929107666
0.3893359899520874
0.3899995982646942
0.39033979177474976
0.3904148042201996
0.3901727795600891
0.3899356722831726
0.38926035165786743
0.38859373331069946
