# lbfgs, lr=0.8, alpha = 1000000, beta = 0.1
# best_iter: 99, best_loss = 0.03464137390255928, imsave period = 10
4.67925500869751
0.22184208035469055
0.10095171630382538
0.07196009159088135
0.059983596205711365
0.05303364619612694
0.04873333498835564
0.04588416963815689
0.044074270874261856
0.04266037046909332
0.04168197512626648
0.040847040712833405
0.04025072604417801
0.03970623016357422
0.039242878556251526
0.038882624357938766
0.03853631764650345
0.03823272883892059
0.03798450157046318
0.037773337215185165
0.03756571561098099
0.03737933188676834
0.03722085431218147
0.03706764057278633
0.03693167492747307
0.03680660203099251
0.03669518604874611
0.03658691421151161
0.036479681730270386
0.0363888218998909
0.03629795461893082
0.03621572256088257
0.03613760694861412
0.03606086224317551
0.035989999771118164
0.035922177135944366
0.035858169198036194
0.03579600527882576
0.035737358033657074
0.03568492829799652
0.03563711792230606
0.035589538514614105
0.035542696714401245
0.03550245612859726
0.035464487969875336
0.03542023524641991
0.03543694317340851
0.03535455837845802
0.03532707318663597
0.03534037247300148
0.035276152193546295
0.035305529832839966
0.03525794669985771
0.03522126004099846
0.035228874534368515
0.03521009162068367
0.03522840887308121
0.03520040959119797
0.035195328295230865
0.03514866530895233
0.03514913469552994
0.035226646810770035
0.03513859212398529
0.03515098989009857
0.035125114023685455
0.035144321620464325
0.03511768579483032
0.03526528179645538
0.03514867275953293
0.03515437990427017
0.035080209374427795
0.0350927896797657
0.0351509228348732
0.03515603393316269
0.03513852879405022
0.035058602690696716
0.03502795472741127
0.0353245735168457
0.035009387880563736
0.03500376269221306
0.035049472004175186
0.034961409866809845
0.034926243126392365
0.040735431015491486
0.03494447469711304
0.03488701954483986
0.0348629467189312
0.03485961630940437
0.034818701446056366
0.03481048718094826
0.034910839051008224
0.03479636088013649
0.034752387553453445
0.034727878868579865
0.03487679362297058
0.03470481187105179
0.03468255698680878
0.03467268496751785
0.03471171855926514
0.03464137390255928
