# adam, lr=0.01, alpha = 1000000, beta = 0.1
# best_iter: 2933, best_loss = 0.1294070929288864, imsave period = 300
7.038557052612305
4.250743865966797
3.152039051055908
2.1159279346466064
1.5833148956298828
1.2541477680206299
1.1182482242584229
1.086899995803833
1.0428065061569214
1.0074093341827393
0.9689268469810486
0.9167070388793945
0.8716716766357422
0.821205735206604
0.7700966596603394
0.7268965244293213
0.6861921548843384
0.6518999934196472
0.6218581795692444
0.592111349105835
0.5661303400993347
0.542427659034729
0.5209788084030151
0.5025224685668945
0.48454034328460693
0.46848809719085693
0.45400819182395935
0.44070953130722046
0.42883414030075073
0.4171696901321411
0.4068261682987213
0.3972172737121582
0.3883898854255676
0.38002318143844604
0.3720397353172302
0.3649066090583801
0.35814952850341797
0.3520315885543823
0.34614941477775574
0.34078723192214966
0.3356042206287384
0.3307912349700928
0.3262642025947571
0.3220624327659607
0.3180340528488159
0.3142406940460205
0.3106722831726074
0.3072947859764099
0.30406367778778076
0.3010048270225525
0.29809850454330444
0.29532837867736816
0.29267868399620056
0.29014551639556885
0.28770530223846436
0.2853878438472748
0.2831622362136841
0.28102463483810425
0.2789614200592041
0.27699771523475647
0.27509889006614685
0.2732792794704437
0.27151671051979065
0.2698217034339905
0.268179714679718
0.2665940821170807
0.2650581896305084
0.26357007026672363
0.26213735342025757
0.26074549555778503
0.259399950504303
0.25809216499328613
0.2568252682685852
0.25559455156326294
0.2543947398662567
0.2532291114330292
0.2520930767059326
0.250986784696579
0.24990634620189667
0.2488524615764618
0.2478264719247818
0.246823251247406
0.24584311246871948
0.24488551914691925
0.24395033717155457
0.2430371642112732
0.2421424388885498
0.24126717448234558
0.2404097616672516
0.2395693063735962
0.23874574899673462
0.23793774843215942
0.23714579641819
0.23636913299560547
0.23560798168182373
0.23486080765724182
0.2341262400150299
0.2334040105342865
0.2326940894126892
0.2319968342781067
0.2313109040260315
0.2306358516216278
0.22997181117534637
0.229318767786026
0.2286757528781891
0.22804304957389832
0.22742053866386414
0.22680768370628357
0.2262040078639984
0.22560971975326538
0.2250244915485382
0.22444745898246765
0.22387799620628357
0.22331659495830536
0.2227630317211151
0.22221653163433075
0.22167760133743286
0.2211456000804901
0.2206210494041443
0.22010257840156555
0.21959052979946136
0.2190851867198944
0.218586266040802
0.21809306740760803
0.21760603785514832
0.2171255648136139
0.21665135025978088
0.2161824107170105
0.21571922302246094
0.21526211500167847
0.21480995416641235
0.21436282992362976
0.21392042934894562
0.21348291635513306
0.21305027604103088
0.21262258291244507
0.2121993601322174
0.21178069710731506
0.21136625111103058
0.2109559178352356
0.2105499505996704
0.21014869213104248
0.20975105464458466
0.20935779809951782
0.20896869897842407
0.2085835039615631
0.2082015872001648
0.2078237384557724
0.20744967460632324
0.20707932114601135
0.206712543964386
0.20634910464286804
0.20598900318145752
0.20563264191150665
0.20527932047843933
0.20492896437644958
0.20458152890205383
0.20423680543899536
0.20389488339424133
0.20355567336082458
0.20321929454803467
0.20288598537445068
0.20255564153194427
0.20222988724708557
0.20190992951393127
0.20160028338432312
0.20130720734596252
0.20104753971099854
0.20084038376808167
0.2007395327091217
0.20074427127838135
0.2009294629096985
0.2009747475385666
0.20086923241615295
0.1999748945236206
0.19890481233596802
0.19828376173973083
0.19836245477199554
0.19851961731910706
0.19812437891960144
0.19741854071617126
0.19683845341205597
0.19668546319007874
0.19669972360134125
0.1964874267578125
0.1960422694683075
0.19550621509552002
0.19513490796089172
0.1949588656425476
0.19484318792819977
0.19468224048614502
0.19438615441322327
0.19401556253433228
0.19360408186912537
0.19324848055839539
0.19297629594802856
0.19277139008045197
0.1926087737083435
0.19246423244476318
0.19235914945602417
0.19224153459072113
0.19214394688606262
0.1919141560792923
0.19159190356731415
0.1910802274942398
0.19057464599609375
0.19020675122737885
0.19002825021743774
0.18996018171310425
0.18989625573158264
0.18982484936714172
0.1896389126777649
0.18938356637954712
0.1889556646347046
0.18849462270736694
0.18809205293655396
0.18784791231155396
0.18773022294044495
0.18766574561595917
0.18764422833919525
0.1876019537448883
0.18759483098983765
0.18741455674171448
0.18711501359939575
0.1865389496088028
0.18596985936164856
0.18561908602714539
0.18554003536701202
0.18558093905448914
0.18555964529514313
0.18547184765338898
0.18517756462097168
0.1847819685935974
0.1843019425868988
0.18393194675445557
0.18373683094978333
0.1836664378643036
0.18366310000419617
0.1836661398410797
0.18372608721256256
0.18367931246757507
0.18358244001865387
0.1831415891647339
0.182555690407753
0.18198759853839874
0.1817503273487091
0.18178986012935638
0.1818574070930481
0.1818493902683258
0.18162637948989868
0.1812824010848999
0.18080314993858337
0.18040494620800018
0.18018925189971924
0.18012775480747223
0.1801440417766571
0.18017785251140594
0.18028415739536285
0.1803213357925415
0.18035811185836792
0.18002572655677795
0.17947053909301758
0.17875343561172485
0.17837294936180115
0.1784084439277649
0.17854911088943481
0.17858684062957764
0.1783403754234314
0.1779353767633438
0.1774471253156662
0.177118718624115
0.17701202630996704
0.17703333497047424
0.17711183428764343
0.17717595398426056
0.17729347944259644
0.1772322803735733
0.1770538091659546
0.1764785200357437
0.1758316606283188
0.1754257082939148
0.17542056739330292
0.1755904257297516
0.17564819753170013
0.17557519674301147
0.1752374768257141
0.17479407787322998
0.17434296011924744
0.17409583926200867
0.17405322194099426
0.17410805821418762
0.1742272675037384
0.17433612048625946
0.17453430593013763
0.1745322346687317
0.17440165579319
0.17374655604362488
0.17299258708953857
0.17255344986915588
0.17263618111610413
0.17289793491363525
0.172929048538208
0.17272889614105225
0.1722317636013031
0.17174476385116577
0.17147690057754517
0.1714673936367035
0.17157919704914093
0.17167480289936066
0.17180562019348145
0.17180313169956207
0.17174917459487915
0.1713220328092575
0.17074571549892426
0.1702171415090561
0.17006006836891174
0.17018845677375793
0.17034077644348145
0.17044320702552795
0.17032881081104279
0.17008841037750244
0.16960245370864868
0.16913822293281555
0.16887851059436798
0.1688612699508667
0.16897448897361755
0.16911117732524872
0.1693422794342041
0.16950762271881104
0.16973339021205902
0.16948267817497253
0.1689305454492569
0.16803044080734253
0.16757690906524658
0.16775470972061157
0.1680561602115631
0.16814586520195007
0.16780433058738708
0.16729001700878143
0.16682639718055725
0.16669349372386932
0.16681423783302307
0.16696584224700928
0.16710084676742554
0.16706925630569458
0.1669580191373825
0.16656476259231567
0.16608378291130066
0.16566412150859833
0.16552841663360596
0.1656223088502884
0.16577467322349548
0.1659734696149826
0.1661096215248108
0.1663014441728592
0.16614452004432678
0.16575025022029877
0.16498097777366638
0.16446052491664886
0.16444765031337738
0.1646815538406372
0.1648939847946167
0.16490069031715393
0.16479098796844482
0.16434770822525024
0.16382761299610138
0.16348589956760406
0.16347335278987885
0.1635895073413849
0.16367579996585846
0.16388365626335144
0.16416533291339874
0.16461628675460815
0.16460558772087097
0.16440069675445557
0.16363728046417236
0.16298645734786987
0.16253095865249634
0.16251827776432037
0.1628788560628891
0.16302326321601868
0.1627654880285263
0.16214075684547424
0.1617726981639862
0.16171109676361084
0.1616414189338684
0.16161876916885376
0.1617816686630249
0.1620742380619049
0.16217808425426483
0.1624196171760559
0.16264566779136658
0.16304323077201843
0.1625046581029892
0.1614699810743332
0.1606062948703766
0.16069328784942627
0.16091367602348328
0.16083770990371704
0.16099347174167633
0.16095858812332153
0.16048836708068848
0.15984386205673218
0.15977872908115387
0.15983086824417114
0.15958350896835327
0.15953540802001953
0.15983173251152039
0.1602424681186676
0.16077430546283722
0.16248475015163422
0.1647663712501526
0.1685257852077484
0.16697104275226593
0.16359058022499084
0.1599292755126953
0.16123653948307037
0.16308799386024475
0.1612893044948578
0.15982070565223694
0.15998102724552155
0.16053278744220734
0.16010452806949615
0.1587228924036026
0.15906506776809692
0.15982535481452942
0.15858668088912964
0.15796326100826263
0.1585860252380371
0.1583877056837082
0.1578729897737503
0.15770789980888367
0.15753090381622314
0.15740202367305756
0.15745441615581512
0.1573709100484848
0.1570364534854889
0.156801238656044
0.15670102834701538
0.1565791815519333
0.1563735157251358
0.15627986192703247
0.15631210803985596
0.15625351667404175
0.15630273520946503
0.156788632273674
0.15806075930595398
0.1600222885608673
0.16451825201511383
0.1668810248374939
0.1675894409418106
0.15841437876224518
0.1569126546382904
0.16202707588672638
0.15925747156143188
0.15656328201293945
0.15809258818626404
0.1578843891620636
0.15676479041576385
0.1567060351371765
0.15662652254104614
0.15632297098636627
0.15599440038204193
0.15585407614707947
0.15555517375469208
0.15536940097808838
0.1554727852344513
0.15491950511932373
0.1546478569507599
0.15498676896095276
0.154561847448349
0.1542074978351593
0.15440529584884644
0.15411831438541412
0.15379437804222107
0.15389686822891235
0.1537407487630844
0.15351232886314392
0.15352238714694977
0.15343236923217773
0.153367817401886
0.15346002578735352
0.15368950366973877
0.15428300201892853
0.1558331549167633
0.15757693350315094
0.1603638231754303
0.15936674177646637
0.15635409951210022
0.15288542211055756
0.154863178730011
0.15689192712306976
0.15403513610363007
0.15291397273540497
0.15442685782909393
0.15401622653007507
0.15303942561149597
0.1528625190258026
0.15309597551822662
0.15312331914901733
0.1524072140455246
0.15223650634288788
0.15254463255405426
0.15216198563575745
0.15195123851299286
0.15198570489883423
0.15161098539829254
0.1515367031097412
0.15171390771865845
0.15147657692432404
0.15123097598552704
0.1511838138103485
0.15101321041584015
0.15092870593070984
0.1508910208940506
0.15071412920951843
0.15066248178482056
0.15073344111442566
0.15073946118354797
0.15089181065559387
0.15161775052547455
0.15299317240715027
0.15623261034488678
0.15931324660778046
0.16291192173957825
0.1566769927740097
0.1514083445072174
0.1533922255039215
0.15504460036754608
0.15295541286468506
0.15148988366127014
0.15273280441761017
0.15288251638412476
0.15131674706935883
0.15127894282341003
0.15197370946407318
0.1510930061340332
0.15049219131469727
0.15105460584163666
0.1506521999835968
0.14999240636825562
0.15037044882774353
0.15021851658821106
0.14958477020263672
0.14980649948120117
0.1498745083808899
0.14936599135398865
0.14931684732437134
0.14935767650604248
0.14915035665035248
0.14906740188598633
0.14895418286323547
0.14884403347969055
0.14886900782585144
0.1487463414669037
0.14858898520469666
0.1486942619085312
0.1487928330898285
0.1489173322916031
0.14940661191940308
0.15062808990478516
0.1519537717103958
0.15397962927818298
0.15329864621162415
0.15111203491687775
0.14846071600914001
0.14949104189872742
0.15101522207260132
0.14958465099334717
0.14860114455223083
0.14904309809207916
0.14906102418899536
0.14874807000160217
0.1483963578939438
0.14824658632278442
0.14831361174583435
0.14817100763320923
0.14791053533554077
0.14785811305046082
0.1477569192647934
0.14751045405864716
0.14759065210819244
0.1476929485797882
0.1473241150379181
0.14709064364433289
0.14717786014080048
0.14711715281009674
0.14696146547794342
0.14692893624305725
0.14689864218235016
0.14686989784240723
0.14701774716377258
0.14727312326431274
0.14784890413284302
0.14904001355171204
0.15182730555534363
0.15385831892490387
0.15551793575286865
0.15091581642627716
0.1476254165172577
0.14881110191345215
0.14997778832912445
0.14898763597011566
0.1475512683391571
0.14821583032608032
0.1486302763223648
0.14732810854911804
0.14732961356639862
0.1479857712984085
0.1470072716474533
0.14657261967658997
0.1472788155078888
0.14685064554214478
0.14617064595222473
0.14651519060134888
0.1465366780757904
0.14602836966514587
0.1460210084915161
0.1461876481771469
0.14594435691833496
0.14577999711036682
0.1458735167980194
0.14581507444381714
0.1457631140947342
0.14589795470237732
0.14619965851306915
0.14684438705444336
0.14845478534698486
0.15017490088939667
0.1526469886302948
0.15156298875808716
0.14908458292484283
0.14596176147460938
0.14725908637046814
0.14939606189727783
0.147257000207901
0.14566543698310852
0.14691674709320068
0.14696544408798218
0.14578327536582947
0.14592617750167847
0.14636394381523132
0.1456024944782257
0.1452723890542984
0.1457921415567398
0.14557337760925293
0.14507350325584412
0.1451326608657837
0.14516663551330566
0.14493867754936218
0.1448540985584259
0.14479169249534607
0.14466995000839233
0.14465904235839844
0.14459708333015442
0.14441253244876862
0.14439824223518372
0.14447253942489624
0.14437119662761688
0.14435487985610962
0.144773468375206
0.14602050185203552
0.14878490567207336
0.1565699279308319
0.16409939527511597
0.17342430353164673
0.15321120619773865
0.14679354429244995
0.15752488374710083
0.15239757299423218
0.14796806871891022
0.15119701623916626
0.14937564730644226
0.14799362421035767
0.14925947785377502
0.1476353257894516
0.147413969039917
0.14767542481422424
0.1464787870645523
0.1471116542816162
0.146637424826622
0.1456594169139862
0.14646348357200623
0.14581480622291565
0.14518307149410248
0.14569008350372314
0.14519159495830536
0.14485909044742584
0.1450551152229309
0.14469566941261292
0.14453764259815216
0.14462997019290924
0.14428244531154633
0.14418849349021912
0.14427495002746582
0.144010990858078
0.14401459693908691
0.14420948922634125
0.14440006017684937
0.14546990394592285
0.1475738286972046
0.15205112099647522
0.15436023473739624
0.15522925555706024
0.14658990502357483
0.1452247053384781
0.15007060766220093
0.14687812328338623
0.14437998831272125
0.14680734276771545
0.1458340585231781
0.14419353008270264
0.14526714384555817
0.14495351910591125
0.1440591663122177
0.14442971348762512
0.14417722821235657
0.14392034709453583
0.1439322531223297
0.14356163144111633
0.1436588019132614
0.14359450340270996
0.1431387960910797
0.14327678084373474
0.143312469124794
0.1429109126329422
0.142892524600029
0.142998605966568
0.14276260137557983
0.1426357924938202
0.14268805086612701
0.14254117012023926
0.1424553543329239
0.14251601696014404
0.14241762459278107
0.14238294959068298
0.14262047410011292
0.14308534562587738
0.1439392864704132
0.14612388610839844
0.14842233061790466
0.1514265388250351
0.14840978384017944
0.1445140242576599
0.14368322491645813
0.1459161639213562
0.14601927995681763
0.14308516681194305
0.14352042973041534
0.14527134597301483
0.14348375797271729
0.14247886836528778
0.14371101558208466
0.143459290266037
0.14234410226345062
0.14249679446220398
0.14303845167160034
0.14251266419887543
0.14197447896003723
0.14239075779914856
0.14246702194213867
0.1419449746608734
0.1418738067150116
0.14205405116081238
0.14192704856395721
0.14168891310691833
0.14162223041057587
0.1416807770729065
0.14163453876972198
0.14149872958660126
0.14139840006828308
0.14135989546775818
0.14137615263462067
0.1413617581129074
0.1412440538406372
0.14116299152374268
0.141204833984375
0.14133192598819733
0.1415029913187027
0.14192652702331543
0.14287905395030975
0.14525769650936127
0.14794522523880005
0.15149855613708496
0.14787155389785767
0.14297616481781006
0.14262986183166504
0.14560195803642273
0.14525505900382996
0.14212632179260254
0.1429394781589508
0.14447447657585144
0.14258061349391937
0.14189408719539642
0.14302870631217957
0.14256468415260315
0.14172658324241638
0.1418924331665039
0.14209984242916107
0.1418227255344391
0.14143343269824982
0.14141738414764404
0.14159075915813446
0.14142374694347382
0.1410985291004181
0.14097777009010315
0.1411449909210205
0.14121854305267334
0.1408654898405075
0.1406499445438385
0.14078496396541595
0.14081694185733795
0.1407119333744049
0.1406649798154831
0.14060798287391663
0.14046475291252136
0.14037875831127167
0.14039288461208344
0.14041966199874878
0.14040587842464447
0.1403651386499405
0.1404014527797699
0.1404632329940796
0.14052104949951172
0.14065419137477875
0.14115867018699646
0.14200514554977417
0.14359277486801147
0.14456650614738464
0.14505937695503235
0.14244091510772705
0.14055928587913513
0.14149565994739532
0.1425696462392807
0.1421041637659073
0.14136679470539093
0.14268241822719574
0.14360105991363525
0.1427079737186432
0.14128361642360687
0.14206050336360931
0.14227135479450226
0.14100821316242218
0.14033398032188416
0.14109903573989868
0.14101992547512054
0.14030900597572327
0.1406289041042328
0.14098817110061646
0.14060339331626892
0.14033038914203644
0.14081592857837677
0.1409517228603363
0.14068996906280518
0.14070111513137817
0.14116311073303223
0.1408534049987793
0.1402800977230072
0.14005443453788757
0.14013716578483582
0.13990694284439087
0.13965873420238495
0.13975867629051208
0.1399824619293213
0.14005501568317413
0.14006488025188446
0.14051450788974762
0.14115044474601746
0.14196307957172394
0.1420171856880188
0.14209294319152832
0.14138290286064148
0.14067164063453674
0.13999702036380768
0.14001882076263428
0.14062875509262085
0.14071616530418396
0.1401885449886322
0.13965873420238495
0.1397692859172821
0.13988113403320312
0.13972073793411255
0.1397794783115387
0.13989949226379395
0.13982705771923065
0.13955122232437134
0.1394667625427246
0.13955199718475342
0.13950610160827637
0.13924694061279297
0.13921533524990082
0.13942261040210724
0.13953208923339844
0.13957679271697998
0.14012236893177032
0.14138281345367432
0.14414986968040466
0.14694997668266296
0.1513994038105011
0.14910493791103363
0.14541539549827576
0.14157213270664215
0.1441129595041275
0.14736701548099518
0.14285334944725037
0.1407962590456009
0.14362701773643494
0.14278286695480347
0.14028730988502502
0.14096684753894806
0.14200401306152344
0.1406588852405548
0.14000947773456573
0.141038715839386
0.14065368473529816
0.13983172178268433
0.14044500887393951
0.140494704246521
0.14005210995674133
0.14068159461021423
0.14206868410110474
0.1434917449951172
0.1469934731721878
0.14864294230937958
0.14843511581420898
0.14133703708648682
0.1408262401819229
0.1446058452129364
0.14196881651878357
0.14124631881713867
0.14238543808460236
0.14041797816753387
0.1403946578502655
0.14137497544288635
0.14014288783073425
0.1401967704296112
0.14066889882087708
0.14007751643657684
0.1401158571243286
0.14026138186454773
0.14022284746170044
0.14016254246234894
0.14083139598369598
0.1409648209810257
0.1411871612071991
0.14124488830566406
0.1407289355993271
0.1394524872303009
0.13933075964450836
0.13934823870658875
0.1394886076450348
0.13989372551441193
0.1395806074142456
0.13932374119758606
0.1389768272638321
0.13883426785469055
0.13895130157470703
0.13879886269569397
0.13891957700252533
0.13908733427524567
0.1389976292848587
0.13910183310508728
0.13930517435073853
0.13909754157066345
0.1389709860086441
0.13869741559028625
0.13845713436603546
0.1383887082338333
0.13832753896713257
0.13837282359600067
0.13846758008003235
0.13842572271823883
0.1383696347475052
0.1384892463684082
0.13879339396953583
0.1396966129541397
0.14124661684036255
0.1444750279188156
0.14646032452583313
0.14818218350410461
0.14372065663337708
0.14345529675483704
0.1462414562702179
0.14482009410858154
0.1403757929801941
0.14154744148254395
0.14385971426963806
0.14021579921245575
0.1404675990343094
0.14174377918243408
0.13939017057418823
0.14035028219223022
0.14065749943256378
0.13904374837875366
0.1400708258152008
0.13985997438430786
0.1392621397972107
0.14041507244110107
0.14085020124912262
0.1434100866317749
0.14730015397071838
0.1543177366256714
0.15174426138401031
0.14658312499523163
0.14047814905643463
0.1438557505607605
0.14730419218540192
0.1431448757648468
0.14063143730163574
0.14218221604824066
0.1435137689113617
0.1409732550382614
0.13982120156288147
0.14167802035808563
0.140771746635437
0.14060278236865997
0.14036452770233154
0.13929510116577148
0.14012715220451355
0.13986490666866302
0.13980458676815033
0.13952720165252686
0.13868865370750427
0.13932940363883972
0.13884150981903076
0.1388683319091797
0.13915088772773743
0.1388210505247116
0.1391383409500122
0.13863719999790192
0.13864289224147797
0.13856130838394165
0.1381579339504242
0.13819143176078796
0.13798409700393677
0.13794086873531342
0.13795000314712524
0.13774055242538452
0.1378290057182312
0.13781887292861938
0.1378195583820343
0.13812218606472015
0.13860169053077698
0.14010155200958252
0.1424151062965393
0.14669601619243622
0.14712992310523987
0.14478814601898193
0.13860087096691132
0.1403021514415741
0.14410637319087982
0.14060625433921814
0.1384289264678955
0.1405317783355713
0.14061108231544495
0.1387777328491211
0.1385347843170166
0.1398477852344513
0.13924889266490936
0.13797731697559357
0.13878148794174194
0.13908623158931732
0.1381872445344925
0.13806994259357452
0.13830916583538055
0.1383383572101593
0.13795876502990723
0.1376313716173172
0.13798585534095764
0.13792812824249268
0.13755376636981964
0.13761523365974426
0.1375342160463333
0.1375136375427246
0.13750101625919342
0.1373022198677063
0.1373785138130188
0.13738849759101868
0.13723242282867432
0.13726937770843506
0.1373838186264038
0.13763967156410217
0.1383228898048401
0.13902460038661957
0.14029984176158905
0.1409023106098175
0.1416632980108261
0.14111143350601196
0.14270612597465515
0.14355479180812836
0.1425044685602188
0.13944977521896362
0.13911862671375275
0.1413615494966507
0.13969527184963226
0.1379723846912384
0.13941702246665955
0.13920095562934875
0.1375580132007599
0.13833338022232056
0.13872577250003815
0.13756749033927917
0.1377045065164566
0.13817188143730164
0.13764561712741852
0.13750119507312775
0.13814058899879456
0.13831286132335663
0.13902831077575684
0.1410062313079834
0.1447344273328781
0.145670086145401
0.14569658041000366
0.14054736495018005
0.13860151171684265
0.14067749679088593
0.14128521084785461
0.1398884505033493
0.13811324536800385
0.13923901319503784
0.14047405123710632
0.1385737657546997
0.1375691145658493
0.13862277567386627
0.1388057917356491
0.13797679543495178
0.13748440146446228
0.137811541557312
0.1379120647907257
0.13759689033031464
0.13743606209754944
0.1375182867050171
0.13737572729587555
0.13697081804275513
0.13707579672336578
0.1371973156929016
0.1370249092578888
0.1370154619216919
0.1369040459394455
0.13693401217460632
0.13706056773662567
0.13700908422470093
0.13702811300754547
0.13738000392913818
0.13771452009677887
0.1381177306175232
0.1381189525127411
0.13797710835933685
0.13740767538547516
0.13712069392204285
0.1368727684020996
0.13669748604297638
0.1369652897119522
0.1372121125459671
0.1371043175458908
0.13670316338539124
0.13640376925468445
0.1363687664270401
0.1365736871957779
0.13663317263126373
0.13654039800167084
0.1366555392742157
0.13680952787399292
0.13686245679855347
0.13667072355747223
0.13650372624397278
0.13646146655082703
0.13650768995285034
0.13641907274723053
0.13622090220451355
0.13606426119804382
0.1361044943332672
0.13616707921028137
0.1360897272825241
0.13597624003887177
0.1359524130821228
0.13598036766052246
0.13599318265914917
0.13597369194030762
0.1360042542219162
0.13629159331321716
0.13754355907440186
0.14147022366523743
0.15474632382392883
0.17316019535064697
0.21134324371814728
0.16705551743507385
0.1482376903295517
0.16542120277881622
0.17509040236473083
0.1780158281326294
0.1515558809041977
0.15786749124526978
0.17160214483737946
0.15596875548362732
0.1611448973417282
0.1652332991361618
0.15331584215164185
0.15880820155143738
0.15498587489128113
0.1501840353012085
0.15770356357097626
0.15359434485435486
0.1605711281299591
0.1653207540512085
0.17616593837738037
0.15811090171337128
0.15236152708530426
0.1501116156578064
0.15460774302482605
0.1527685821056366
0.14707623422145844
0.1514178365468979
0.1474638432264328
0.14921048283576965
0.146442711353302
0.14786383509635925
0.1452236771583557
0.14442119002342224
0.14402315020561218
0.14382405579090118
0.14388331770896912
0.14205992221832275
0.1432831585407257
0.14270630478858948
0.1436920166015625
0.14398464560508728
0.14590144157409668
0.1473066657781601
0.14553585648536682
0.14279507100582123
0.14029628038406372
0.14181889593601227
0.14244353771209717
0.14159128069877625
0.14020788669586182
0.14058774709701538
0.14002472162246704
0.13991382718086243
0.139957994222641
0.13961026072502136
0.13906927406787872
0.13867172598838806
0.1391020119190216
0.13889054954051971
0.13866128027439117
0.1382848620414734
0.1382431536912918
0.1382061094045639
0.1379331648349762
0.1378023326396942
0.13767309486865997
0.13780641555786133
0.13766197860240936
0.137586772441864
0.13763754069805145
0.13797076046466827
0.13845524191856384
0.13928952813148499
0.14013424515724182
0.14126256108283997
0.1403457373380661
0.13870948553085327
0.1372504085302353
0.13802587985992432
0.13907065987586975
0.13816730678081512
0.13708968460559845
0.13721805810928345
0.13782475888729095
0.13764934241771698
0.13693922758102417
0.13681185245513916
0.13714435696601868
0.1371724158525467
0.13679587841033936
0.13652418553829193
0.13663779199123383
0.13677707314491272
0.13661539554595947
0.13636364042758942
0.13634340465068817
0.1364326775074005
0.13637393712997437
0.13619548082351685
0.1361105889081955
0.13618358969688416
0.1362420618534088
0.13619960844516754
0.13615211844444275
0.136126309633255
0.13620083034038544
0.13635918498039246
0.1367129236459732
0.1371125876903534
0.13759401440620422
0.13743051886558533
0.1371202915906906
0.13667860627174377
0.13656647503376007
0.1364138126373291
0.13618691265583038
0.13632652163505554
0.13650618493556976
0.13633155822753906
0.13582992553710938
0.13569827377796173
0.13593752682209015
0.13595956563949585
0.13584685325622559
0.1358756273984909
0.13593806326389313
0.13572172820568085
0.1355021446943283
0.1355508416891098
0.13564738631248474
0.13548772037029266
0.135323166847229
0.13535171747207642
0.13538670539855957
0.135295107960701
0.13521234691143036
0.13524141907691956
0.13528135418891907
0.13523916900157928
0.13519808650016785
0.13529042899608612
0.13568678498268127
0.1368531584739685
0.14091798663139343
0.14959636330604553
0.170749694108963
0.16433975100517273
0.14761266112327576
0.1401318460702896
0.1544022113084793
0.15132825076580048
0.14018405973911285
0.1497984081506729
0.14755456149578094
0.14044970273971558
0.147824227809906
0.1433948576450348
0.1408243030309677
0.14528456330299377
0.13985475897789001
0.14124172925949097
0.14188767969608307
0.13855960965156555
0.14088907837867737
0.13903921842575073
0.13878753781318665
0.13962161540985107
0.13788224756717682
0.13888134062290192
0.13827334344387054
0.13754667341709137
0.13836704194545746
0.13727833330631256
0.13740766048431396
0.13753265142440796
0.13673487305641174
0.13713163137435913
0.13679997622966766
0.13649839162826538
0.1367364078760147
0.13636726140975952
0.13633069396018982
0.13647028803825378
0.1363014131784439
0.13659486174583435
0.1370408535003662
0.1376713216304779
0.1384275257587433
0.13918337225914001
0.13794521987438202
0.13637463748455048
0.1358300745487213
0.13657383620738983
0.137010395526886
0.13628114759922028
0.13559187948703766
0.13584688305854797
0.1362328976392746
0.1359001249074936
0.13536345958709717
0.1354575902223587
0.13572466373443604
0.13555344939231873
0.13532400131225586
0.1352381706237793
0.13527362048625946
0.13537298142910004
0.13538858294487
0.13528871536254883
0.13517464697360992
0.13520652055740356
0.13544169068336487
0.13559284806251526
0.13561716675758362
0.13539722561836243
0.13514776527881622
0.13481873273849487
0.13472500443458557
0.13492822647094727
0.1350504457950592
0.13498757779598236
0.1348205953836441
0.13470788300037384
0.13461309671401978
0.13456830382347107
0.134622722864151
0.1347225159406662
0.13480886816978455
0.1348060816526413
0.13476362824440002
0.13466279208660126
0.13455834984779358
0.13447260856628418
0.13445907831192017
0.1345992237329483
0.13496588170528412
0.13575607538223267
0.1366301327943802
0.1378202587366104
0.13751809298992157
0.1364283561706543
0.13472750782966614
0.13505809009075165
0.1363418698310852
0.13578274846076965
0.13470347225666046
0.13485248386859894
0.1356092244386673
0.13560323417186737
0.13487592339515686
0.13489985466003418
0.13565601408481598
0.13583829998970032
0.13562792539596558
0.13526234030723572
0.1354110836982727
0.13540717959403992
0.13469061255455017
0.13432374596595764
0.13468867540359497
0.13487829267978668
0.1346103399991989
0.13434262573719025
0.13435298204421997
0.1344413459300995
0.13440249860286713
0.13429787755012512
0.13414140045642853
0.13415852189064026
0.1342853456735611
0.13427114486694336
0.13425526022911072
0.13447698950767517
0.13486681878566742
0.13578124344348907
0.1370876133441925
0.13906200230121613
0.1385618895292282
0.13692140579223633
0.13503415882587433
0.13572058081626892
0.13698872923851013
0.13606557250022888
0.13494665920734406
0.13497884571552277
0.13548323512077332
0.13510504364967346
0.1345454603433609
0.13500699400901794
0.13487491011619568
0.1342230588197708
0.13453510403633118
0.1347169131040573
0.13421215116977692
0.13409803807735443
0.13429546356201172
0.13417574763298035
0.13404972851276398
0.13405229151248932
0.13403581082820892
0.13404059410095215
0.13398300111293793
0.13391605019569397
0.13399404287338257
0.13412559032440186
0.1342923492193222
0.13475601375102997
0.13604263961315155
0.13783492147922516
0.1410706639289856
0.14169307053089142
0.14198309183120728
0.13891467452049255
0.14059129357337952
0.14362531900405884
0.14086434245109558
0.13825087249279022
0.13747191429138184
0.13815169036388397
0.13772378861904144
0.1367940753698349
0.1369929015636444
0.13671532273292542
0.1362592875957489
0.13584750890731812
0.1358117163181305
0.13569433987140656
0.13519690930843353
0.1353575587272644
0.1351580023765564
0.13468611240386963
0.13508783280849457
0.13471080362796783
0.1344308853149414
0.13478320837020874
0.13448211550712585
0.13466857373714447
0.13502568006515503
0.13575920462608337
0.13753019273281097
0.14059314131736755
0.14113366603851318
0.14071710407733917
0.13602565228939056
0.13491779565811157
0.13754317164421082
0.13707061111927032
0.1350678652524948
0.1348334103822708
0.1359904408454895
0.13579989969730377
0.13470344245433807
0.1345534473657608
0.13503672182559967
0.1351747065782547
0.1343337893486023
0.13403375446796417
0.13461720943450928
0.13449245691299438
0.13421538472175598
0.1340406835079193
0.13382934033870697
0.13408425450325012
0.13415107131004333
0.13390910625457764
0.13378167152404785
0.1336454153060913
0.13365671038627625
0.13369858264923096
0.1337141990661621
0.1337287276983261
0.13360171020030975
0.13355785608291626
0.13349613547325134
0.13339389860630035
0.13341784477233887
0.1334555596113205
0.13348041474819183
0.13361696898937225
0.13374236226081848
0.13381975889205933
0.1338159143924713
0.13364319503307343
0.13338056206703186
0.13322730362415314
0.1332300305366516
0.1333700567483902
0.13352859020233154
0.13361656665802002
0.13397067785263062
0.13497059047222137
0.13824325799942017
0.14376260340213776
0.154678076505661
0.15008622407913208
0.1404784470796585
0.13667671382427216
0.14473871886730194
0.14539343118667603
0.13638438284397125
0.14106225967407227
0.145647794008255
0.13917146623134613
0.1420823037624359
0.14949513971805573
0.14418716728687286
0.1431521624326706
0.1421869695186615
0.13838961720466614
0.13920694589614868
0.14082571864128113
0.13802149891853333
0.1367914229631424
0.1386289894580841
0.13715621829032898
0.1363159418106079
0.13735806941986084
0.1365019530057907
0.13598284125328064
0.13622817397117615
0.13639108836650848
0.13567844033241272
0.1362544149160385
0.13678289949893951
0.13716661930084229
0.13820995390415192
0.13933593034744263
0.13787412643432617
0.13622502982616425
0.13468000292778015
0.13580332696437836
0.1361611932516098
0.1357177048921585
0.13554543256759644
0.13437899947166443
0.13485902547836304
0.13518528640270233
0.1349126100540161
0.134523406624794
0.1339835226535797
0.1343395859003067
0.13434435427188873
0.13428997993469238
0.1340952068567276
0.13393153250217438
0.13394637405872345
0.13358497619628906
0.13370196521282196
0.13370735943317413
0.13369478285312653
0.13378721475601196
0.13357515633106232
0.13368083536624908
0.13369151949882507
0.13364744186401367
0.13361145555973053
0.13348644971847534
0.13344359397888184
0.1334315836429596
0.13332533836364746
0.13324858248233795
0.13310763239860535
0.1330975592136383
0.13314275443553925
0.13313207030296326
0.13315951824188232
0.13315622508525848
0.1331617832183838
0.13327746093273163
0.13335572183132172
0.13350985944271088
0.1337842345237732
0.13468043506145477
0.1365354210138321
0.14076757431030273
0.14224176108837128
0.1412487030029297
0.13433600962162018
0.13564977049827576
0.13945530354976654
0.13538075983524323
0.1352844387292862
0.13819816708564758
0.13588117063045502
0.13540247082710266
0.1381562054157257
0.13639581203460693
0.1353946328163147
0.13594236969947815
0.13445886969566345
0.1337677240371704
0.13505679368972778
0.13454164564609528
0.13392230868339539
0.13465699553489685
0.13401612639427185
0.133538156747818
0.13401125371456146
0.13374242186546326
0.1333610713481903
0.13354653120040894
0.13343216478824615
0.13312403857707977
0.13319002091884613
0.13329893350601196
0.13313795626163483
0.1331748068332672
0.1334967166185379
0.13368967175483704
0.13440440595149994
0.13574589788913727
0.1381605565547943
0.13891038298606873
0.13868413865566254
0.13492728769779205
0.13408952951431274
0.136372372508049
0.1362745612859726
0.13484476506710052
0.13399255275726318
0.13476407527923584
0.13487455248832703
0.13380664587020874
0.13379855453968048
0.13408057391643524
0.13393965363502502
0.13373598456382751
0.13322937488555908
0.13338804244995117
0.133725106716156
0.1332734078168869
0.13296441733837128
0.13306649029254913
0.13318924605846405
0.13305747509002686
0.13289868831634521
0.13287456333637238
0.13270491361618042
0.13274408876895905
0.13289348781108856
0.13272306323051453
0.13268516957759857
0.13273504376411438
0.13269925117492676
0.1328718066215515
0.13340190052986145
0.13413293659687042
0.1355886161327362
0.1362697184085846
0.13667379319667816
0.13498342037200928
0.1350395828485489
0.13666076958179474
0.1370798945426941
0.13459540903568268
0.13297037780284882
0.13447146117687225
0.1349175125360489
0.13346584141254425
0.13327795267105103
0.13426578044891357
0.13371512293815613
0.13308142125606537
0.1336572915315628
0.13401088118553162
0.13364990055561066
0.13413789868354797
0.13489577174186707
0.13566556572914124
0.13502387702465057
0.13461826741695404
0.13405631482601166
0.13340120017528534
0.132859006524086
0.1334555745124817
0.13406409323215485
0.13334998488426208
0.1328585296869278
0.13303527235984802
0.13301672041416168
0.13268199563026428
0.13266706466674805
0.13289287686347961
0.1328566074371338
0.13288919627666473
0.1328825056552887
0.13291089236736298
0.13318802416324615
0.13348619639873505
0.1332283616065979
0.1331634223461151
0.1332198828458786
0.1331520825624466
0.13267681002616882
0.13240951299667358
0.1324329525232315
0.13258519768714905
0.13277757167816162
0.13278450071811676
0.13280487060546875
0.13290338218212128
0.13319969177246094
0.13315296173095703
0.13283765316009521
0.13247591257095337
0.13242800533771515
0.1324700117111206
0.1324416846036911
0.13226628303527832
0.1321871280670166
0.13235041499137878
0.13253158330917358
0.13280710577964783
0.1331690549850464
0.1340106576681137
0.13515739142894745
0.13738223910331726
0.13749569654464722
0.13612957298755646
0.13319756090641022
0.13375872373580933
0.13523730635643005
0.13449028134346008
0.13392287492752075
0.13383446633815765
0.13405267894268036
0.13399460911750793
0.13332991302013397
0.13274511694908142
0.13343459367752075
0.1334410011768341
0.1328175663948059
0.13347075879573822
0.13464957475662231
0.13500967621803284
0.13687840104103088
0.13850045204162598
0.14025883376598358
0.13828058540821075
0.13711947202682495
0.13635045289993286
0.13873447477817535
0.14030590653419495
0.1353411078453064
0.13462907075881958
0.13679102063179016
0.13578341901302338
0.13472574949264526
0.13420143723487854
0.13427188992500305
0.1351451873779297
0.1336733102798462
0.1336100697517395
0.1346595287322998
0.13462789356708527
0.1358235776424408
0.1396179348230362
0.1434239149093628
0.15089532732963562
0.14479899406433105
0.13740959763526917
0.13569457828998566
0.1403118073940277
0.14156275987625122
0.13696542382240295
0.13706733286380768
0.13796667754650116
0.13786397874355316
0.13692083954811096
0.13512781262397766
0.13673773407936096
0.13578581809997559
0.13469231128692627
0.13508349657058716
0.1346462368965149
0.13518080115318298
0.1347159594297409
0.1343662142753601
0.13485117256641388
0.13616888225078583
0.13704045116901398
0.13886107504367828
0.1385626196861267
0.13761505484580994
0.1346980780363083
0.13428233563899994
0.13584300875663757
0.1356036365032196
0.13431228697299957
0.1333903670310974
0.1341443955898285
0.13481013476848602
0.13375349342823029
0.13327381014823914
0.1333952248096466
0.13355085253715515
0.13370922207832336
0.13311263918876648
0.1331232786178589
0.13358691334724426
0.13379785418510437
0.13467885553836823
0.13530391454696655
0.13667190074920654
0.13597294688224792
0.13421237468719482
0.13311316072940826
0.1337559074163437
0.13463038206100464
0.133758544921875
0.1329033225774765
0.13330528140068054
0.13340747356414795
0.13272598385810852
0.13258223235607147
0.13282670080661774
0.13286887109279633
0.13256996870040894
0.13238488137722015
0.1327173262834549
0.13270185887813568
0.13252636790275574
0.13266101479530334
0.1331733614206314
0.13335341215133667
0.13347764313220978
0.133479505777359
0.13378086686134338
0.13320937752723694
0.13248278200626373
0.1323087215423584
0.13269436359405518
0.1330256164073944
0.1328568160533905
0.1325559765100479
0.1323406845331192
0.13234195113182068
0.13215181231498718
0.13204987347126007
0.13222526013851166
0.13229885697364807
0.13218256831169128
0.13194720447063446
0.1318332701921463
0.1319517195224762
0.1320263147354126
0.13211816549301147
0.1326117217540741
0.13422264158725739
0.1370827555656433
0.14316929876804352
0.14513850212097168
0.14492939412593842
0.13530926406383514
0.13599005341529846
0.14288340508937836
0.138479545712471
0.13620780408382416
0.1402008980512619
0.14232107996940613
0.14176306128501892
0.13953956961631775
0.13790801167488098
0.14062300324440002
0.1386195421218872
0.13577085733413696
0.13602083921432495
0.13640710711479187
0.13512912392616272
0.13466060161590576
0.13521364331245422
0.1353411078453064
0.13510338962078094
0.13533329963684082
0.13740459084510803
0.1397167295217514
0.14403009414672852
0.1425614356994629
0.13965493440628052
0.13516515493392944
0.13716690242290497
0.1384052336215973
0.13629862666130066
0.13634546101093292
0.13500213623046875
0.13614881038665771
0.13628478348255157
0.13417832553386688
0.1350642293691635
0.13463997840881348
0.13423320651054382
0.1344631463289261
0.13345828652381897
0.13359323143959045
0.13389766216278076
0.13343583047389984
0.13365229964256287
0.13326579332351685
0.13328053057193756
0.1339956521987915
0.1342497020959854
0.13564111292362213
0.13555648922920227
0.13549575209617615
0.13428768515586853
0.13346126675605774
0.13355691730976105
0.13366752862930298
0.13361036777496338
0.1330932080745697
0.1330430805683136
0.13295939564704895
0.1328311711549759
0.13268879055976868
0.13253752887248993
0.1327432245016098
0.13255804777145386
0.1322667896747589
0.132094606757164
0.13217532634735107
0.13235366344451904
0.13218380510807037
0.13201434910297394
0.13186298310756683
0.1319371610879898
0.13216283917427063
0.1322239488363266
0.13231489062309265
0.13257285952568054
0.133070170879364
0.13441875576972961
0.13529837131500244
0.13594436645507812
0.13404066860675812
0.1327022910118103
0.13320650160312653
0.13399609923362732
0.13365879654884338
0.13231149315834045
0.13279886543750763
0.1336684376001358
0.132714182138443
0.1318221241235733
0.13224157691001892
0.13256202638149261
0.1321297138929367
0.13170506060123444
0.1319774091243744
0.13220736384391785
0.13186165690422058
0.13169808685779572
0.13200415670871735
0.13231559097766876
0.13242825865745544
0.1330544650554657
0.13414570689201355
0.13594934344291687
0.13579489290714264
0.13433922827243805
0.13209103047847748
0.13246746361255646
0.13396957516670227
0.1334129124879837
0.13226917386054993
0.1323041021823883
0.13287100195884705
0.13269424438476562
0.13203810155391693
0.13206203281879425
0.13235542178153992
0.13229894638061523
0.13186664879322052
0.13158072531223297
0.13185590505599976
0.13202062249183655
0.13170380890369415
0.13148024678230286
0.13155394792556763
0.13165852427482605
0.1317146122455597
0.13159601390361786
0.1315898448228836
0.13195757567882538
0.13259145617485046
0.13310766220092773
0.1339116245508194
0.13405540585517883
0.13420070707798004
0.13356485962867737
0.1335844099521637
0.13338518142700195
0.13314633071422577
0.13357333838939667
0.13399381935596466
0.13361899554729462
0.1321103721857071
0.13231393694877625
0.1335679292678833
0.1333392858505249
0.1329711675643921
0.1325373351573944
0.13237488269805908
0.13248145580291748
0.13233481347560883
0.13199105858802795
0.13194099068641663
0.13208527863025665
0.13204199075698853
0.13192926347255707
0.13161489367485046
0.1316373348236084
0.13186976313591003
0.13178089261054993
0.13168151676654816
0.1318964660167694
0.13198870420455933
0.13246077299118042
0.13314563035964966
0.13405601680278778
0.13400088250637054
0.13385848701000214
0.13291187584400177
0.132419615983963
0.13240420818328857
0.13270895183086395
0.132793128490448
0.13228021562099457
0.1326642632484436
0.133103609085083
0.1328592449426651
0.13256950676441193
0.13293418288230896
0.13272841274738312
0.13234564661979675
0.13198818266391754
0.13162267208099365
0.13183525204658508
0.13211773335933685
0.13172036409378052
0.1314128190279007
0.13153652846813202
0.13182081282138824
0.13235929608345032
0.1337873339653015
0.13696074485778809
0.1463460475206375
0.1541481912136078
0.16398003697395325
0.1438656747341156
0.13643857836723328
0.1440887749195099
0.14681687951087952
0.14981654286384583
0.14211690425872803
0.14427833259105682
0.15313783288002014
0.15001462399959564
0.1424766182899475
0.14643460512161255
0.15682044625282288
0.15909546613693237
0.1762644499540329
0.17740966379642487
0.2144598662853241
0.1844194382429123
0.2029062956571579
0.1779061108827591
0.19224488735198975
0.2469002604484558
0.22532343864440918
0.2584773004055023
0.19577094912528992
0.19567808508872986
0.18874433636665344
0.20977617800235748
0.2635681629180908
0.2830779552459717
0.3196345865726471
0.19049420952796936
0.24863331019878387
0.2913662791252136
0.21504858136177063
0.2592537999153137
0.22061823308467865
0.21306592226028442
0.23505333065986633
0.22113071382045746
0.27512621879577637
0.25410711765289307
0.255922794342041
0.20082208514213562
0.20713895559310913
0.22795796394348145
0.19601982831954956
0.18967922031879425
0.18501999974250793
0.18706174194812775
0.1927555799484253
0.18498030304908752
0.18361878395080566
0.17438040673732758
0.16813167929649353
0.1648155152797699
0.1660616397857666
0.16768431663513184
0.16979876160621643
0.17355778813362122
0.16934320330619812
0.16359762847423553
0.1565520018339157
0.15600837767124176
0.15968039631843567
0.15775781869888306
0.1551642268896103
0.15165197849273682
0.1519140899181366
0.15249580144882202
0.1529386192560196
0.1511845737695694
0.1485823690891266
0.14782901108264923
0.1476738452911377
0.14779920876026154
0.1479867696762085
0.14786165952682495
0.14714306592941284
0.1455814391374588
0.14494314789772034
0.14402401447296143
0.1436675786972046
0.14365342259407043
0.14383013546466827
0.1441781222820282
0.14424444735050201
0.14480212330818176
0.14417263865470886
0.14359897375106812
0.14221224188804626
0.14114362001419067
0.14096803963184357
0.14141611754894257
0.14180412888526917
0.14150966703891754
0.14121893048286438
0.14057163894176483
0.13985122740268707
0.1394972950220108
0.13964354991912842
0.13984955847263336
0.13987189531326294
0.13999086618423462
0.1399652361869812
0.13986076414585114
0.13932427763938904
0.13882799446582794
0.13839206099510193
0.13819868862628937
0.1382388025522232
0.13834445178508759
0.13847921788692474
0.1386266052722931
0.13901133835315704
0.13909472525119781
0.1390063464641571
0.1383674144744873
0.13783560693264008
0.1374540627002716
0.13729731738567352
0.13738633692264557
0.1376308649778366
0.13783665001392365
0.137602299451828
0.13722896575927734
0.13685321807861328
0.13668712973594666
0.1366361677646637
0.13663291931152344
0.13671287894248962
0.13681751489639282
0.13709083199501038
0.1373913586139679
0.13786381483078003
0.1378720998764038
0.13781803846359253
0.13723604381084442
0.13673007488250732
0.13616794347763062
0.1361245959997177
0.13662423193454742
0.1367788314819336
0.1364222764968872
0.13582992553710938
0.13574950397014618
0.13589359819889069
0.13579273223876953
0.13576677441596985
0.13594481348991394
0.13608749210834503
0.1358751356601715
0.13568317890167236
0.13560935854911804
0.13558125495910645
0.13538016378879547
0.13523177802562714
0.13517726957798004
0.13508790731430054
0.1349611133337021
0.13493381440639496
0.13495120406150818
0.13487102091312408
0.13474729657173157
0.13472580909729004
0.13482002913951874
0.13500484824180603
0.13569898903369904
0.1380138397216797
0.14587900042533875
0.15691739320755005
0.1771273910999298
0.15184590220451355
0.1382514238357544
0.15062208473682404
0.1436539739370346
0.13943696022033691
0.14515185356140137
0.1397506445646286
0.14025768637657166
0.1425868421792984
0.1381746381521225
0.14051014184951782
0.1403530240058899
0.13761594891548157
0.14018602669239044
0.13816392421722412
0.13766217231750488
0.13897457718849182
0.13664039969444275
0.13773325085639954
0.13735589385032654
0.13622218370437622
0.13717006146907806
0.13610602915287018
0.13619540631771088
0.1363435983657837
0.1355581283569336
0.13590219616889954
0.13559916615486145
0.13531020283699036
0.13546842336654663
0.13511067628860474
0.13500046730041504
0.13503678143024445
0.13476411998271942
0.13468170166015625
0.1347295045852661
0.13445715606212616
0.13444851338863373
0.13445614278316498
0.13418807089328766
0.1342380791902542
0.13419002294540405
0.1339973360300064
0.13402536511421204
0.1339658498764038
0.13384051620960236
0.13382136821746826
0.13378073275089264
0.1337127536535263
0.13365821540355682
0.1336498260498047
0.1336686611175537
0.13372159004211426
0.1339673548936844
0.13462725281715393
0.1355496495962143
0.13726383447647095
0.1377132087945938
0.1370396763086319
0.1342376470565796
0.13371381163597107
0.13531190156936646
0.1351599246263504
0.13387556374073029
0.13359856605529785
0.13432548940181732
0.13430236279964447
0.13357216119766235
0.1334916055202484
0.13381348550319672
0.13372136652469635
0.13338768482208252
0.13321048021316528
0.13337786495685577
0.13349086046218872
0.13319090008735657
0.13295163214206696
0.1330755650997162
0.13320335745811462
0.13305559754371643
0.13283789157867432
0.13283297419548035
0.1328781396150589
0.13285435736179352
0.13283215463161469
0.13279150426387787
0.13271935284137726
0.13261914253234863
0.1325821876525879
0.13262087106704712
0.1326180249452591
0.13256950676441193
0.13255149126052856
0.13257738947868347
0.13260029256343842
0.13267391920089722
0.13284124433994293
0.1332583725452423
0.1337394416332245
0.13433636724948883
0.13406798243522644
0.13348722457885742
0.13282743096351624
0.13283051550388336
0.13318036496639252
0.13313177227973938
0.13280916213989258
0.13250792026519775
0.13263829052448273
0.1328580677509308
0.13266852498054504
0.13231021165847778
0.13228149712085724
0.13250285387039185
0.1325027197599411
0.1322246938943863
0.13214173913002014
0.13233141601085663
0.13244473934173584
0.13238871097564697
0.13253414630889893
0.13313886523246765
0.13447782397270203
0.13582433760166168
0.1377209573984146
0.1367279291152954
0.1346677839756012
0.13293465971946716
0.1341112107038498
0.13538026809692383
0.13360059261322021
0.1325681358575821
0.13367272913455963
0.1336878538131714
0.13269375264644623
0.13261578977108002
0.13308924436569214
0.13279063999652863
0.13239675760269165
0.1326611042022705
0.13258445262908936
0.13218162953853607
0.13237766921520233
0.13246548175811768
0.132055401802063
0.132012277841568
0.13224947452545166
0.13206064701080322
0.13183432817459106
0.13196270167827606
0.1319921910762787
0.13180914521217346
0.13177692890167236
0.13187459111213684
0.13181059062480927
0.13169874250888824
0.13175809383392334
0.13189132511615753
0.13196755945682526
0.1322382539510727
0.13280940055847168
0.13383238017559052
0.1343749612569809
0.13474829494953156
0.13362859189510345
0.13246530294418335
0.13200537860393524
0.13266417384147644
0.1333034783601761
0.1325967162847519
0.13174712657928467
0.13191072642803192
0.13250583410263062
0.13243690133094788
0.13174793124198914
0.13163137435913086
0.1320076584815979
0.1319972723722458
0.13175781071186066
0.13166598975658417
0.13165952265262604
0.13158263266086578
0.13158904016017914
0.13169364631175995
0.13162662088871002
0.13142237067222595
0.13133293390274048
0.1314196139574051
0.13146181404590607
0.1313878893852234
0.1313561648130417
0.1314295530319214
0.13149476051330566
0.1314564049243927
0.1314874291419983
0.13170893490314484
0.13221114873886108
0.13277725875377655
0.13369497656822205
0.13390043377876282
0.13374146819114685
0.13213397562503815
0.13147470355033875
0.13234591484069824
0.13265423476696014
0.13197018206119537
0.1313818097114563
0.13197341561317444
0.13244453072547913
0.13194726407527924
0.13177451491355896
0.13264787197113037
0.13345852494239807
0.1343335062265396
0.13453465700149536
0.13487592339515686
0.13329793512821198
0.13183869421482086
0.13235430419445038
0.13305579125881195
0.1325477510690689
0.1319073736667633
0.13224081695079803
0.13200578093528748
0.1315278559923172
0.13190604746341705
0.13206681609153748
0.13159552216529846
0.13139000535011292
0.13174208998680115
0.13162779808044434
0.13127033412456512
0.1313629150390625
0.13150405883789062
0.13124464452266693
0.13126003742218018
0.13154082000255585
0.13162833452224731
0.1317104697227478
0.13234934210777283
0.1328807920217514
0.13336777687072754
0.13301938772201538
0.1325986236333847
0.13158540427684784
0.13111668825149536
0.13171251118183136
0.13218864798545837
0.131930410861969
0.13129055500030518
0.13128578662872314
0.13149124383926392
0.13133469223976135
0.13123558461666107
0.13126681745052338
0.1311938315629959
0.13105854392051697
0.1311664879322052
0.13126227259635925
0.13105975091457367
0.13085365295410156
0.13094273209571838
0.13107766211032867
0.1311216950416565
0.13121964037418365
0.13168193399906158
0.1322292983531952
0.13312168419361115
0.13384144008159637
0.13505801558494568
0.1341831386089325
0.1321849822998047
0.13098883628845215
0.13228672742843628
0.13337130844593048
0.13234451413154602
0.1318412870168686
0.13235291838645935
0.13232572376728058
0.13164135813713074
0.13158227503299713
0.1316816806793213
0.13119730353355408
0.13106991350650787
0.13152648508548737
0.13127556443214417
0.13076482713222504
0.1310868114233017
0.13120029866695404
0.1308266967535019
0.13098444044589996
0.13133779168128967
0.13138562440872192
0.13222362101078033
0.13384225964546204
0.1367722600698471
0.13785463571548462
0.13876168429851532
0.13484013080596924
0.13270798325538635
0.1338908076286316
0.1347137689590454
0.13381661474704742
0.13190869987010956
0.13299867510795593
0.13404972851276398
0.13186015188694
0.13157013058662415
0.13298989832401276
0.13198363780975342
0.13120374083518982
0.13186746835708618
0.13172078132629395
0.131262868642807
0.13130801916122437
0.1314747929573059
0.13131125271320343
0.13120219111442566
0.1316205859184265
0.13211342692375183
0.1323516070842743
0.13364848494529724
0.13429400324821472
0.13400721549987793
0.13228511810302734
0.13158591091632843
0.13147777318954468
0.13175086677074432
0.132116436958313
0.13178493082523346
0.13136319816112518
0.13091930747032166
0.13112066686153412
0.13155212998390198
0.1310826539993286
0.13077421486377716
0.13102714717388153
0.13089293241500854
0.13064217567443848
0.13074816763401031
0.13070768117904663
0.13056252896785736
0.13057054579257965
0.1306062787771225
0.13070212304592133
0.13072578608989716
0.13077904284000397
0.13106799125671387
0.13163693249225616
0.13209018111228943
0.1329631805419922
0.1331453174352646
0.13269340991973877
0.13103991746902466
0.13051599264144897
0.13133792579174042
0.13177187740802765
0.13144904375076294
0.13074007630348206
0.1308639794588089
0.1312069594860077
0.13091090321540833
0.1306772232055664
0.1307108849287033
0.1305699646472931
0.1304756999015808
0.1305748075246811
0.13057440519332886
0.130448579788208
0.13029886782169342
0.1302386224269867
0.13035136461257935
0.13038688898086548
0.13022443652153015
0.1301819235086441
0.1303027719259262
0.13040117919445038
0.1306426227092743
0.13161875307559967
0.13355383276939392
0.13814228773117065
0.14122208952903748
0.1448661983013153
0.13900747895240784
0.13838697969913483
0.14112098515033722
0.13800062239170074
0.1363050788640976
0.1364072859287262
0.13583062589168549
0.13376055657863617
0.13468006253242493
0.13515473902225494
0.132760152220726
0.1339026689529419
0.13434165716171265
0.1320740431547165
0.1332915723323822
0.13401560485363007
0.13260436058044434
0.13444016873836517
0.1343042403459549
0.134110689163208
0.13458509743213654
0.1334005743265152
0.13174448907375336
0.1321616917848587
0.1319730579853058
0.13213835656642914
0.13258258998394012
0.1317722648382187
0.13158342242240906
0.1313813030719757
0.13113811612129211
0.1311573088169098
0.1312291920185089
0.13137833774089813
0.13117484748363495
0.13109032809734344
0.13098442554473877
0.13074085116386414
0.1306753307580948
0.13071446120738983
0.13045310974121094
0.1304033100605011
0.13047894835472107
0.13033033907413483
0.13036879897117615
0.13046148419380188
0.1304754912853241
0.1307438313961029
0.1314435601234436
0.13246838748455048
0.13468913733959198
0.1357349455356598
0.13586343824863434
0.1322849988937378
0.13072030246257782
0.13233059644699097
0.13299371302127838
0.13180318474769592
0.13059920072555542
0.1315462291240692
0.13215985894203186
0.13091064989566803
0.13056600093841553
0.13121789693832397
0.13113102316856384
0.13060514628887177
0.1303449422121048
0.1307254582643509
0.13082119822502136
0.13026390969753265
0.1302146017551422
0.13047365844249725
0.13035514950752258
0.1302124261856079
0.13010790944099426
0.13005788624286652
0.13017377257347107
0.13014556467533112
0.12994876503944397
0.12991048395633698
0.12997032701969147
0.12995125353336334
0.12996293604373932
0.12996982038021088
0.1299588680267334
0.13015036284923553
0.1307811290025711
0.13196951150894165
0.13471585512161255
0.13688287138938904
0.138794407248497
0.1338876187801361
0.1306031197309494
0.13263633847236633
0.13416875898838043
0.13278977572917938
0.1307525634765625
0.13209830224514008
0.13310661911964417
0.13101541996002197
0.1306866556406021
0.13193029165267944
0.13124482333660126
0.13054603338241577
0.13079705834388733
0.13088563084602356
0.13077765703201294
0.13038432598114014
0.13031335175037384
0.13066387176513672
0.13041642308235168
0.13004551827907562
0.13020826876163483
0.13027265667915344
0.13018424808979034
0.13018035888671875
0.13022229075431824
0.13042232394218445
0.13091325759887695
0.13110773265361786
0.13131937384605408
0.13123543560504913
0.1310386061668396
0.1305340975522995
0.13050496578216553
0.13043460249900818
0.13035082817077637
0.13044634461402893
0.13015033304691315
0.1299523115158081
0.13012588024139404
0.13016366958618164
0.13001592457294464
0.12987445294857025
0.12976326048374176
0.12984080612659454
0.1299712359905243
0.12989354133605957
0.1297808289527893
0.12995018064975739
0.1302974671125412
0.13103950023651123
0.13183751702308655
0.13299551606178284
0.13313083350658417
0.1334749162197113
0.13232210278511047
0.13150015473365784
0.1313781887292862
0.13205955922603607
0.13235248625278473
0.1310386061668396
0.13038092851638794
0.13078083097934723
0.13127917051315308
0.13110749423503876
0.13011986017227173
0.1301082819700241
0.13063664734363556
0.1304662674665451
0.13024035096168518
0.12995313107967377
0.12996318936347961
0.13021960854530334
0.12991537153720856
0.12969160079956055
0.12989942729473114
0.12982189655303955
0.12966914474964142
0.12968328595161438
0.12957409024238586
0.129526287317276
0.129643514752388
0.1296275556087494
0.1295342892408371
0.12959501147270203
0.12973101437091827
0.13007324934005737
0.13075034320354462
0.13225221633911133
0.13397663831710815
0.13720540702342987
0.1371973156929016
0.1361798346042633
0.1328311413526535
0.13407042622566223
0.1382492482662201
0.1360052525997162
0.13231296837329865
0.13142135739326477
0.1344291865825653
0.13470545411109924
0.1309414654970169
0.13174422085285187
0.13346804678440094
0.13180513679981232
0.13154485821723938
0.1312706470489502
0.13131801784038544
0.13183820247650146
0.1305212825536728
0.1306132823228836
0.13113602995872498
0.13047510385513306
0.13059468567371368
0.13027919828891754
0.1302081197500229
0.13046662509441376
0.13006407022476196
0.1300605833530426
0.13005240261554718
0.1299278289079666
0.13011468946933746
0.13005201518535614
0.13023599982261658
0.13064216077327728
0.13154226541519165
0.13274641335010529
0.13432276248931885
0.13348853588104248
0.1317814141511917
0.13010093569755554
0.1312675178050995
0.13242541253566742
0.1310529261827469
0.13028280436992645
0.1307692527770996
0.13111981749534607
0.13061916828155518
0.129802405834198
0.13050313293933868
0.13075155019760132
0.12994617223739624
0.12993760406970978
0.13032864034175873
0.13033482432365417
0.13026219606399536
0.13009315729141235
0.13053345680236816
0.13051599264144897
0.1300574243068695
0.1298389434814453
0.12993362545967102
0.12985864281654358
0.12961769104003906
0.1294070929288864
0.12959176301956177
0.12970487773418427
0.12953871488571167
0.1295531541109085
0.12962545454502106
0.1298425793647766
0.13005076348781586
0.13027341663837433
0.13072609901428223
0.1319691687822342
0.13258683681488037
0.13296064734458923
0.13143843412399292
0.13039648532867432
0.1312662959098816
0.13233576714992523
0.13292154669761658
0.13218510150909424
0.13221465051174164
0.13160564005374908
0.13067106902599335
0.13085103034973145
0.13137254118919373
0.13085009157657623
0.12972037494182587
0.130271315574646
0.1309622973203659
0.1302286982536316
0.12982138991355896
0.12999428808689117
0.12997792661190033
0.12967266142368317
0.12958931922912598
0.12978242337703705
0.12967754900455475
0.1294744312763214
0.12951655685901642
0.12957307696342468
0.12953884899616241
0.1296633780002594
0.12993209064006805
0.13060349225997925
0.13141676783561707
0.13284343481063843
0.13288336992263794
0.13248315453529358
0.13081535696983337
0.13028308749198914
0.13067272305488586
0.13111886382102966
0.13134828209877014
0.1299697458744049
0.12948840856552124
0.1305208057165146
0.13039614260196686
0.12979355454444885
0.12985287606716156
0.13013683259487152
0.13036271929740906
0.1307694911956787
0.13078229129314423
0.13065478205680847
0.13077016174793243
0.13152776658535004
0.13133324682712555
0.13072362542152405
