# adam, lr=0.01, alpha = 1000000, beta = 0.1
# best_iter: 2952, best_loss = 0.03478216379880905, imsave period = 300
3.864464282989502
2.2067630290985107
1.5199404954910278
1.264754295349121
1.0856956243515015
0.995491623878479
0.9092162847518921
0.7952859997749329
0.6955559253692627
0.6218559145927429
0.5631663203239441
0.5151662826538086
0.4755258560180664
0.4397302269935608
0.4064161479473114
0.3766815662384033
0.35057032108306885
0.3277374505996704
0.30724233388900757
0.28806009888648987
0.2706693708896637
0.25565776228904724
0.2424892634153366
0.23109421133995056
0.22154362499713898
0.21291297674179077
0.20487812161445618
0.19780279695987701
0.1914711743593216
0.18571171164512634
0.18054501712322235
0.17568232119083405
0.17108483612537384
0.16688969731330872
0.1629931479692459
0.1593373566865921
0.1558701992034912
0.15254133939743042
0.14937767386436462
0.1463557481765747
0.14350199699401855
0.14080417156219482
0.1381724774837494
0.13564902544021606
0.13324479758739471
0.13091187179088593
0.12867584824562073
0.12652134895324707
0.12443530559539795
0.12243190407752991
0.12049564719200134
0.11863197386264801
0.11683553457260132
0.11509287357330322
0.11340710520744324
0.11178077757358551
0.11021542549133301
0.10869456827640533
0.10722272843122482
0.10580335557460785
0.10442422330379486
0.10309068858623505
0.10179867595434189
0.10054481029510498
0.09933111071586609
0.09815391153097153
0.09701484441757202
0.09591004252433777
0.094838947057724
0.09380114078521729
0.09279513359069824
0.09181869775056839
0.09087081253528595
0.08995267748832703
0.08906103670597076
0.08819688856601715
0.08735819160938263
0.08654335886240005
0.0857524424791336
0.0849839448928833
0.08423791080713272
0.0835130363702774
0.0828089565038681
0.08212493360042572
0.0814599096775055
0.08081276714801788
0.08018343150615692
0.07957122474908829
0.0789756327867508
0.07839587330818176
0.07783130556344986
0.07728192210197449
0.07674660533666611
0.07622531801462173
0.07571752369403839
0.07522284239530563
0.07474082708358765
0.07427088916301727
0.07381251454353333
0.07336542010307312
0.07292906939983368
0.07250320166349411
0.07208756357431412
0.0716819018125534
0.07128594070672989
0.07089913636445999
0.07052113860845566
0.07015170902013779
0.06979063153266907
0.06943755596876144
0.06909216940402985
0.06875434517860413
0.06842385232448578
0.06810057908296585
0.06778424978256226
0.06747462600469589
0.06717145442962646
0.06687453389167786
0.06658360362052917
0.06629855185747147
0.066019207239151
0.06574535369873047
0.0654769018292427
0.06521359831094742
0.06495533138513565
0.06470192223787308
0.06445327401161194
0.0642092153429985
0.06396957486867905
0.06373421102762222
0.06350311636924744
0.06327619403600693
0.06305337697267532
0.06283438205718994
0.062619149684906
0.06240762025117874
0.062199730426073074
0.061995361000299454
0.061794474720954895
0.06159694120287895
0.06140267103910446
0.061211537569761276
0.06102347746491432
0.06083833798766136
0.06065608188509941
0.06047669053077698
0.06030008941888809
0.06012627109885216
0.05995507165789604
0.05978646129369736
0.059620387852191925
0.05945676192641258
0.059295594692230225
0.0591367706656456
0.058980196714401245
0.05882590264081955
0.05867387354373932
0.05852397158741951
0.05837620794773102
0.058230530470609665
0.05808693915605545
0.05794531852006912
0.05780560523271561
0.05766779184341431
0.057531870901584625
0.05739784985780716
0.05726565793156624
0.05713523551821709
0.057006508111953735
0.05687950551509857
0.05675418674945831
0.05663048475980759
0.056508421897888184
0.05638793110847473
0.05626896768808365
0.05615144968032837
0.05603541061282158
0.05592085048556328
0.055807679891586304
0.055695947259664536
0.0555855892598629
0.055476538836956024
0.055368807166814804
0.05526239052414894
0.055157266557216644
0.05505339056253433
0.05495069921016693
0.05484912544488907
0.05474869906902313
0.05464942753314972
0.05455126613378525
0.05445419251918793
0.05435819923877716
0.05426327884197235
0.05416938289999962
0.05407645180821419
0.05398448556661606
0.05389348417520523
0.0538034625351429
0.05371440201997757
0.053626272827386856
0.05353908985853195
0.053452834486961365
0.0533674880862236
0.053283050656318665
0.05319951847195625
0.05311685800552368
0.053035032004117966
0.052953995764255524
0.05287373065948486
0.05279424041509628
0.05271553620696068
0.05263758823275566
0.052560389041900635
0.05248395353555679
0.05240822583436966
0.052333272993564606
0.052259061485528946
0.0521855466067791
0.052112746983766556
0.05204062908887863
0.05196915194392204
0.051898322999477386
0.05182816833257675
0.05175865441560745
0.05168980360031128
0.05162157863378525
0.051553960889577866
0.051486991345882416
0.05142062157392502
0.05135483667254448
0.05128958821296692
0.05122489482164383
0.051160778850317
0.051097236573696136
0.051034215837717056
0.050971727818250656
0.050909798592329025
0.05084836483001709
0.050787441432476044
0.05072706937789917
0.05066718906164169
0.0506078265607357
0.0505489818751812
0.050490591675043106
0.050432637333869934
0.05037517100572586
0.0503181628882885
0.050261616706848145
0.0502055361866951
0.05014988034963608
0.050094667822122574
0.050039879977703094
0.049985483288764954
0.049931518733501434
0.04987800493836403
0.049824900925159454
0.04977216571569443
0.049719829112291336
0.04966790974140167
0.049616388976573944
0.04956524074077606
0.049514513462781906
0.0494641549885273
0.049414198845624924
0.04936462640762329
0.049315422773361206
0.049266621470451355
0.04921814799308777
0.04917009919881821
0.04912238195538521
0.04907500743865967
0.04902799427509308
0.04898130148649216
0.048934951424598694
0.04888894408941269
0.04884323477745056
0.0487978495657444
0.04875275865197182
0.04870796948671341
0.04866348206996918
0.04861929640173912
0.04857540503144264
0.04853181540966034
0.04848852753639221
0.04844551905989647
0.048402827233076096
0.048360422253608704
0.0483182892203331
0.04827647656202316
0.04823492094874382
0.04819363355636597
0.048152633011341095
0.04811187461018562
0.04807135835289955
0.04803107678890228
0.0479910634458065
0.04795125499367714
0.047911714762449265
0.04787241667509079
0.047833338379859924
0.04779447615146637
0.047755852341651917
0.04771745949983597
0.047679293900728226
0.0476413369178772
0.04760359227657318
0.047566093504428864
0.047528818249702454
0.047491732984781265
0.04745485633611679
0.047418177127838135
0.047381702810525894
0.04734544828534126
0.04730939492583275
0.04727354645729065
0.047237902879714966
0.047202520072460175
0.0471673384308815
0.047132328152656555
0.04709753021597862
0.047062937170267105
0.047028522938489914
0.046994276344776154
0.04696020483970642
0.0469263419508934
0.046892691403627396
0.04685923829674721
0.04682595282793045
0.04679284989833832
0.04675992578268051
0.04672716557979584
0.04669459909200668
0.046662189066410065
0.04662994295358658
0.046597857028245926
0.0465659499168396
0.04653417691588402
0.046502575278282166
0.04647115617990494
0.04643990471959114
0.04640880599617958
0.04637785255908966
0.046347104012966156
0.04631649702787399
0.04628600925207138
0.0462556853890419
0.04622554033994675
0.04619554802775383
0.04616570472717285
0.046136029064655304
0.04610651358962059
0.046077094972133636
0.04604785889387131
0.04601878300309181
0.04598985239863396
0.04596105217933655
0.045932404696941376
0.04590388014912605
0.045875489711761475
0.045847270637750626
0.045819178223609924
0.04579119011759758
0.04576337710022926
0.04573569446802139
0.04570813104510307
0.04568072780966759
0.04565344750881195
0.04562627524137497
0.04559922218322754
0.045572295784950256
0.04554552212357521
0.04551885649561882
0.04549231380224228
0.04546588286757469
0.045439571142196655
0.04541338235139847
0.04538730904459953
0.045361362397670746
0.04533553496003151
0.045309849083423615
0.04528428241610527
0.045258816331624985
0.045233480632305145
0.045208267867565155
0.04518315568566322
0.04515814408659935
0.04513324797153473
0.04510846734046936
0.04508380964398384
0.04505927115678787
0.045034829527139664
0.045010507106781006
0.044986288994550705
0.044962186366319656
0.044938165694475174
0.044914282858371735
0.04489048942923546
0.044866785407066345
0.04484320059418678
0.04481968656182289
0.04479629173874855
0.04477298632264137
0.04474981129169464
0.04472672566771507
0.04470372945070267
0.04468083381652832
0.04465804994106293
0.0446353480219841
0.04461275041103363
0.044590242207050323
0.04456781595945358
0.0445454977452755
0.04452323913574219
0.04450107365846634
0.04447903484106064
0.04445706307888031
0.04443523287773132
0.0444134846329689
0.04439191892743111
0.044370461255311966
0.04434935003519058
0.04432845488190651
0.044308215379714966
0.04428853839635849
0.04427006095647812
0.04425251483917236
0.044236402958631516
0.04422059655189514
0.04420484974980354
0.04418722540140152
0.04416746646165848
0.04414396733045578
0.0441184937953949
0.04409148544073105
0.04406562075018883
0.04404108598828316
0.044018689543008804
0.043997615575790405
0.043977633118629456
0.0439586415886879
0.04394078999757767
0.04392547160387039
0.04391385242342949
0.04390890151262283
0.043912217020988464
0.04392501339316368
0.04394226521253586
0.043955449014902115
0.04394715279340744
0.04391162469983101
0.04384756088256836
0.04377789422869682
0.043723609298467636
0.04369838535785675
0.04369691014289856
0.043707288801670074
0.04372230917215347
0.04373461380600929
0.04373935982584953
0.04372553899884224
0.04369277507066727
0.04363846406340599
0.04357881098985672
0.04352666810154915
0.04349474608898163
0.04348205029964447
0.043482013046741486
0.04349081963300705
0.04350539296865463
0.04352682828903198
0.043549247086048126
0.04356763884425163
0.043563373386859894
0.043531160801649094
0.043462131172418594
0.04337981343269348
0.04330774396657944
0.04326948523521423
0.043264515697956085
0.043279312551021576
0.04330261051654816
0.0433255136013031
0.043345045298337936
0.04334944114089012
0.04333508759737015
0.0432904027402401
0.04322695732116699
0.0431550033390522
0.043098244816064835
0.04306621477007866
0.043058108538389206
0.04306647181510925
0.04308517277240753
0.04311615228652954
0.043158143758773804
0.04321195185184479
0.04325946047902107
0.043287243694067
0.04325603321194649
0.04317062348127365
0.043039675801992416
0.04292542114853859
0.042868733406066895
0.042876292020082474
0.04292046278715134
0.0429687425494194
0.04300495609641075
0.04301216080784798
0.04298936203122139
0.042927902191877365
0.0428491048514843
0.042769696563482285
0.042716048657894135
0.042694102972745895
0.04269767180085182
0.04271875321865082
0.04275263845920563
0.042805079370737076
0.04287467896938324
0.042964618653059006
0.04304357245564461
0.043092552572488785
0.04304509609937668
0.042916085571050644
0.04272359237074852
0.04257184639573097
0.04252057522535324
0.04256453365087509
0.042648058384656906
0.04271494597196579
0.042739734053611755
0.04270157217979431
0.04261917993426323
0.042510684579610825
0.042423658072948456
0.04237987846136093
0.042380139231681824
0.04240943118929863
0.0424538291990757
0.04251382127404213
0.04258343577384949
0.042664699256420135
0.04272196441888809
0.042745739221572876
0.042677752673625946
0.042545564472675323
0.04237440600991249
0.042249616235494614
0.04221135377883911
0.042249321937561035
0.04232248663902283
0.04239073023200035
0.04243683069944382
0.04243609309196472
0.042392950505018234
0.042300887405872345
0.04219808429479599
0.04211071506142616
0.042066458612680435
0.0420633926987648
0.042088113725185394
0.04213325306773186
0.04219549149274826
0.042284660041332245
0.04239318519830704
0.042521920055150986
0.04260628670454025
0.042627912014722824
0.04250026494264603
0.042283765971660614
0.04204780235886574
0.04192531108856201
0.04194612801074982
0.04205154627561569
0.042164623737335205
0.04222407937049866
0.042211923748254776
0.042114514857530594
0.04198283329606056
0.04185985028743744
0.041797935962677
0.04180091619491577
0.041845932602882385
0.04191470891237259
0.04199386388063431
0.04208745062351227
0.04217122495174408
0.04224172607064247
0.04223472997546196
0.04215723276138306
0.04198283329606056
0.04179910570383072
0.04167318716645241
0.04165209084749222
0.041710563004016876
0.041797030717134476
0.04187949746847153
0.041926659643650055
0.041936926543712616
0.04188290983438492
0.04179057106375694
0.041671041399240494
0.04157312214374542
0.04151790216565132
0.04151032119989395
0.04153748229146004
0.04158824682235718
0.04166851192712784
0.04178442806005478
0.04195654019713402
0.042157672345638275
0.04238654673099518
0.04248920828104019
0.04244663938879967
0.042129650712013245
0.041736409068107605
0.04145245999097824
0.04143397510051727
0.041610077023506165
0.041805852204561234
0.04190389811992645
0.04182540625333786
0.04163549840450287
0.041421979665756226
0.04131554067134857
0.04133925214409828
0.041435204446315765
0.041543930768966675
0.041619863361120224
0.041662346571683884
0.041633687913417816
0.041550345718860626
0.04140876978635788
0.041276123374700546
0.041193313896656036
0.041178129613399506
0.04120762273669243
0.04125714674592018
0.04132701829075813
0.04141552746295929
0.041532158851623535
0.041644319891929626
0.04174719378352165
0.04176017642021179
0.04170148819684982
0.041519250720739365
0.041300635784864426
0.041113726794719696
0.04104623943567276
0.04109976440668106
0.04121425375342369
0.04133113473653793
0.04140140861272812
0.04142184555530548
0.041363656520843506
0.04126158356666565
0.04112410917878151
0.04100389778614044
0.04093196615576744
0.04092736542224884
0.040976427495479584
0.04105181246995926
0.041149549186229706
0.041272588074207306
0.04145601764321327
0.04166866093873978
0.04189886897802353
0.04195404797792435
0.04183068871498108
0.04147031903266907
0.04112821817398071
0.0409412607550621
0.040941301733255386
0.041032832115888596
0.04115103930234909
0.041282061487436295
0.04135296493768692
0.04130708426237106
0.04110000655055046
0.04087771847844124
0.0407671295106411
0.040784984827041626
0.04083015024662018
0.04084354266524315
0.04088025912642479
0.041000112891197205
0.04121808707714081
0.04145979508757591
0.041696302592754364
0.04184597730636597
0.041993703693151474
0.04194417968392372
0.041696466505527496
0.0411565788090229
0.04072103276848793
0.04068372771143913
0.04096318781375885
0.041219908744096756
0.041252005845308304
0.04118828848004341
0.041125498712062836
0.04105186462402344
0.04085537791252136
0.040612030774354935
0.04055504873394966
0.04069371894001961
0.04081011563539505
0.040805358439683914
0.040812890976667404
0.040936462581157684
0.041124045848846436
0.04118535667657852
0.041145481169223785
0.04106690362095833
0.04105580225586891
0.04095905274152756
0.040723204612731934
0.04047231003642082
0.040407754480838776
0.04049535095691681
0.040566492825746536
0.04058112949132919
0.04063091054558754
0.040778469294309616
0.04092423617839813
0.04099534824490547
0.04095510393381119
0.04092952609062195
0.04088030382990837
0.0407724529504776
0.0405459888279438
0.04032890498638153
0.040265630930662155
0.04034201800823212
0.04042486846446991
0.040464140474796295
0.04053017124533653
0.04066872596740723
0.04086695611476898
0.04099363833665848
0.041040997952222824
0.040969762951135635
0.04090972989797592
0.040780991315841675
0.04057013988494873
0.040303245186805725
0.04015207663178444
0.0402105413377285
0.040370870381593704
0.04048610478639603
0.04052430018782616
0.04057943820953369
0.04066913574934006
0.040748003870248795
0.04066815227270126
0.0404745489358902
0.04027160257101059
0.040199946612119675
0.040196847170591354
0.040148619562387466
0.04005909711122513
0.04002026468515396
0.04008181393146515
0.04018156975507736
0.040279824286699295
0.04043859243392944
0.04082890972495079
0.041541021317243576
0.04270092397928238
0.04378259554505348
0.04473285377025604
0.044022608548402786
0.04260554164648056
0.040980830788612366
0.04060570150613785
0.041395142674446106
0.04229552671313286
0.04260452091693878
0.04178376868367195
0.040714699774980545
0.040409110486507416
0.041012607514858246
0.041606806218624115
0.04132720082998276
0.040567222982645035
0.040151920169591904
0.04043564572930336
0.0408533439040184
0.040832482278347015
0.04049721732735634
0.04019277170300484
0.040161777287721634
0.04024091362953186
0.04026646539568901
0.040267981588840485
0.0402657687664032
0.040230609476566315
0.04007193073630333
0.03989262506365776
0.039834171533584595
0.03991355374455452
0.03999989479780197
0.0399918258190155
0.039957184344530106
0.03998609259724617
0.040106602013111115
0.040211621671915054
0.040228746831417084
0.040148962289094925
0.04008565843105316
0.040041886270046234
0.03997906297445297
0.03982394188642502
0.0396653488278389
0.03961482644081116
0.03967927396297455
0.03975463658571243
0.039768993854522705
0.039768122136592865
0.0398123525083065
0.039921388030052185
0.0400128997862339
0.04002905637025833
0.0399465411901474
0.039860546588897705
0.03979962691664696
0.039753906428813934
0.03965252637863159
0.039528630673885345
0.03946215286850929
0.039495762437582016
0.039571236819028854
0.03961560130119324
0.039642296731472015
0.039711326360702515
0.03989788889884949
0.04017641767859459
0.0405040979385376
0.04069656506180763
0.04074809327721596
0.04055371508002281
0.04033617302775383
0.04005858302116394
0.03979725390672684
0.03957916796207428
0.03959430381655693
0.03985602781176567
0.04010254144668579
0.04011240229010582
0.039848990738391876
0.0396086759865284
0.039539117366075516
0.039550118148326874
0.03949965536594391
0.03940604627132416
0.039423663169145584
0.03956223651766777
0.039698269218206406
0.039745911955833435
0.039765745401382446
0.039858926087617874
0.040081508457660675
0.04024014249444008
0.04023309797048569
0.039965055882930756
0.03969348967075348
0.039538294076919556
0.03949061781167984
0.039429161697626114
0.03932900354266167
0.039326004683971405
0.03946780413389206
0.03965067118406296
0.039740901440382004
0.03974132612347603
0.03972526639699936
0.039800915867090225
0.03984609246253967
0.039769746363162994
0.039507560431957245
0.039267271757125854
0.03919000178575516
0.039243265986442566
0.039274200797080994
0.039211563766002655
0.03915409371256828
0.03920559212565422
0.03937285393476486
0.03959648683667183
0.03989455848932266
0.040349848568439484
0.041174303740262985
0.04216178506612778
0.043221645057201385
0.04297858104109764
0.04179910942912102
0.039964787662029266
0.039341311901807785
0.04002150893211365
0.04083087295293808
0.04104180261492729
0.040655773133039474
0.04060283303260803
0.040955446660518646
0.040787965059280396
0.03997373580932617
0.039315931499004364
0.03977059945464134
0.040294647216796875
0.03990248218178749
0.03946436941623688
0.03979049250483513
0.040069740265607834
0.039789456874132156
0.03957337141036987
0.039931632578372955
0.040153373032808304
0.039938874542713165
0.03980212286114693
0.04000310227274895
0.03991100192070007
0.039475999772548676
0.039171792566776276
0.03924085572361946
0.039262041449546814
0.039072778075933456
0.039027392864227295
0.03921396657824516
0.039349839091300964
0.039345502853393555
0.03942123427987099
0.039673395454883575
0.03995853289961815
0.039985910058021545
0.039866603910923004
0.03965052217245102
0.039454441517591476
0.039170220494270325
0.038904666900634766
0.03887609392404556
0.03908257558941841
0.039287079125642776
0.03932460397481918
0.039267398416996
0.0392109639942646
0.03918157517910004
0.03904794529080391
0.03885051980614662
0.03873022273182869
0.0387711375951767
0.03886355832219124
0.03888600319623947
0.03888397291302681
0.03896578401327133
0.039207495748996735
0.03954986482858658
0.03994019329547882
0.040237799286842346
0.04052599146962166
0.040529847145080566
0.0403275303542614
0.03965773805975914
0.03899019956588745
0.038758907467126846
0.03910831734538078
0.039615605026483536
0.03977653756737709
0.03959465026855469
0.03927887976169586
0.039144907146692276
0.03909875825047493
0.038937151432037354
0.03878962621092796
0.03886112943291664
0.03910822048783302
0.03924112021923065
0.039150420576334
0.03899754583835602
0.03902021050453186
0.03909963369369507
0.03904317319393158
0.03880247101187706
0.038637638092041016
0.03865804523229599
0.03871522098779678
0.03865969181060791
0.03853210434317589
0.03848811239004135
0.0385417565703392
0.03857266902923584
0.038530029356479645
0.03847833350300789
0.038512222468853
0.0386715829372406
0.03899380564689636
0.03971292823553085
0.04121173173189163
0.04425268992781639
0.04765439033508301
0.051015883684158325
0.047525785863399506
0.04287917539477348
0.03992030769586563
0.04133296012878418
0.04418802633881569
0.045675598084926605
0.04540039971470833
0.045442238450050354
0.048201873898506165
0.04605817422270775
0.04153915494680405
0.040608324110507965
0.04366522282361984
0.043646033853292465
0.04192521423101425
0.044986553490161896
0.04752368479967117
0.045925941318273544
0.04631247743964195
0.047158755362033844
0.041842661798000336
0.04110296443104744
0.043256647884845734
0.041517361998558044
0.042479611933231354
0.04473453760147095
0.04301401227712631
0.04242711886763573
0.043383002281188965
0.040958039462566376
0.04031069949269295
0.04127471148967743
0.040289223194122314
0.040510695427656174
0.04147643595933914
0.04077436029911041
0.04068766161799431
0.04117390140891075
0.040205925703048706
0.039799194782972336
0.03998617082834244
0.03938155621290207
0.03928898274898529
0.03969315439462662
0.03943267837166786
0.03938046842813492
0.03968031704425812
0.039421446621418
0.03922341763973236
0.03928251937031746
0.03906320780515671
0.03880077600479126
0.038814887404441833
0.03879436105489731
0.038671109825372696
0.038691096007823944
0.03877350687980652
0.0387362502515316
0.03869987651705742
0.03878721594810486
0.03880993276834488
0.038736265152692795
0.03869407996535301
0.03868100419640541
0.03855666518211365
0.038418058305978775
0.038354866206645966
0.038337934762239456
0.03830921649932861
0.03828444331884384
0.03831490874290466
0.03836112841963768
0.038374632596969604
0.03838109225034714
0.03842008858919144
0.038448233157396317
0.03843889385461807
0.03837500512599945
0.038304202258586884
0.03823227062821388
0.03816031292080879
0.03809475153684616
0.03807009384036064
0.03808716684579849
0.0381164588034153
0.03814481943845749
0.03817804157733917
0.03823437541723251
0.03829875588417053
0.038355324417352676
0.0383630096912384
0.0383342020213604
0.03825237974524498
0.03814955800771713
0.03803995996713638
0.0379660539329052
0.03795158118009567
0.037989482283592224
0.038050323724746704
0.0381041094660759
0.03814784437417984
0.03817073255777359
0.038179151713848114
0.03814836964011192
0.038084547966718674
0.03798985853791237
0.03790885582566261
0.03786784037947655
0.037867411971092224
0.03788479045033455
0.03790495544672012
0.03793863579630852
0.03800372779369354
0.03812213987112045
0.03828366473317146
0.03847767040133476
0.03862810879945755
0.03872281312942505
0.038651030510663986
0.038471125066280365
0.03818061947822571
0.03793864697217941
0.037853848189115524
0.03795895725488663
0.03815404698252678
0.038283124566078186
0.03828029707074165
0.03814167529344559
0.037990693002939224
0.0378878191113472
0.03784418851137161
0.03783204033970833
0.037846002727746964
0.03790893033146858
0.03800865262746811
0.038113098591566086
0.03816539794206619
0.03816906735301018
0.0381249338388443
0.038094088435173035
0.03804457187652588
0.03795817494392395
0.03782080486416817
0.03771121799945831
0.03769104182720184
0.037747614085674286
0.037814661860466
0.03785121440887451
0.03789866715669632
0.03801816701889038
0.03826398402452469
0.0385822132229805
0.038890447467565536
0.03898641839623451
0.03892306983470917
0.03869347646832466
0.0385197252035141
0.03828649967908859
0.03802209720015526
0.03781843185424805
0.03791197016835213
0.0382322259247303
0.03842858225107193
0.03836578503251076
0.03814416006207466
0.03805529326200485
0.03805818408727646
0.037961822003126144
0.03775539994239807
0.03763337805867195
0.037713658064603806
0.037843070924282074
0.03786582499742508
0.03784454986453056
0.0379556380212307
0.03823861479759216
0.03861956670880318
0.03892695903778076
0.039237961173057556
0.03940144181251526
0.03951428830623627
0.03915192559361458
0.038440629839897156
0.03776908665895462
0.03770694136619568
0.038157619535923004
0.03855375945568085
0.038598522543907166
0.03839043900370598
0.03830870985984802
0.038289882242679596
0.038143664598464966
0.03778915852308273
0.0376318134367466
0.03782956302165985
0.038050923496484756
0.03805357590317726
0.03795188292860985
0.038091469556093216
0.03844091296195984
0.03873554617166519
0.03875536471605301
0.03868111968040466
0.038621075451374054
0.03859802708029747
0.03825774043798447
0.037776995450258255
0.037538569420576096
0.03772304952144623
0.03798860311508179
0.03802577406167984
0.0379965603351593
0.03812685236334801
0.0384000800549984
0.03849933296442032
0.03828352317214012
0.03794921562075615
0.0378546305000782
0.03787606209516525
0.03776840493083
0.03753185644745827
0.037463508546352386
0.03761149197816849
0.0377313569188118
0.03773779422044754
0.03777941316366196
0.03807728737592697
0.03857150673866272
0.03913804143667221
0.03949280455708504
0.03976040333509445
0.03961656987667084
0.03926417976617813
0.0384276881814003
0.0377202033996582
0.03763873875141144
0.038205958902835846
0.0388307049870491
0.038923583924770355
0.03865153342485428
0.038325779139995575
0.038226306438446045
0.03810426965355873
0.037771329283714294
0.03760216757655144
0.03783724829554558
0.038173042237758636
0.03819820284843445
0.0379839688539505
0.03789950907230377
0.038069065660238266
0.038084108382463455
0.03783273696899414
0.03754185512661934
0.03754207491874695
0.03764890134334564
0.037568289786577225
0.037381771951913834
0.03732803463935852
0.037416182458400726
0.03744777664542198
0.03735417127609253
0.037278395146131516
0.03731926530599594
0.037410296499729156
0.03749941289424896
0.03768625110387802
0.0382930189371109
0.03968434780836105
0.0423629954457283
0.04529455304145813
0.048207953572273254
0.04622054845094681
0.04336411505937576
0.040281638503074646
0.040092092007398605
0.04184351861476898
0.04486238211393356
0.04850686714053154
0.04843940585851669
0.04603983461856842
0.04073566943407059
0.039650335907936096
0.04311003535985947
0.046947233378887177
0.04863875359296799
0.0447826012969017
0.041443876922130585
0.041151273995637894
0.042582809925079346
0.04384646564722061
0.04363522678613663
0.0446767583489418
0.0452582910656929
0.04251911863684654
0.03960414603352547
0.040335267782211304
0.04257524013519287
0.042409732937812805
0.04176817834377289
0.043042369186878204
0.044431641697883606
0.041722372174263
0.04005343094468117
0.04102735221385956
0.04050511494278908
0.03899003192782402
0.0393197201192379
0.03996725380420685
0.03913136199116707
0.03905404359102249
0.039862412959337234
0.03994518890976906
0.039984576404094696
0.041131798177957535
0.041724346578121185
0.0410381555557251
0.039898209273815155
0.039312321692705154
0.038496509194374084
0.038589317351579666
0.039480824023485184
0.03947540000081062
0.038755953311920166
0.03831019997596741
0.03838397189974785
0.03826919198036194
0.03813130781054497
0.03843371942639351
0.038452595472335815
0.037992604076862335
0.037797100841999054
0.03788852319121361
0.03781913220882416
0.03767703101038933
0.03776142746210098
0.03785323351621628
0.03774596378207207
0.037606921046972275
0.037586066871881485
0.03758682310581207
0.03746330738067627
0.03733907639980316
0.03735959157347679
0.03737028315663338
0.03730989992618561
0.037261977791786194
0.037277497351169586
0.037312187254428864
0.037305381149053574
0.03731261193752289
0.037371858954429626
0.03749598190188408
0.037627313286066055
0.037710949778556824
0.03771665692329407
0.03767624497413635
0.037513040006160736
0.03729744255542755
0.03711197152733803
0.0370757132768631
0.037179142236709595
0.0372953936457634
0.03732869774103165
0.03725767508149147
0.03716413676738739
0.03709479421377182
0.03705010935664177
0.03701886907219887
0.03700678423047066
0.037030551582574844
0.037081029266119
0.03712435066699982
0.03712346777319908
0.037089601159095764
0.037049196660518646
0.03703051805496216
0.0370117649435997
0.03697663173079491
0.03692115098237991
0.036876704543828964
0.03686609864234924
0.03687966614961624
0.03689020127058029
0.03688551113009453
0.036882586777210236
0.03690719977021217
0.03699091821908951
0.03715493157505989
0.03742695599794388
0.037788424640893936
0.038222651928663254
0.038484420627355576
0.03853101283311844
0.03809814900159836
0.037520881742239
0.037086378782987595
0.03711864352226257
0.03749615699052811
0.03780701011419296
0.03776976838707924
0.03734121471643448
0.0369565449655056
0.03693487495183945
0.03717828541994095
0.037371326237916946
0.03732675686478615
0.037153713405132294
0.03700496628880501
0.036973755806684494
0.03699907287955284
0.03698527067899704
0.03695699945092201
0.03696582838892937
0.037027809768915176
0.03706246241927147
0.0370035246014595
0.03687411546707153
0.03677687793970108
0.03677324950695038
0.03681725636124611
0.03682127594947815
0.03677132725715637
0.036717090755701065
0.03671254962682724
0.036753494292497635
0.036798104643821716
0.03683942183852196
0.036917995661497116
0.037144605070352554
0.0376264825463295
0.03847061097621918
0.039405323565006256
0.04013162478804588
0.03960902988910675
0.038495201617479324
0.03752565756440163
0.03759625926613808
0.03808676451444626
0.038277335464954376
0.03802521526813507
0.03782019019126892
0.03795807808637619
0.037812620401382446
0.03734242916107178
0.03708360716700554
0.03743457794189453
0.03777310997247696
0.037491656839847565
0.037081800401210785
0.037084221839904785
0.03726338595151901
0.037146735936403275
0.03684910386800766
0.036828458309173584
0.036998599767684937
0.03697548806667328
0.036808449774980545
0.03678116202354431
0.036922093480825424
0.03703742474317551
0.03707898408174515
0.03728947788476944
0.037797655910253525
0.03856736421585083
0.03913283348083496
0.03934301435947418
0.038719914853572845
0.03798078000545502
0.037365563213825226
0.0372009240090847
0.03737363591790199
0.03775518387556076
0.03809119760990143
0.03791182488203049
0.037327833473682404
0.03682660683989525
0.03692860156297684
0.03735799342393875
0.037509672343730927
0.03730197250843048
0.037009503692388535
0.03695778548717499
0.03702631592750549
0.036942701786756516
0.036770232021808624
0.036730486899614334
0.03688190132379532
0.037008605897426605
0.03695906698703766
0.03684229776263237
0.03685211017727852
0.03698186203837395
0.0370786227285862
0.03700922057032585
0.03689026087522507
0.0368415005505085
0.03688298910856247
0.036865510046482086
0.03672368451952934
0.03656508028507233
0.03652743995189667
0.0365859791636467
0.03662065789103508
0.036580368876457214
0.03653095290064812
0.03655407205224037
0.03665124252438545
0.03678310662508011
0.03692224994301796
0.03714166581630707
0.037487175315618515
0.03803224489092827
0.03845207393169403
0.038557268679142
0.03792982175946236
0.0370960608124733
0.036648012697696686
0.03684740513563156
0.03722869232296944
0.037341680377721786
0.03719628229737282
0.037108469754457474
0.037286426872015
0.03739284723997116
0.03719906881451607
0.03672352433204651
0.03653937578201294
0.03675132617354393
0.036908891052007675
0.036777980625629425
0.03656934201717377
0.03662373125553131
0.03685301914811134
0.037005554884672165
0.03710108622908592
0.03744550421833992
0.038159921765327454
0.03915312886238098
0.039629437029361725
0.03951982036232948
0.03843807801604271
0.0375567190349102
0.037207815796136856
0.03730546310544014
0.037574369460344315
0.03781786933541298
0.03816274553537369
0.0382746122777462
0.03789883106946945
0.03711254894733429
0.036653973162174225
0.03695376217365265
0.0374833308160305
0.03762901946902275
0.03735540807247162
0.03719921037554741
0.0373067632317543
0.03739684447646141
0.037065498530864716
0.03664131090044975
0.03655419498682022
0.03677845746278763
0.036891598254442215
0.036713819950819016
0.036567021161317825
0.03670336678624153
0.03702225536108017
0.037332240492105484
0.037751831114292145
0.03850739449262619
0.03983950614929199
0.04072330892086029
0.04075474292039871
0.038887180387973785
0.03722517192363739
0.03695443272590637
0.03775976970791817
0.03847536817193031
0.038388002663850784
0.038263387978076935
0.03856470063328743
0.03884066268801689
0.0383814200758934
0.037118300795555115
0.036814264953136444
0.03762652724981308
0.03791414573788643
0.0373658649623394
0.0371793657541275
0.037771306931972504
0.03812645375728607
0.0376926064491272
0.037567246705293655
0.0379878468811512
0.03812534362077713
0.03754572197794914
0.03704441338777542
0.03708222508430481
0.03712518513202667
0.0367632657289505
0.03657447174191475
0.03682887926697731
0.03704512491822243
0.03700067475438118
0.036964528262615204
0.0373288169503212
0.03781494125723839
0.038039665669202805
0.03784999996423721
0.037698566913604736
0.03750453516840935
0.03716455399990082
0.03663080558180809
0.036471933126449585
0.03680816665291786
0.037149909883737564
0.03720463067293167
0.037033550441265106
0.036985937505960464
0.037030257284641266
0.036915622651576996
0.03659811615943909
0.03635014221072197
0.03642333298921585
0.03660518676042557
0.03659908100962639
0.03649048134684563
0.03655136004090309
0.036781568080186844
0.0369892381131649
0.03704367205500603
0.037119410932064056
0.03724018484354019
0.03736411780118942
0.037200313061475754
0.03679471090435982
0.0363871306180954
0.03630390018224716
0.03647322580218315
0.036614399403333664
0.03660675138235092
0.03658721596002579
0.03671202436089516
0.03684094920754433
0.03681553527712822
0.03657130151987076
0.03636826574802399
0.03634143993258476
0.0364028699696064
0.03638913482427597
0.03626438230276108
0.03616555035114288
0.03618743270635605
0.036260806024074554
0.03627590090036392
0.03622948378324509
0.03623364865779877
0.03639983758330345
0.03675209730863571
0.0373649001121521
0.03828404098749161
0.0397333949804306
0.04090340435504913
0.04172242060303688
0.040288105607032776
0.03818134590983391
0.0366753526031971
0.03704681247472763
0.03868744522333145
0.04024427756667137
0.04101646691560745
0.04004458338022232
0.03895029053092003
0.038458313792943954
0.03904053941369057
0.03924717754125595
0.03913469985127449
0.03958340734243393
0.040292493999004364
0.04045810550451279
0.038601018488407135
0.03706825152039528
0.03734264522790909
0.038272254168987274
0.038377609103918076
0.03785555437207222
0.03857959806919098
0.04065939784049988
0.042434558272361755
0.04258333891630173
0.042625539004802704
0.0424421988427639
0.041902970522642136
0.03862004727125168
0.037217725068330765
0.03933572769165039
0.041091322898864746
0.04163171723484993
0.04284025728702545
0.04675416648387909
0.04799085110425949
0.04294474050402641
0.03869009390473366
0.040729984641075134
0.04188511148095131
0.04017460346221924
0.03884981572628021
0.04123503714799881
0.04523352533578873
0.04962696135044098
0.06430917978286743
0.0757991224527359
0.08265264332294464
0.05662236362695694
0.05498691648244858
0.05671212822198868
0.06711670756340027
0.06510309129953384
0.07282669842243195
0.09607130289077759
0.1821957230567932
0.13289663195610046
0.14729231595993042
0.0883454829454422
0.1031741052865982
0.11140431463718414
0.15722280740737915
0.1314946711063385
0.18192622065544128
0.14699187874794006
0.13123689591884613
0.08940400928258896
0.09291937947273254
0.12394590675830841
0.10900034010410309
0.11763888597488403
0.10308080166578293
0.0916757583618164
0.07585200667381287
0.08768564462661743
0.09369465708732605
0.07620762288570404
0.083170086145401
0.07680244743824005
0.06579302996397018
0.07343672960996628
0.06762759387493134
0.06468906253576279
0.06859996914863586
0.0619928240776062
0.06182580813765526
0.06197638437151909
0.057011496275663376
0.05836028978228569
0.05567193403840065
0.054448455572128296
0.0548226423561573
0.052359480410814285
0.0526769757270813
0.05190853774547577
0.050440914928913116
0.050838619470596313
0.04961731284856796
0.048959534615278244
0.04895653948187828
0.04773335158824921
0.04742854833602905
0.04701254516839981
0.04607893526554108
0.04590068385004997
0.04539203271269798
0.04484572261571884
0.044753070920705795
0.04429257661104202
0.043979089707136154
0.04384951665997505
0.043415457010269165
0.04319382831454277
0.04298390820622444
0.04262951761484146
0.04244699329137802
0.04225713014602661
0.041983745992183685
0.04185570031404495
0.04168866202235222
0.04146888107061386
0.04135255515575409
0.04119032621383667
0.04100419208407402
0.04088844358921051
0.040748629719018936
0.04059458523988724
0.04049540311098099
0.04038011282682419
0.040250591933727264
0.04016229137778282
0.04005952551960945
0.03994706645607948
0.039861150085926056
0.039772290736436844
0.03967321291565895
0.039594922214746475
0.03951830044388771
0.03943318873643875
0.03936232253909111
0.03929494321346283
0.039221327751874924
0.03915530443191528
0.03909527137875557
0.03902987018227577
0.038968831300735474
0.038913968950510025
0.03885650634765625
0.0388004295527935
0.03875010833144188
0.03869941830635071
0.038648512214422226
0.038601867854595184
0.038556527346372604
0.03851047530770302
0.03846714273095131
0.038425903767347336
0.038384225219488144
0.03834398835897446
0.0383058562874794
0.03826800361275673
0.0382305271923542
0.03819503262639046
0.03816021606326103
0.03812572732567787
0.03809240460395813
0.03806034475564957
0.03802848234772682
0.03799745440483093
0.0379674918949604
0.037938181310892105
0.037909213453531265
0.037881284952163696
0.03785400465130806
0.037827301770448685
0.03780116140842438
0.03777605667710304
0.03775135427713394
0.0377274826169014
0.03770419955253601
0.037682030349969864
0.037660278379917145
0.037639718502759933
0.037619639188051224
0.03760078549385071
0.03758213296532631
0.037564560770988464
0.037546589970588684
0.03752889484167099
0.0375099778175354
0.03749086707830429
0.03746988996863365
0.03744843974709511
0.03742564097046852
0.03740324452519417
0.03738091140985489
0.037359923124313354
0.037339888513088226
0.03732125461101532
0.037303414195775986
0.03728640824556351
0.03726997971534729
0.037254028022289276
0.037238605320453644
0.03722367435693741
0.03720967471599579
0.037196602672338486
0.03718540444970131
0.03717632219195366
0.037170857191085815
0.0371689647436142
0.037171751260757446
0.03717639297246933
0.03718099370598793
0.0371781662106514
0.03716520965099335
0.03713683784008026
0.03709954023361206
0.03705975413322449
0.0370284765958786
0.03700956702232361
0.037002068012952805
0.037002164870500565
0.03700576350092888
0.03701148182153702
0.03701549768447876
0.03701617196202278
0.03700775280594826
0.036990221589803696
0.036962006241083145
0.03693002462387085
0.03689967468380928
0.03687785193324089
0.03686528280377388
0.0368601456284523
0.03686021268367767
0.0368633046746254
0.03686976432800293
0.036877330392599106
0.03688530623912811
0.03688719496130943
0.036880504339933395
0.03685906156897545
0.03682760149240494
0.03679114207625389
0.03676122799515724
0.036742907017469406
0.036736421287059784
0.03673815727233887
0.03674419969320297
0.036753538995981216
0.03676317259669304
0.0367719791829586
0.03677355870604515
0.03676578775048256
0.03674374893307686
0.03671305626630783
0.036678820848464966
0.03665156289935112
0.03663547337055206
0.03663051128387451
0.03663329407572746
0.03664059937000275
0.03665231168270111
0.036666400730609894
0.03668224811553955
0.03669244423508644
0.03669291362166405
0.036674901843070984
0.03664236515760422
0.0366005077958107
0.03656462952494621
0.03654318302869797
0.03653820604085922
0.036544837057590485
0.03655725345015526
0.03657340630888939
0.036589380353689194
0.03660304844379425
0.036606259644031525
0.036596961319446564
0.03656990826129913
0.036533549427986145
0.03649582341313362
0.036469507962465286
0.03645823150873184
0.03645967319607735
0.03646935895085335
0.03648349270224571
0.03650220111012459
0.036522310227155685
0.03654204308986664
0.036551397293806076
0.036545876413583755
0.03651688992977142
0.03647353872656822
0.03642696514725685
0.036395203322172165
0.03638431429862976
0.03639082983136177
0.03640749678015709
0.03642795979976654
0.03645067289471626
0.036470044404268265
0.036482907831668854
0.036478426307439804
0.03645659238100052
0.03641602769494057
0.03637193515896797
0.03633638843894005
0.03631976619362831
0.036320678889751434
0.03633281588554382
0.03635193407535553
0.0363747775554657
0.036401256918907166
0.036424700170755386
0.036440350115299225
0.03643471747636795
0.03640821948647499
0.036359675228595734
0.03630894050002098
0.03627137094736099
0.03625791147351265
0.03626503795385361
0.03628399223089218
0.03630928695201874
0.03633612021803856
0.03636312112212181
0.036380261182785034
0.036383006721735
0.03635984659194946
0.036318276077508926
0.03626633062958717
0.036224838346242905
0.03620420768857002
0.03620543330907822
0.03622134402394295
0.03624448925256729
0.03627248853445053
0.03630062937736511
0.036327119916677475
0.03634048253297806
0.03633714094758034
0.036306288093328476
0.036258094012737274
0.03620380163192749
0.0361650213599205
0.036150265485048294
0.036157041788101196
0.036177635192871094
0.0362052321434021
0.03623872250318527
0.03627311810851097
0.03630577772855759
0.03632150962948799
0.036315593868494034
0.0362745001912117
0.03621428832411766
0.03615175187587738
0.03611237555742264
0.03610369563102722
0.03611928969621658
0.036148667335510254
0.03618296608328819
0.036220379173755646
0.03625263646245003
0.036275990307331085
0.03627432882785797
0.036248333752155304
0.03619414567947388
0.036132797598838806
0.0360819548368454
0.03605920076370239
0.03606368973851204
0.0360858216881752
0.03611869364976883
0.03615729138255119
0.03620203584432602
0.036244746297597885
0.036279983818531036
0.03628472983837128
0.03625667095184326
0.036188315600156784
0.03610839322209358
0.03604361414909363
0.03601858764886856
0.03603121638298035
0.03606598824262619
0.036110490560531616
0.03615488484501839
0.036195218563079834
0.0362170934677124
0.03621784597635269
0.03618215397000313
0.03612377494573593
0.036054305732250214
0.03600163757801056
0.03597889840602875
0.03598571568727493
0.03601234778761864
0.03605017438530922
0.03609893471002579
0.036155421286821365
0.03621905297040939
0.036269351840019226
0.03629761561751366
0.0362677276134491
0.036191731691360474
0.036080650985240936
0.03598862141370773
0.035947803407907486
0.03596258908510208
0.03601132705807686
0.03606937825679779
0.03612417355179787
0.03616050258278847
0.036173705011606216
0.03614671900868416
0.036091648042201996
0.03601644188165665
0.03595183789730072
0.035914577543735504
0.03591093420982361
0.0359322689473629
0.03596862405538559
0.036018844693899155
0.03608136251568794
0.03616011142730713
0.03623708337545395
0.036303743720054626
0.03631311282515526
0.03626108914613724
0.036134250462055206
0.035995617508888245
0.035901401191949844
0.03588905185461044
0.035940997302532196
0.03601638972759247
0.036085344851017
0.03612331300973892
0.0361265167593956
0.03608068451285362
0.03600836917757988
0.03592633455991745
0.035868771374225616
0.035848911851644516
0.03586342930793762
0.03590037301182747
0.0359501913189888
0.036015525460243225
0.03609410300850868
0.03618922084569931
0.03627239912748337
0.036329541355371475
0.03630036860704422
0.03619731590151787
0.03603118658065796
0.03589147701859474
0.03583309054374695
0.0358622670173645
0.03593949228525162
0.036021169275045395
0.03608669340610504
0.03611166775226593
0.03609507158398628
0.036022089421749115
0.03592659533023834
0.035840220749378204
0.035799816250801086
0.035806283354759216
0.03584027662873268
0.03588741645216942
0.03594439849257469
0.03602355718612671
0.03612381964921951
0.03624283894896507
0.036328066140413284
0.036361269652843475
0.03628282621502876
0.03614271804690361
0.03597601503133774
0.0358603335916996
0.035818781703710556
0.03584301099181175
0.035911206156015396
0.03599676117300987
0.03607708588242531
0.03610749542713165
0.03607696294784546
0.03598009794950485
0.035877861082553864
0.03580835461616516
0.035784393548965454
0.035781197249889374
0.035786088556051254
0.03580809012055397
0.0358603373169899
0.03594836965203285
0.036056578159332275
0.03618009388446808
0.036296211183071136
0.03642251342535019
0.03649025037884712
0.036490872502326965
0.03632223233580589
0.03605426475405693
0.03581026569008827
0.03574540093541145
0.03584788367152214
0.03599187731742859
0.036081455647945404
0.0360981822013855
0.03609899803996086
0.03609148785471916
0.036055002361536026
0.035933513194322586
0.03578602522611618
0.03570837527513504
0.03574427217245102
0.035819925367832184
0.03585086390376091
0.03585438430309296
0.035907942801713943
0.03608590364456177
0.03636122867465019
0.03668929263949394
0.03695375472307205
0.0371965654194355
0.03727962076663971
0.0372556671500206
0.036859601736068726
0.036274828016757965
0.035818591713905334
0.03589019551873207
0.03631377965211868
0.03658020496368408
0.03650767728686333
0.03624618053436279
0.03611769527196884
0.0360894538462162
0.035973791033029556
0.03583212569355965
0.03585563600063324
0.03604215383529663
0.036144696176052094
0.03605218604207039
0.035914096981287
0.03591379150748253
0.035960908979177475
0.03590383008122444
0.03575446084141731
0.03568696230649948
0.03573136776685715
0.0357566736638546
0.03570129722356796
0.03563867136836052
0.03564850613474846
0.03569216653704643
0.035698115825653076
0.035679906606674194
0.03571464493870735
0.035860322415828705
0.03615892678499222
0.036663968116045
0.03754451125860214
0.038692645728588104
0.040074244141578674
0.040206752717494965
0.03911104425787926
0.036834653466939926
0.035865653306245804
0.03673293814063072
0.03789622709155083
0.03803369402885437
0.03707992285490036
0.03651680052280426
0.03673825040459633
0.03695574402809143
0.03660847991704941
0.03636504337191582
0.036621056497097015
0.03660553693771362
0.03615793585777283
0.03595234826207161
0.03626997023820877
0.03640534728765488
0.0360553152859211
0.035881660878658295
0.03605911135673523
0.03605891019105911
0.03581944480538368
0.0357590913772583
0.03589296713471413
0.03587702289223671
0.03572875261306763
0.03572479635477066
0.0358278863132
0.03582003340125084
0.03576025366783142
0.035814203321933746
0.035985369235277176
0.036132730543613434
0.03627108782529831
0.03644368797540665
0.0366683155298233
0.0366666242480278
0.03639701381325722
0.0359472930431366
0.035690683871507645
0.035703521221876144
0.035819508135318756
0.03591693192720413
0.03597358614206314
0.03598875552415848
0.03588217869400978
0.03568762168288231
0.03555893152952194
0.03559984639286995
0.035714391618967056
0.035763002932071686
0.035737618803977966
0.03570334613323212
0.03570075333118439
0.03567204996943474
0.03559635579586029
0.035513561218976974
0.0354948416352272
0.03552877902984619
0.035551320761442184
0.03554297983646393
0.03553827852010727
0.035584766417741776
0.035678260028362274
0.03579726815223694
0.0359172485768795
0.03606598824262619
0.03620951995253563
0.03633379563689232
0.03628064692020416
0.03605246543884277
0.035706181079149246
0.035498108714818954
0.035527411848306656
0.035680875182151794
0.03579803556203842
0.035813990980386734
0.03579190745949745
0.035760678350925446
0.0357058085501194
0.03559527546167374
0.035479120910167694
0.03545387461781502
0.0355270691215992
0.035611592233181
0.03563864901661873
0.035634905099868774
0.035657938569784164
0.03573846444487572
0.03580735996365547
0.035813380032777786
0.03572840243577957
0.035640083253383636
0.03559655696153641
0.0355856753885746
0.035541314631700516
0.035457368940114975
0.03539850562810898
0.03541141748428345
0.035463832318782806
0.03549923375248909
0.03551163896918297
0.03554566577076912
0.035659950226545334
0.035858381539583206
0.03612722456455231
0.036388006061315536
0.03664252907037735
0.03673654794692993
0.03673836588859558
0.03645973652601242
0.03602645546197891
0.035605184733867645
0.03548869863152504
0.03572078421711922
0.03605535998940468
0.0362367257475853
0.03613030165433884
0.03589773550629616
0.035701900720596313
0.03564406931400299
0.03562285006046295
0.03559049963951111
0.03559309244155884
0.03568527102470398
0.03582122176885605
0.03586210682988167
0.035783931612968445
0.03564034402370453
0.03557763993740082
0.035594869405031204
0.03559774532914162
0.035517968237400055
0.03540494665503502
0.035362306982278824
0.03540247306227684
0.035441212356090546
0.03542518988251686
0.03538144379854202
0.035379406064748764
0.03545435145497322
0.03559122607111931
0.03581196069717407
0.036185525357723236
0.03690546751022339
0.03797755390405655
0.03948688507080078
0.040194071829319
0.03994745388627052
0.03784022480249405
0.03615126013755798
0.036082673817873
0.03713318333029747
0.03779302164912224
0.03739609196782112
0.036891303956508636
0.037026673555374146
0.037466056644916534
0.036844491958618164
0.035931993275880814
0.03600405156612396
0.03666337579488754
0.03662580996751785
0.03596653416752815
0.035978157073259354
0.03640076145529747
0.03622494637966156
0.035801853984594345
0.03591007739305496
0.03614085167646408
0.03597021847963333
0.03573308512568474
0.03590241074562073
0.036082617938518524
0.035965994000434875
0.035872895270586014
0.036075036972761154
0.03621983528137207
0.03612988442182541
0.03593948483467102
0.035926904529333115
0.035892367362976074
0.03567083179950714
0.03544094040989876
0.03543781489133835
0.0355459488928318
0.03556442633271217
0.035523638129234314
0.035570211708545685
0.03570793941617012
0.035784922540187836
0.03577755019068718
0.03574226051568985
0.03578294813632965
0.03580384701490402
0.03571786358952522
0.0355253741145134
0.035384658724069595
0.03536299616098404
0.03539099171757698
0.035380758345127106
0.035357363522052765
0.03539029508829117
0.03548143431544304
0.035581767559051514
0.035640813410282135
0.03569749742746353
0.035774871706962585
0.035899415612220764
0.035953689366579056
0.035885039716959
0.035654466599226
0.035430908203125
0.03533137962222099
0.03535422310233116
0.0353921614587307
0.03540210425853729
0.03542718291282654
0.0355064794421196
0.03561614453792572
0.035664331167936325
0.0356287956237793
0.03552532196044922
0.03546570613980293
0.035458363592624664
0.035447172820568085
0.035370420664548874
0.035263847559690475
0.0352114737033844
0.03523765504360199
0.03527997434139252
0.0352853387594223
0.03526596352458
0.035280197858810425
0.03538181632757187
0.03558410331606865
0.035922858864068985
0.03642047196626663
0.03720373287796974
0.03807229548692703
0.03906331956386566
0.03904350847005844
0.03817467391490936
0.03641718626022339
0.03545965626835823
0.035911791026592255
0.03699301928281784
0.03766839578747749
0.03734936937689781
0.03672976791858673
0.0364491268992424
0.03671910613775253
0.036627575755119324
0.036143235862255096
0.03590793162584305
0.03627779334783554
0.03658827394247055
0.03612549602985382
0.035571396350860596
0.03562409430742264
0.035921890288591385
0.03580530732870102
0.03545433655381203
0.035470783710479736
0.03569667786359787
0.0356510691344738
0.03546694666147232
0.03554154932498932
0.035870932042598724
0.03626362979412079
0.03676418960094452
0.037844520062208176
0.03922872990369797
0.04055239260196686
0.039763256907463074
0.03785097599029541
0.036099873483181
0.03616298362612724
0.037068165838718414
0.037527088075876236
0.03752550110220909
0.037364184856414795
0.03733503073453903
0.036662232130765915
0.03597462922334671
0.036102212965488434
0.036809198558330536
0.03695386275649071
0.036170437932014465
0.03571919724345207
0.03598882257938385
0.036072567105293274
0.035721760243177414
0.03557327389717102
0.03588653728365898
0.036042701452970505
0.0358247309923172
0.03575773537158966
0.0360461063683033
0.03619201108813286
0.036073580384254456
0.03592763841152191
0.03599977120757103
0.03595886752009392
0.035649701952934265
0.035357728600502014
0.03536442667245865
0.03547336161136627
0.03545064479112625
0.03537564352154732
0.03543604910373688
0.0355897955596447
0.035636547952890396
0.035583414137363434
0.03554151952266693
0.03560152277350426
0.035628460347652435
0.03552965074777603
0.03535044565796852
0.035253774374723434
0.035257257521152496
0.03526201844215393
0.03520841524004936
0.03516310453414917
0.0351935550570488
0.035271935164928436
0.03534112870693207
0.035388946533203125
0.035488516092300415
0.03568253666162491
0.035984959453344345
0.03623388335108757
0.036350857466459274
0.03615183010697365
0.03583686798810959
0.035526175051927567
0.03537911921739578
0.03533485159277916
0.03536795452237129
0.03547416627407074
0.0356135219335556
0.03569087013602257
0.03557640686631203
0.03534246236085892
0.03514925017952919
0.03514111042022705
0.03524215146899223
0.03530241176486015
0.03530227765440941
0.03531436249613762
0.03542422130703926
0.03558531031012535
0.03570844233036041
0.0356978215277195
0.03560967370867729
0.035521939396858215
0.03551561385393143
0.035479847341775894
0.03535563871264458
0.03516048938035965
0.03506960719823837
0.03514065593481064
0.035253677517175674
0.03529822826385498
0.0352814719080925
0.03532956540584564
0.035501278936862946
0.03576231002807617
0.03596964851021767
0.03607472404837608
0.036025162786245346
0.03600287437438965
0.0359603613615036
0.035867586731910706
0.0355549082159996
0.035219013690948486
0.03510333597660065
0.035288602113723755
0.035542234778404236
0.03562798723578453
0.03561009094119072
0.035650771111249924
0.03586442396044731
0.03604952618479729
0.035992078483104706
0.03565320372581482
0.03534679114818573
0.03530709818005562
0.035422183573246
0.03538547456264496
0.03519556298851967
0.03506537899374962
0.035144075751304626
0.03528360649943352
0.03530582785606384
0.035285573452711105
0.03542109578847885
0.035879507660865784
0.036629289388656616
0.03772397339344025
0.03878495842218399
0.040001653134822845
0.04006870090961456
0.039488375186920166
0.03751174360513687
0.036026958376169205
0.03597070649266243
0.03745248168706894
0.03933839499950409
0.039851654320955276
0.03904857486486435
0.037207260727882385
0.03646138310432434
0.036945514380931854
0.03737020120024681
0.03745271638035774
0.037344206124544144
0.03752821311354637
0.037396080791950226
0.03646685555577278
0.0357474684715271
0.03612120822072029
0.03694726899266243
0.0370081402361393
0.03647173196077347
0.03632699325680733
0.03674808517098427
0.03659563511610031
0.03591788560152054
0.035526249557733536
0.03581294044852257
0.035951483994722366
0.035562772303819656
0.03533676639199257
0.03554604575037956
0.0356668084859848
0.03549189493060112
0.03538699075579643
0.035625673830509186
0.03602156788110733
0.03638984635472298
0.03711683675646782
0.03831421583890915
0.03986246883869171
0.039869219064712524
0.03849765285849571
0.036356210708618164
0.03584152087569237
0.03657802939414978
0.03716448321938515
0.037216026335954666
0.03713652119040489
0.03727233409881592
0.03673849627375603
0.035898108035326004
0.03566061705350876
0.03634079918265343
0.036760080605745316
0.03618687763810158
0.03569994866847992
0.035892050713300705
0.036018360406160355
0.03563499078154564
0.03530087321996689
0.03549912944436073
0.035684991627931595
0.035463906824588776
0.03529971465468407
0.035493120551109314
0.03569025918841362
0.0357225276529789
0.035825733095407486
0.03630609065294266
0.036845315247774124
0.03712986782193184
0.03684479370713234
0.0364595428109169
0.03599073365330696
0.03559071570634842
0.03532160818576813
0.03548376262187958
0.0359443724155426
0.03612590953707695
0.035851217806339264
0.03538184612989426
0.035232141613960266
0.03535299375653267
0.03540419787168503
0.03535378351807594
0.03536676988005638
0.03550203517079353
0.035549893975257874
0.03537953644990921
0.03514527156949043
0.03508551046252251
0.03515616059303284
0.035164788365364075
0.03506309166550636
0.03500214219093323
0.03506365790963173
0.03515445813536644
0.035195495933294296
0.03521232306957245
0.03534115478396416
0.03561892732977867
0.0360051691532135
0.03629478067159653
0.03644245117902756
0.03625982254743576
0.0359773226082325
0.035593386739492416
0.035301413387060165
0.035162314772605896
0.03528442606329918
0.035582441836595535
0.03576843440532684
0.03567255660891533
0.0353117436170578
0.03503510355949402
0.03503186255693436
0.0351792573928833
0.03527320548892021
0.03524993732571602
0.03523488715291023
0.035288915038108826
0.0353553332388401
0.03531491756439209
0.03513580560684204
0.034961599856615067
0.03494035080075264
0.03501875698566437
0.03505042940378189
0.03497987240552902
0.034901492297649384
0.034912120550870895
0.03499175235629082
0.035069789737463
0.03513021767139435
0.035284385085105896
0.03566892817616463
0.03644588589668274
0.03746660053730011
0.03861908242106438
0.03876636177301407
0.03817577660083771
0.036772266030311584
0.036059971898794174
0.03613477572798729
0.03665441274642944
0.03695857524871826
0.037009354680776596
0.03721882775425911
0.03715745359659195
0.03664768487215042
0.0356396920979023
0.03540726751089096
0.0361461378633976
0.03667990863323212
0.03650214523077011
0.03603946790099144
0.03616558387875557
0.03644777834415436
0.03608788177371025
0.03539832681417465
0.03522070124745369
0.03555929660797119
0.03564287722110748
0.03529426455497742
0.035162582993507385
0.03544572368264198
0.035637836903333664
0.0356207937002182
0.03575301915407181
0.03641635924577713
0.03727123141288757
0.038006823509931564
0.037999704480171204
0.037736088037490845
0.03697747364640236
0.036242078989744186
0.03555303066968918
0.03556372970342636
0.036323804408311844
0.03697638958692551
0.03688473626971245
0.03600733354687691
0.03543196618556976
0.03552963584661484
0.03574571758508682
0.035702355206012726
0.035539660602808
0.03568989038467407
0.03595760464668274
0.0358753427863121
0.035463325679302216
0.03515482693910599
0.03523655980825424
0.03539162129163742
0.03524532541632652
0.0350150428712368
0.03503107279539108
0.03519028052687645
0.03522411361336708
0.035142336040735245
0.03521895408630371
0.035571832209825516
0.036166802048683167
0.03687415271997452
0.03778235241770744
0.038359202444553375
0.03866701200604439
0.03770385682582855
0.036301061511039734
0.03524777293205261
0.03557571396231651
0.03673730045557022
0.03738000988960266
0.037091948091983795
0.03612672537565231
0.03566800802946091
0.03588477522134781
0.03605073317885399
0.03588269278407097
0.035623759031295776
0.03578215837478638
0.036080893129110336
0.03589769825339317
0.03535420820116997
0.035075441002845764
0.035307783633470535
0.03549732267856598
0.03528853505849838
0.03506181016564369
0.03515573963522911
0.03537348657846451
0.03546356409788132
0.035487495362758636
0.0358026884496212
0.03648040443658829
0.037377722561359406
0.0378408208489418
0.03780857101082802
0.03696882352232933
0.03626606985926628
0.03576298803091049
0.03561712056398392
0.035790372639894485
0.036272015422582626
0.036699216812849045
0.03643679991364479
0.03571678325533867
0.0351373553276062
0.03524461388587952
0.03569776937365532
0.03588435798883438
0.035751234740018845
0.03554830327630043
0.03560912609100342
0.0357479527592659
0.03553764894604683
0.0351245254278183
0.03495190292596817
0.03513436019420624
0.035283107310533524
0.035176943987607956
0.035032082349061966
0.035083889961242676
0.03528685122728348
0.035498473793268204
0.03565060719847679
0.03592697158455849
0.03640177473425865
0.03705848008394241
0.03718903660774231
0.03668572008609772
0.03568433225154877
0.03520211577415466
0.035339951515197754
0.035620301961898804
0.03568464517593384
0.03563912957906723
0.035731248557567596
0.03584374487400055
0.035787682980298996
0.03533908352255821
0.034956563264131546
0.03502209112048149
0.03530646860599518
0.03536441922187805
0.03516080975532532
0.03514157235622406
0.0354197695851326
0.03570473939180374
0.03578409180045128
0.03579576686024666
0.03586072102189064
0.036045461893081665
0.03599649667739868
0.03566821292042732
0.03513214364647865
0.034888576716184616
0.03505266457796097
0.03524599224328995
0.035227157175540924
0.0351315513253212
0.03524727374315262
0.03548212721943855
0.035596814006567
0.035507962107658386
0.03532509133219719
0.03519958630204201
0.03522022068500519
0.035226330161094666
0.03509972617030144
0.03486546501517296
0.03478216379880905
0.03488646447658539
0.03495911881327629
0.03490345552563667
0.03482971712946892
0.03488453850150108
0.035052038729190826
0.035302214324474335
0.035667747259140015
0.036246396601200104
0.03694620355963707
0.03789616376161575
0.03834658861160278
0.03818381577730179
0.036707859486341476
0.03531428426504135
0.03503695875406265
0.035823989659547806
0.036732714623212814
0.03704975172877312
0.03697381168603897
0.036689549684524536
0.03678910434246063
0.03721950575709343
0.036875639110803604
0.03590102866292
0.035268548876047134
0.035971030592918396
0.036781080067157745
0.03649216517806053
0.03602612018585205
0.03666158765554428
0.03761032223701477
0.03802696242928505
0.03756006062030792
0.037400487810373306
0.037386566400527954
0.037187110632658005
0.036375902593135834
0.03541708365082741
0.03539719432592392
0.03612607717514038
0.03629907965660095
0.03590405732393265
0.036213792860507965
0.03731231018900871
0.03823653608560562
0.03827934339642525
