# lbfgs, lr=0.8, alpha = 1000000, beta = 0.1
# best_iter: 99, best_loss = 0.14129340648651123, imsave period = 10
10.26632308959961
1.1194013357162476
0.5353905558586121
0.34704580903053284
0.26802563667297363
0.2285606563091278
0.20348970592021942
0.1893833428621292
0.1791532188653946
0.17217472195625305
0.16678480803966522
0.16272121667861938
0.15934951603412628
0.15678814053535461
0.15467241406440735
0.15294289588928223
0.151532381772995
0.15037618577480316
0.149413600564003
0.14859724044799805
0.14791865646839142
0.14734753966331482
0.14686335623264313
0.14645370841026306
0.1460965871810913
0.14579038321971893
0.14552856981754303
0.14528900384902954
0.14508089423179626
0.14489679038524628
0.14472389221191406
0.14457154273986816
0.1444309651851654
0.14430367946624756
0.14418382942676544
0.144073486328125
0.1439676731824875
0.14386987686157227
0.14377592504024506
0.14368756115436554
0.1436038464307785
0.14352267980575562
0.14344732463359833
0.14336934685707092
0.14329814910888672
0.1432299017906189
0.14316394925117493
0.1430996209383011
0.1430361419916153
0.14297530055046082
0.1429162323474884
0.14285802841186523
0.14280207455158234
0.14274728298187256
0.14269383251667023
0.14264240860939026
0.14259199798107147
0.14254218339920044
0.1424940824508667
0.1424470692873001
0.14240151643753052
0.14235764741897583
0.14231480658054352
0.14227373898029327
0.14223337173461914
0.14219406247138977
0.14215485751628876
0.14211751520633698
0.14208142459392548
0.14204561710357666
0.14201170206069946
0.1419791430234909
0.14194685220718384
0.14191246032714844
0.14188045263290405
0.1418500542640686
0.14182054996490479
0.14179182052612305
0.14176400005817413
0.14173643290996552
0.1417098194360733
0.1416836678981781
0.14165839552879333
0.1416328400373459
0.14160779118537903
0.14158369600772858
0.1415599137544632
0.1415368765592575
0.14151433110237122
0.14149217307567596
0.1414705514907837
0.1414494812488556
0.14142854511737823
0.14140859246253967
0.14138886332511902
0.14136965572834015
0.14135073125362396
0.14133000373840332
0.1413111388683319
0.14129340648651123
