# lbfgs, lr=0.8, alpha = 1000000, beta = 0.1
# best_iter: 58, best_loss = 0.25799185037612915, imsave period = 10
178.2998809814453
17.93946075439453
4.055928707122803
1.867499589920044
1.171055793762207
0.8910819292068481
0.7504417896270752
0.6325554251670837
0.5482046008110046
0.5368093252182007
0.4639648497104645
0.4408848285675049
0.4216967821121216
0.40484070777893066
0.39245110750198364
0.37929028272628784
0.36855432391166687
0.3581538796424866
0.3518807291984558
0.3444046676158905
0.3384251892566681
0.33260682225227356
0.3272557854652405
0.3227383494377136
0.3175259530544281
0.3129045367240906
0.30843299627304077
0.3055054247379303
0.3010723888874054
0.2982385456562042
0.294584184885025
0.2936541438102722
0.28913718461990356
0.28751981258392334
0.2837057411670685
0.2825285792350769
0.28043293952941895
0.2784518003463745
0.28003382682800293
0.27496060729026794
0.2756582796573639
0.2730556130409241
0.3909180164337158
0.27659475803375244
0.26981478929519653
0.26777005195617676
0.2749650478363037
0.265247106552124
0.28397098183631897
0.26618582010269165
0.2633019983768463
0.698419988155365
0.28136539459228516
0.2704316973686218
0.2649991512298584
0.26191025972366333
0.2597807049751282
0.268398642539978
0.25799185037612915
0.2977808117866516
0.28144338726997375
0.26449769735336304
0.2873847484588623
0.26044267416000366
0.25831663608551025
0.2635985016822815
0.2615279257297516
0.49509167671203613
0.26566940546035767
0.26299184560775757
50.52404022216797
39.1840705871582
7.554800033569336
1.3816230297088623
0.7502039670944214
0.5344393849372864
0.4410526752471924
0.397947758436203
0.3693619966506958
0.3503880202770233
0.3385230600833893
0.3268873989582062
0.31820547580718994
0.3107304275035858
0.30666831135749817
0.30148929357528687
0.29696986079216003
0.2927702069282532
0.2895596921443939
0.28569644689559937
0.2838464677333832
0.2790535092353821
0.2768601179122925
0.275132417678833
0.2725554406642914
0.2707633376121521
0.26898717880249023
0.2678880989551544
0.28098228573799133
0.2644409239292145
