# lbfgs, lr=0.8, alpha = 1000000, beta = 0.1
# best_iter: 98, best_loss = 0.7948221564292908, imsave period = 10
313.9446105957031
41.23186492919922
16.187795639038086
8.65236759185791
5.393832206726074
3.6283273696899414
2.764997959136963
2.2094886302948
1.855359435081482
1.6277573108673096
1.4760632514953613
1.3746808767318726
1.2881544828414917
1.2215502262115479
1.1756271123886108
1.1368129253387451
1.1013153791427612
1.0751173496246338
1.050537109375
1.0299919843673706
1.0129433870315552
0.9964714050292969
0.9810752868652344
0.9683652520179749
0.9574823975563049
0.9483379125595093
0.9395367503166199
0.929716169834137
0.9212570786476135
0.9150347709655762
0.908761739730835
0.9026976227760315
0.8975604176521301
0.8930436372756958
0.8884305953979492
0.8836548924446106
0.8795616626739502
0.8754920363426208
0.8713738322257996
0.8681786060333252
0.8652973175048828
0.862209677696228
0.8592739701271057
0.8564459085464478
0.8542219400405884
0.8516597151756287
0.849197268486023
0.846871554851532
0.8446770310401917
0.8428658246994019
0.8410474061965942
0.8391770124435425
0.8371278047561646
0.8355910778045654
0.8342646360397339
0.8328315615653992
0.8319696187973022
0.8298180103302002
0.8285210728645325
0.8271813988685608
0.8265001177787781
0.8249027132987976
0.823248028755188
0.8220618963241577
0.8209722638130188
0.8213559985160828
0.8189300298690796
0.8307343125343323
0.8196806311607361
0.8166710138320923
0.8146969676017761
0.8288989663124084
0.8130063414573669
0.8114210367202759
0.8115535974502563
0.8101433515548706
0.8088964223861694
0.8093604445457458
0.80772864818573
0.8971530199050903
0.8671215772628784
0.823564350605011
0.8136095404624939
0.8090116381645203
0.8065358996391296
0.8042207956314087
0.8026360273361206
0.8011942505836487
0.8003508448600769
0.7999351024627686
0.7991155385971069
0.800662636756897
0.7979953289031982
0.8179423809051514
0.7989966869354248
0.7969021797180176
0.7955707311630249
0.7971645593643188
0.7948221564292908
0.8065641522407532
