# adam, lr=0.01, alpha = 1000000, beta = 0.1
# best_iter: 2893, best_loss = 0.0282442644238472, imsave period = 300
2.850520610809326
1.571082353591919
0.9134939908981323
0.7577029466629028
0.6595227122306824
0.5871704816818237
0.5526313781738281
0.5149651169776917
0.4698309302330017
0.42907655239105225
0.3928203284740448
0.3569464385509491
0.3236178457736969
0.29687029123306274
0.2770962119102478
0.26230084896087646
0.25012311339378357
0.2387886941432953
0.2282903790473938
0.21921145915985107
0.21099519729614258
0.2032228410243988
0.19660213589668274
0.19138148427009583
0.18682050704956055
0.1825317144393921
0.17831875383853912
0.1736862063407898
0.16891248524188995
0.16468806564807892
0.16077779233455658
0.1567484438419342
0.15282517671585083
0.14914487302303314
0.1456051766872406
0.14221647381782532
0.13889659941196442
0.1356891393661499
0.13274940848350525
0.12993057072162628
0.12716986238956451
0.12458404153585434
0.12211662530899048
0.11976394057273865
0.11749264597892761
0.11522343754768372
0.11309672892093658
0.11109064519405365
0.10906723886728287
0.10709577053785324
0.10518947243690491
0.10333386808633804
0.1015300527215004
0.09975406527519226
0.09805924445390701
0.0964273065328598
0.09481676667928696
0.09326083958148956
0.09176171571016312
0.0903310477733612
0.08894948661327362
0.08759716153144836
0.08630169183015823
0.08505167067050934
0.08384017646312714
0.08266705274581909
0.08152495324611664
0.08042071759700775
0.07934734225273132
0.07830431312322617
0.07729145884513855
0.07630771398544312
0.07535436749458313
0.07442520558834076
0.07352331280708313
0.07264935225248337
0.07180044054985046
0.07097859680652618
0.07018226385116577
0.06941082328557968
0.06866223365068436
0.06793627142906189
0.06723371148109436
0.06655152887105942
0.06588973104953766
0.06524796038866043
0.06462536007165909
0.06402036547660828
0.06343289464712143
0.06286296248435974
0.0623091384768486
0.06177179515361786
0.06125013530254364
0.060743845999240875
0.0602518692612648
0.059774402529001236
0.059310998767614365
0.058860741555690765
0.05842351168394089
0.057998672127723694
0.057585708796978
0.05718403309583664
0.056793708354234695
0.05641401559114456
0.05604459345340729
0.055685073137283325
0.055335111916065216
0.05499438941478729
0.05466265231370926
0.054339490830898285
0.05402446538209915
0.05371738225221634
0.05341789871454239
0.05312589928507805
0.052841052412986755
0.0525631345808506
0.05229189991950989
0.05202719569206238
0.05176869407296181
0.051516175270080566
0.05126926675438881
0.05102786421775818
0.05079179257154465
0.05056094750761986
0.050335049629211426
0.050114016979932785
0.04989767074584961
0.04968578740954399
0.04947824031114578
0.04927494749426842
0.04907570406794548
0.04888039827346802
0.048688922077417374
0.04850112646818161
0.04831688851118088
0.048136141151189804
0.04795880988240242
0.047784700989723206
0.047613754868507385
0.0474458783864975
0.04728097841143608
0.047118984162807465
0.04695986211299896
0.04680351912975311
0.046649832278490067
0.046498723328113556
0.04635019972920418
0.04620407149195671
0.04606028273701668
0.0459187887609005
0.045779600739479065
0.04564255475997925
0.045507606118917465
0.0453747883439064
0.045244000852108
0.04511520266532898
0.044988296926021576
0.04486323893070221
0.0447399877011776
0.04461858049035072
0.04449890926480293
0.04438091814517975
0.044264644384384155
0.04415004327893257
0.04403706640005112
0.043925654143095016
0.043815817683935165
0.04370750114321709
0.04360062628984451
0.04349520429968834
0.04339122027158737
0.04328860715031624
0.043187327682971954
0.04308737814426422
0.04298870638012886
0.04289134964346886
0.04279526323080063
0.042700354009866714
0.042606621980667114
0.04251411557197571
0.04242280498147011
0.04233258590102196
0.042243462055921555
0.0421554259955883
0.042068470269441605
0.041982538998126984
0.04189761355519295
0.041813675314188004
0.04173070192337036
0.041648708283901215
0.04156767949461937
0.041487593203783035
0.04140842705965042
0.041330140084028244
0.0412527397274971
0.0411762073636055
0.04110053926706314
0.041025761514902115
0.04095178842544556
0.04087857902050018
0.04080618917942047
0.04073458909988403
0.040663763880729675
0.04059367999434471
0.040524352341890335
0.040455758571624756
0.04038788005709648
0.040320709347724915
0.04025425761938095
0.0401884987950325
0.040123410522937775
0.04005901515483856
0.03999524936079979
0.03993216156959534
0.03986972197890282
0.03980791196227074
0.03974668309092522
0.03968608006834984
0.03962613269686699
0.039566799998283386
0.039508044719696045
0.039449915289878845
0.03939231485128403
0.039335332810878754
0.03927890956401825
0.039223093539476395
0.03916783630847931
0.03911308944225311
0.039058852940797806
0.03900517150759697
0.038951974362134933
0.03889928013086319
0.03884703293442726
0.03879525884985924
0.03874394670128822
0.038693107664585114
0.038642723113298416
0.03859282284975052
0.038543347269296646
0.03849432244896889
0.03844578191637993
0.038397639989852905
0.038349948823451996
0.03830268606543541
0.03825584426522255
0.038209423422813416
0.0381634384393692
0.038117799907922745
0.038072556257247925
0.03802770376205444
0.03798326477408409
0.03793921694159508
0.037895530462265015
0.0378522165119648
0.03780929744243622
0.03776675462722778
0.0377245731651783
0.03768276423215866
0.03764130175113678
0.03760021552443504
0.03755946829915047
0.037519048899412155
0.037478968501091
0.03743923455476761
0.037399791181087494
0.03736071288585663
0.03732197359204292
0.03728355094790459
0.03724543750286102
0.037207651883363724
0.037170182913541794
0.037133000791072845
0.03709615021944046
0.03705957159399986
0.03702331334352493
0.0369873121380806
0.036951594054698944
0.036916185170412064
0.03688108175992966
0.036846261471509933
0.0368117019534111
0.036777421832084656
0.03674338012933731
0.03670961782336235
0.03667610138654709
0.03664281591773033
0.036609794944524765
0.036577045917510986
0.036544524133205414
0.03651224821805954
0.036480214446783066
0.03644841909408569
0.036416858434677124
0.03638554364442825
0.03635447472333908
0.03632360324263573
0.03629297763109207
0.036262594163417816
0.03623238950967789
0.03620242699980736
0.03617268428206444
0.03614316135644913
0.03611385077238083
0.036084722727537155
0.03605584427714348
0.03602715581655502
0.03599870949983597
0.03597048670053482
0.035942450165748596
0.0359145887196064
0.0358869768679142
0.035859525203704834
0.03583226725459099
0.03580521419644356
0.03577832132577896
0.03575163707137108
0.03572511672973633
0.0356987901031971
0.035672638565301895
0.03564663976430893
0.0356208011507988
0.03559515252709389
0.03556964173913002
0.03554430231451988
0.03551916405558586
0.03549417480826378
0.035469334572553635
0.03544468432664871
0.035420238971710205
0.03539595752954483
0.035371821373701096
0.035347819328308105
0.03532399982213974
0.0353003591299057
0.03527682274580002
0.03525346890091896
0.03523024544119835
0.03520718961954117
0.035184282809495926
0.03516151010990143
0.035138875246047974
0.03511638194322586
0.03509405255317688
0.035071827471256256
0.035049766302108765
0.03502781689167023
0.03500600531697273
0.03498435392975807
0.03496285527944565
0.03494145721197128
0.03492017462849617
0.03489904850721359
0.03487800806760788
0.034857094287872314
0.03483632951974869
0.034815721213817596
0.03479520604014397
0.03477481007575989
0.034754589200019836
0.034734468907117844
0.03471449017524719
0.03469462692737579
0.03467486426234245
0.03465523570775986
0.03463572636246681
0.03461632505059242
0.0345970094203949
0.034577835351228714
0.03455878794193268
0.034539803862571716
0.03452092409133911
0.03450218588113785
0.034483540803194046
0.0344649963080883
0.03444656357169151
0.03442824259400368
0.03440999984741211
0.03439190983772278
0.034373871982097626
0.034355949610471725
0.03433815762400627
0.03432042524218559
0.03430279344320297
0.03428526967763901
0.034267835319042206
0.034250516444444656
0.03423327952623367
0.03421613201498985
0.0341990664601326
0.03418213874101639
0.03416525945067406
0.034148529171943665
0.034131910651922226
0.034115422517061234
0.0340990386903286
0.034082911908626556
0.034067027270793915
0.034051600843667984
0.03403665870428085
0.03402256965637207
0.03400946781039238
0.033997464925050735
0.03398649021983147
0.03397597372531891
0.03396529704332352
0.0339527428150177
0.03393769636750221
0.03391939401626587
0.03389874845743179
0.033877305686473846
0.033856574445962906
0.0338376984000206
0.03382053226232529
0.033804841339588165
0.033790066838264465
0.03377604857087135
0.03376323729753494
0.03375225514173508
0.033745016902685165
0.0337442085146904
0.03375253081321716
0.03377298638224602
0.03380078822374344
0.033828556537628174
0.03383679687976837
0.033809907734394073
0.033748894929885864
0.033672917634248734
0.03361550718545914
0.0335937961935997
0.033602237701416016
0.03362540528178215
0.033650342375040054
0.03366691619157791
0.033667147159576416
0.03364424407482147
0.03359777107834816
0.03354036435484886
0.03348908945918083
0.033458270132541656
0.03344911336898804
0.03345481678843498
0.03346943110227585
0.03349008411169052
0.03351528197526932
0.033542752265930176
0.03356241434812546
0.033559903502464294
0.03352607414126396
0.03345894813537598
0.033382244408130646
0.03332280367612839
0.03329857066273689
0.0333053395152092
0.03332885354757309
0.033358149230480194
0.033387117087841034
0.033409327268600464
0.0334165096282959
0.03340080380439758
0.03335758298635483
0.033296819776296616
0.03323374688625336
0.03318772837519646
0.0331670418381691
0.03317023813724518
0.03319152817130089
0.03322688117623329
0.03327365592122078
0.033328086137771606
0.033378854393959045
0.033403269946575165
0.033383436501026154
0.03330144286155701
0.033187516033649445
0.03308567404747009
0.03304043039679527
0.033054642379283905
0.033102914690971375
0.033157829195261
0.033199794590473175
0.03321468457579613
0.03318963944911957
0.03313111886382103
0.03305194526910782
0.03298543393611908
0.03295229747891426
0.032954372465610504
0.03297879546880722
0.03301386162638664
0.03304874151945114
0.03307972475886345
0.033103860914707184
0.03312309831380844
0.03315411135554314
0.03321024775505066
0.03329925984144211
0.03339643031358719
0.03343578428030014
0.03330422192811966
0.03306955844163895
0.032869353890419006
0.03288266062736511
0.03307154029607773
0.03324887901544571
0.03330584987998009
0.0332474447786808
0.03323093801736832
0.033309321850538254
0.03340042755007744
0.033337805420160294
0.033072903752326965
0.032788388431072235
0.032718416303396225
0.03286975249648094
0.033029280602931976
0.033025287091732025
0.0328776091337204
0.03274637088179588
0.03275274112820625
0.03285571187734604
0.0329207107424736
0.03286787122488022
0.03272869810461998
0.032638069242239
0.03267073631286621
0.03278503194451332
0.032892435789108276
0.03294585272669792
0.03297162055969238
0.03305754065513611
0.03323023393750191
0.03347316011786461
0.0335908979177475
0.033465079963207245
0.033020634204149246
0.03260862082242966
0.03252504765987396
0.032731689512729645
0.032927580177783966
0.03289564698934555
0.03272594138979912
0.03263559192419052
0.032732557505369186
0.03287965804338455
0.03286733105778694
0.03268822655081749
0.03249284252524376
0.0324602946639061
0.03256005793809891
0.032618582248687744
0.032551638782024384
0.032418929040431976
0.03235534578561783
0.032400138676166534
0.03247707337141037
0.032511331140995026
0.032497622072696686
0.032511599361896515
0.03265126049518585
0.03296659141778946
0.03347701206803322
0.03402279317378998
0.034468259662389755
0.03425901010632515
0.03360686078667641
0.032792601734399796
0.03257147967815399
0.0329415462911129
0.03327608108520508
0.033164069056510925
0.032707877457141876
0.03248569369316101
0.0326547846198082
0.032841235399246216
0.03274677321314812
0.032457709312438965
0.03234652802348137
0.03248092159628868
0.032589737325906754
0.03249300271272659
0.032270677387714386
0.03217777982354164
0.03227584809064865
0.032387614250183105
0.03236799314618111
0.03223501518368721
0.032142169773578644
0.032179247587919235
0.032285839319229126
0.03236030042171478
0.03236722946166992
0.03237183764576912
0.03245430439710617
0.03265262022614479
0.03287864476442337
0.032992199063301086
0.03283403068780899
0.03246515989303589
0.03212731331586838
0.03207920491695404
0.03224995359778404
0.03238285705447197
0.0323219932615757
0.03214219585061073
0.03204522654414177
0.03211497515439987
0.03224065899848938
0.03227058798074722
0.03216519579291344
0.03200908750295639
0.03195485100150108
0.032032351940870285
0.03214803710579872
0.03221284598112106
0.03221295773983002
0.03221052139997482
0.03230654075741768
0.03251473978161812
0.0327875018119812
0.03294449299573898
0.03288491815328598
0.032508332282304764
0.03211396187543869
0.03195624053478241
0.032069120556116104
0.032231904566287994
0.03222574293613434
0.032071538269519806
0.031944647431373596
0.03200359642505646
0.032181866466999054
0.032287728041410446
0.03224232420325279
0.03207840397953987
0.03196951001882553
0.03202623501420021
0.03216318041086197
0.03223766013979912
0.03215654939413071
0.03199208527803421
0.03187022730708122
0.03188294544816017
0.03196708858013153
0.03200024738907814
0.031933438032865524
0.031798105686903
0.031700365245342255
0.0317029170691967
0.03176825866103172
0.03181896358728409
0.031811200082302094
0.031763169914484024
0.03173363208770752
0.031805772334337234
0.03204759210348129
0.03253206983208656
0.0333242230117321
0.03444506227970123
0.03524727374315262
0.03558596596121788
0.034566767513751984
0.03378499299287796
0.03402012214064598
0.03497409075498581
0.03460263833403587
0.03308866173028946
0.03250700980424881
0.033385492861270905
0.0337466336786747
0.03263868764042854
0.03208641707897186
0.03287077695131302
0.033053841441869736
0.03222684934735298
0.031915418803691864
0.032445408403873444
0.03247975930571556
0.03192175179719925
0.031879838556051254
0.03223404288291931
0.032132819294929504
0.031769104301929474
0.03177410364151001
0.031980279833078384
0.03190745413303375
0.03165562450885773
0.03163578361272812
0.03178207576274872
0.031767070293426514
0.03160620480775833
0.03154313191771507
0.03163128346204758
0.03169998154044151
0.0316568985581398
0.03161059692502022
0.031690776348114014
0.031912337988615036
0.03217199817299843
0.03240839019417763
0.03253728896379471
0.03266819193959236
0.03263184055685997
0.032411012798547745
0.03194190561771393
0.031552188098430634
0.03152574971318245
0.03182186558842659
0.032070890069007874
0.03197815269231796
0.03167232125997543
0.031448058784008026
0.031472098082304
0.031598422676324844
0.03162713348865509
0.03154977783560753
0.03148696571588516
0.031531233340501785
0.03161897137761116
0.03161134570837021
0.0314885675907135
0.031345516443252563
0.03130606561899185
0.03136172145605087
0.03140682727098465
0.031377099454402924
0.03129607439041138
0.031240802258253098
0.031244708225131035
0.03128165006637573
0.03131665289402008
0.031340550631284714
0.031377971172332764
0.03147929906845093
0.03172587603330612
0.03224208205938339
0.033035021275281906
0.03403659537434578
0.03446214273571968
0.03409991413354874
0.03261928632855415
0.03158479556441307
0.03173863887786865
0.0324823223054409
0.03279741480946541
0.03229152783751488
0.03167876601219177
0.03157639503479004
0.031927723437547684
0.032151058316230774
0.031852081418037415
0.03141618147492409
0.03137005493044853
0.03166034445166588
0.0317782387137413
0.0315234512090683
0.03125866502523422
0.03127162531018257
0.03142097592353821
0.03145889565348625
0.031354665756225586
0.0312457624822855
0.03119727596640587
0.031189873814582825
0.031199049204587936
0.031221730634570122
0.031229224056005478
0.031177205964922905
0.03109399601817131
0.03106510080397129
0.031119363382458687
0.031210191547870636
0.03132494539022446
0.03156242519617081
0.03205973282456398
0.03291403129696846
0.034134391695261
0.03506947681307793
0.03551914915442467
0.03428701311349869
0.033078014850616455
0.03278420865535736
0.033659860491752625
0.034086503088474274
0.03306198492646217
0.0318877249956131
0.03204356133937836
0.03293308615684509
0.032800186425447464
0.03174279257655144
0.03153892606496811
0.032228387892246246
0.032271649688482285
0.03154933825135231
0.03131090849637985
0.03176293894648552
0.03186450153589249
0.03141460940241814
0.031191566959023476
0.03141797333955765
0.03152509033679962
0.03132077679038048
0.031149934977293015
0.03118199110031128
0.031233886256814003
0.031193286180496216
0.03113280050456524
0.031094901263713837
0.031044840812683105
0.031009284779429436
0.031030923128128052
0.03105648048222065
0.031013816595077515
0.030925771221518517
0.030887963250279427
0.030921833589673042
0.030957704409956932
0.030953850597143173
0.03094792552292347
0.03099878877401352
0.03112194500863552
0.03133344650268555
0.03171341493725777
0.03240129351615906
0.03324071317911148
0.03403952717781067
0.033597685396671295
0.03238154575228691
0.031161021441221237
0.031193628907203674
0.0320010632276535
0.03230780363082886
0.03184992074966431
0.031228099018335342
0.031198518350720406
0.0315636582672596
0.03168347850441933
0.03142639622092247
0.031112806871533394
0.031076235696673393
0.031281884759664536
0.03140728548169136
0.03127693757414818
0.031041836366057396
0.03100806660950184
0.03120734915137291
0.03138725459575653
0.03132700175046921
0.031135540455579758
0.03100106678903103
0.031024537980556488
0.031108833849430084
0.031163688749074936
0.031154345721006393
0.031102575361728668
0.030972326174378395
0.03081858903169632
0.030745921656489372
0.03080221265554428
0.03089115396142006
0.030893465504050255
0.030812304466962814
0.0307418592274189
0.030727898702025414
0.030720535665750504
0.030686985701322556
0.030668191611766815
0.0307073425501585
0.030787646770477295
0.030879924073815346
0.030984167009592056
0.03115890920162201
0.031421907246112823
0.031796056777238846
0.03217817097902298
0.032657135277986526
0.03319481387734413
0.03416832163929939
0.03466793894767761
0.034537363797426224
0.03313281014561653
0.032240353524684906
0.03291790187358856
0.033813513815402985
0.033728208392858505
0.03231189399957657
0.0314919576048851
0.03186450153589249
0.032358359545469284
0.03236650303006172
0.031977370381355286
0.031529054045677185
0.031352486461400986
0.03156815096735954
0.03173364698886871
0.031415585428476334
0.031018249690532684
0.03116811066865921
0.031489815562963486
0.03133099153637886
0.030950389802455902
0.03086017072200775
0.030973348766565323
0.030969806015491486
0.030894000083208084
0.030892059206962585
0.03088257648050785
0.030765537172555923
0.03065861016511917
0.030665533617138863
0.03072158806025982
0.03072173148393631
0.030666042119264603
0.03063313476741314
0.030652515590190887
0.030663039535284042
0.03061416558921337
0.030563917011022568
0.030583247542381287
0.030653107911348343
0.03073251061141491
0.030891671776771545
0.03125416114926338
0.031884461641311646
0.03255827724933624
0.033066052943468094
0.032594699412584305
0.03161957859992981
0.030748609453439713
0.030847731977701187
0.03146015852689743
0.031632039695978165
0.031239332631230354
0.03076322190463543
0.030816901475191116
0.03115469217300415
0.0312606543302536
0.031163107603788376
0.03115120157599449
0.03153769671916962
0.032195501029491425
0.032708652317523956
0.032612040638923645
0.03197094798088074
0.03145105764269829
0.03156576678156853
0.031632497906684875
0.03129676729440689
0.030866120010614395
0.030950715765357018
0.03132818266749382
0.03138667345046997
0.031128786504268646
0.03081144206225872
0.030697591602802277
0.030749361962080002
0.030781174078583717
0.030752714723348618
0.030720774084329605
0.030697353184223175
0.030647676438093185
0.03063269518315792
0.030740462243556976
0.030853264033794403
0.030784960836172104
0.030655264854431152
0.030682675540447235
0.030859030783176422
0.03096674010157585
0.030959969386458397
0.030945030972361565
0.03095155768096447
0.03081335686147213
0.030584245920181274
0.030402645468711853
0.030374804511666298
0.03045293316245079
0.030531467869877815
0.030540134757757187
0.030482346192002296
0.030443694442510605
0.03046169877052307
0.030486317351460457
0.030512696132063866
0.030626647174358368
0.03089676797389984
0.03125717490911484
0.03149174526333809
0.03154681622982025
0.031341858208179474
0.03111373633146286
0.031001880764961243
0.031151853501796722
0.031515490263700485
0.031888943165540695
0.031812410801649094
0.031339794397354126
0.030623720958828926
0.03042275831103325
0.030795078724622726
0.03111853078007698
0.030972149223089218
0.030483387410640717
0.03030732087790966
0.030560925602912903
0.030741915106773376
0.030596088618040085
0.030338142067193985
0.03030550107359886
0.030431542545557022
0.03046574629843235
0.03039640560746193
0.030359383672475815
0.03043952025473118
0.03062308579683304
0.030960071831941605
0.03175138309597969
0.033253271132707596
0.03575453162193298
0.03760748356580734
0.038043566048145294
0.034792087972164154
0.03247607871890068
0.032705239951610565
0.03403720632195473
0.034369125962257385
0.03397953882813454
0.03396856039762497
0.032706376165151596
0.031814608722925186
0.03268452361226082
0.033214617520570755
0.032112784683704376
0.031251002103090286
0.031817980110645294
0.03191344439983368
0.03135943040251732
0.03165345638990402
0.03190048038959503
0.031185150146484375
0.03097408078610897
0.03132004663348198
0.03107760287821293
0.030834393575787544
0.0311347097158432
0.031202631071209908
0.03094896674156189
0.030958525836467743
0.03109104558825493
0.030906347557902336
0.0306883342564106
0.03075491450726986
0.030856698751449585
0.030834557488560677
0.030975323170423508
0.0313338078558445
0.03149718791246414
0.03142810985445976
0.031137332320213318
0.030815202742815018
0.030472910031676292
0.030326740816235542
0.030498793348670006
0.03074450045824051
0.03077082522213459
0.03057742863893509
0.03039325214922428
0.030318083241581917
0.03031790256500244
0.03037118911743164
0.03047233633697033
0.030558845028281212
0.030542416498064995
0.030470021069049835
0.030431130900979042
0.030492939054965973
0.03059392236173153
0.030709825456142426
0.030809715390205383
0.0309002548456192
0.03088974952697754
0.03070809692144394
0.030482638627290726
0.030392039567232132
0.030505159869790077
0.03062676638364792
0.03064340353012085
0.030518773943185806
0.030365215614438057
0.03020748868584633
0.030105017125606537
0.030145402997732162
0.030297057703137398
0.03040008805692196
0.030342821031808853
0.0301885474473238
0.030081694945693016
0.030087910592556
0.030151810497045517
0.03024645708501339
0.030395839363336563
0.030603565275669098
0.030812416225671768
0.030935266986489296
0.030928917229175568
0.030938241630792618
0.031015001237392426
0.03126765042543411
0.03146419674158096
0.031612545251846313
0.03144095093011856
0.031130410730838776
0.030690103769302368
0.030451323837041855
0.030682437121868134
0.031081879511475563
0.03114098310470581
0.030637672170996666
0.030127570033073425
0.03016924485564232
0.030503831803798676
0.030569395050406456
0.030313385650515556
0.030126649886369705
0.03013860248029232
0.030163520947098732
0.030116671696305275
0.030116736888885498
0.030177153646945953
0.03014223836362362
0.030004218220710754
0.029916970059275627
0.029961738735437393
0.030041197314858437
0.030073799192905426
0.03013605810701847
0.030342645943164825
0.03080173395574093
0.031667981296777725
0.03294600546360016
0.03483310341835022
0.035928722470998764
0.03642892464995384
0.0349486880004406
0.03417925536632538
0.03529747948050499
0.038228556513786316
0.03783078491687775
0.03358662500977516
0.0321136936545372
0.03461821377277374
0.035126782953739166
0.032076843082904816
0.031992457807064056
0.03390945494174957
0.03253592550754547
0.03146253526210785
0.032559338957071304
0.03216821327805519
0.031110335141420364
0.03156232833862305
0.0316489078104496
0.030965488404035568
0.031069308519363403
0.031248491257429123
0.030812324956059456
0.03076457604765892
0.030979342758655548
0.03072553686797619
0.030587738379836082
0.03081943280994892
0.03080102615058422
0.030702542513608932
0.03105013817548752
0.03138723224401474
0.03154845908284187
0.031798332929611206
0.03201712295413017
0.031446415930986404
0.03072633594274521
0.030399126932024956
0.030361048877239227
0.030438359826803207
0.03071499988436699
0.030857447534799576
0.030522562563419342
0.030177440494298935
0.0301605686545372
0.03021997958421707
0.030229687690734863
0.030302541330456734
0.030305996537208557
0.030119355767965317
0.029984835535287857
0.030005378648638725
0.03001554124057293
0.02998856082558632
0.030016470700502396
0.03004351072013378
0.02998117357492447
0.029909472912549973
0.029908599331974983
0.02993340790271759
0.02995123341679573
0.030005663633346558
0.03009413555264473
0.030154675245285034
0.030142003670334816
0.03008873201906681
0.030011167749762535
0.029933959245681763
0.029901625588536263
0.02997501567006111
0.03012012131512165
0.030245983973145485
0.03026522696018219
0.030185740441083908
0.030006803572177887
0.029850605875253677
0.029820557683706284
0.029941732063889503
0.030100397765636444
0.03016594424843788
0.030106356367468834
0.030005019158124924
0.02995750680565834
0.03002806194126606
0.03018193505704403
0.03034938871860504
0.030387399718165398
0.030253494158387184
0.029995298013091087
0.029837071895599365
0.029856566339731216
0.029966602101922035
0.030044706538319588
0.030017921701073647
0.029897594824433327
0.02974129095673561
0.02966836467385292
0.029713217169046402
0.02979411371052265
0.02982114627957344
0.02977799065411091
0.029718806967139244
0.029675789177417755
0.029657915234565735
0.02967383712530136
0.029744671657681465
0.0299032274633646
0.03019140660762787
0.030712418258190155
0.031645193696022034
0.03290993720293045
0.034665629267692566
0.035518039017915726
0.035883381962776184
0.03462962806224823
0.03409296274185181
0.033903568983078
0.03485451638698578
0.035989150404930115
0.03441940248012543
0.03216756507754326
0.03177149221301079
0.03323560953140259
0.033493395894765854
0.031971972435712814
0.03178210183978081
0.03247077390551567
0.03187747299671173
0.03124474175274372
0.03144572675228119
0.03138476237654686
0.031180838122963905
0.03123808279633522
0.030925652012228966
0.030499445274472237
0.030725108459591866
0.030915621668100357
0.030497649684548378
0.030277835205197334
0.030437350273132324
0.03033289685845375
0.030161600559949875
0.030229831114411354
0.030208133161067963
0.03005075454711914
0.03005390428006649
0.030083773657679558
0.02996918559074402
0.02993253618478775
0.030049091205000877
0.030169378966093063
0.03040621615946293
0.030917519703507423
0.03174177557229996
0.03242930769920349
0.032816991209983826
0.03206679970026016
0.030775509774684906
0.029887324199080467
0.030245864763855934
0.03105979971587658
0.031112372875213623
0.030479054898023605
0.030018361285328865
0.030184689909219742
0.030397970229387283
0.03030436486005783
0.030150242149829865
0.03005535900592804
0.029985753819346428
0.02995164506137371
0.029966246336698532
0.029945719987154007
0.029903613030910492
0.029890090227127075
0.02981279045343399
0.029691319912672043
0.029697393998503685
0.02982402592897415
0.02987063117325306
0.02981514297425747
0.02985256537795067
0.030030015856027603
0.03017803281545639
0.030251018702983856
0.030218491330742836
0.030153993517160416
0.030029647052288055
0.029956132173538208
0.03000592067837715
0.03014388121664524
0.030293788760900497
0.030495498329401016
0.03058512881398201
0.030454395338892937
0.029975425451993942
0.029603317379951477
0.02964593470096588
0.029898643493652344
0.030020730569958687
0.029935453087091446
0.029803970828652382
0.02971743792295456
0.029665103182196617
0.0296366885304451
0.029615534469485283
0.029596351087093353
0.029608916491270065
0.029660029336810112
0.02967565692961216
0.029589476063847542
0.02948811464011669
0.029475169256329536
0.02951730415225029
0.02951461635529995
0.02946084924042225
0.029430946335196495
0.029455091804265976
0.029504049569368362
0.02959153614938259
0.029790418222546577
0.030207302421331406
0.030944256111979485
0.03214980289340019
0.03337905928492546
0.034206461161375046
0.03299279138445854
0.03095768764615059
0.02984197810292244
0.03061784617602825
0.03160925954580307
0.03138943761587143
0.030629150569438934
0.030524522066116333
0.030909528955817223
0.030565429478883743
0.03002757579088211
0.03019099310040474
0.030531518161296844
0.030298706144094467
0.029871627688407898
0.030005069449543953
0.030319567769765854
0.0303812138736248
0.030741479247808456
0.031662680208683014
0.03292147070169449
0.03402145579457283
0.03442896530032158
0.0334114134311676
0.031235892325639725
0.03100811317563057
0.03264324367046356
0.03319781273603439
0.031637124717235565
0.030654944479465485
0.031033087521791458
0.03132551163434982
0.030998745933175087
0.030688850209116936
0.030468303710222244
0.030437543988227844
0.030657131224870682
0.030446453019976616
0.02998979575932026
0.030098631978034973
0.030308639630675316
0.030116725713014603
0.029986293986439705
0.030118780210614204
0.030232001096010208
0.03047867864370346
0.031011179089546204
0.03173232451081276
0.032311081886291504
0.03295080363750458
0.03256026655435562
0.03148313984274864
0.03022567741572857
0.03003108687698841
0.030652355402708054
0.031152930110692978
0.031112145632505417
0.03047490119934082
0.02999904751777649
0.030022691935300827
0.030230823904275894
0.03033759631216526
0.03024435043334961
0.030000250786542892
0.029802856966853142
0.029791343957185745
0.029818743467330933
0.02980436012148857
0.0298580601811409
0.029878268018364906
0.029719499871134758
0.02953699231147766
0.029521828517317772
0.029541028663516045
0.029510043561458588
0.029545646160840988
0.029613347724080086
0.029582850635051727
0.029529254883527756
0.02956315129995346
0.029582906514406204
0.02951475977897644
0.029439305886626244
0.029427336528897285
0.02943050116300583
0.029461249709129333
0.02961311675608158
0.02991287037730217
0.030372733250260353
0.030930768698453903
0.0316229984164238
0.03183962404727936
0.03145158290863037
0.030351098626852036
0.029640773311257362
0.029947733506560326
0.030811868607997894
0.03130640089511871
0.031060494482517242
0.03042941354215145
0.030266929417848587
0.030662335455417633
0.030972139909863472
0.03070533461868763
0.03032374382019043
0.030152825638651848
0.03015182912349701
0.02995540387928486
0.029795454815030098
0.029871195554733276
0.029999010264873505
0.029946940019726753
0.029694657772779465
0.029529714956879616
0.0296113770455122
0.02978745847940445
0.029800884425640106
0.029642581939697266
0.02960914932191372
0.029777515679597855
0.029834890738129616
0.029672911390662193
0.029487244784832
0.029473939910531044
0.029506105929613113
0.029457099735736847
0.029409782961010933
0.02943608909845352
0.029543405398726463
0.029766902327537537
0.03008003905415535
0.030466223135590553
0.030769452452659607
0.031141486018896103
0.03131894767284393
0.031236696988344193
0.030798129737377167
0.030665257945656776
0.031069565564393997
0.03196335583925247
0.03228376805782318
0.031471677124500275
0.030342508107423782
0.030101198703050613
0.030793098732829094
0.030990947037935257
0.030420567840337753
0.02989683672785759
0.030100207775831223
0.03031732141971588
0.02993382140994072
0.029681647196412086
0.029891345649957657
0.029982268810272217
0.029796622693538666
0.029690943658351898
0.029751906171441078
0.029788855463266373
0.029903322458267212
0.03020244464278221
0.03047160431742668
0.030841544270515442
0.03138210251927376
0.0318882092833519
0.03148454427719116
0.03056838922202587
0.02995777688920498
0.02998126670718193
0.030002878978848457
0.030023183673620224
0.030293505638837814
0.030446136370301247
0.030218886211514473
0.02980605699121952
0.029656104743480682
0.029680242761969566
0.02975577674806118
0.029942363500595093
0.030093500390648842
0.030075930058956146
0.029966434463858604
0.02993522398173809
0.02989964932203293
0.029791075736284256
0.029666222631931305
0.02966175228357315
0.02983049675822258
0.030114056542515755
0.030380425974726677
0.030468102544546127
0.030423179268836975
0.030187776312232018
0.029927484691143036
0.02969532459974289
0.029667595401406288
0.029753483831882477
0.029830168932676315
0.029937956482172012
0.030105963349342346
0.03010689839720726
0.02975408174097538
0.02945980802178383
0.02951648458838463
0.02967125177383423
0.0297744981944561
0.02993135154247284
0.03015138953924179
0.030162695795297623
0.030096281319856644
0.030048800632357597
0.029903046786785126
0.029592473059892654
0.029465729370713234
0.029706981033086777
0.030029937624931335
0.030060887336730957
0.02992001362144947
0.02978571318089962
0.029658865183591843
0.029527856037020683
0.02942526899278164
0.029379194602370262
0.02934003248810768
0.029355470091104507
0.029451576992869377
0.029511069878935814
0.029439134523272514
0.029290853068232536
0.02921314910054207
0.029217302799224854
0.029229609295725822
0.029214197769761086
0.029169544577598572
0.029134731739759445
0.029164249077439308
0.02927108108997345
0.029452331364154816
0.029795825481414795
0.030503328889608383
0.031869180500507355
0.03372914344072342
0.03623992204666138
0.036955516785383224
0.03642696887254715
0.03387629613280296
0.0340573713183403
0.03791427239775658
0.041577696800231934
0.04187173396348953
0.0353323370218277
0.03391585871577263
0.037730392068624496
0.03840576857328415
0.03513951227068901
0.03321648761630058
0.03424079716205597
0.0348845049738884
0.03407582640647888
0.033110614866018295
0.03286249190568924
0.03350568190217018
0.03326693922281265
0.03216022253036499
0.03320100158452988
0.034273140132427216
0.03315659984946251
0.033730387687683105
0.03521773964166641
0.0335637666285038
0.03251076117157936
0.03231343254446983
0.03149968758225441
0.031663451343774796
0.032003335654735565
0.03147829324007034
0.031621962785720825
0.031394053250551224
0.03054169751703739
0.030844587832689285
0.031116049736738205
0.030649153515696526
0.03059341013431549
0.030484534800052643
0.03010132722556591
0.030234474688768387
0.03022175468504429
0.02992965653538704
0.030118443071842194
0.030180204659700394
0.029927218332886696
0.029942169785499573
0.029867051169276237
0.029695961624383926
0.029821673408150673
0.029872866347432137
0.029841193929314613
0.03006097674369812
0.03034808486700058
0.030466750264167786
0.030588293448090553
0.030427703633904457
0.030024399980902672
0.02979036048054695
0.029830878600478172
0.029872070997953415
0.029981540516018867
0.029997853562235832
0.029789792373776436
0.029554415494203568
0.029427094385027885
0.029386186972260475
0.02946723997592926
0.029588842764496803
0.029532691463828087
0.0293348990380764
0.02922518365085125
0.029240746051073074
0.029301980510354042
0.029359005391597748
0.029333727434277534
0.02923733741044998
0.029183970764279366
0.029205352067947388
0.029234252870082855
0.02927425689995289
0.029375143349170685
0.029547078534960747
0.029765227809548378
0.030040385201573372
0.030180364847183228
0.030189000070095062
0.03002960793673992
0.02999861165881157
0.030099747702479362
0.030205924063920975
0.030149467289447784
0.029868561774492264
0.029640035703778267
0.029614146798849106
0.029696108773350716
0.02968359738588333
0.029569102451205254
0.029503995552659035
0.02949346974492073
0.02937816083431244
0.029236704111099243
0.02924683317542076
0.02939044125378132
0.029457155615091324
0.029316220432519913
0.029122840613126755
0.0290850643068552
0.029196612536907196
0.029276523739099503
0.029242919757962227
0.029208652675151825
0.029284022748470306
0.029385220259428024
0.029405605047941208
0.029314739629626274
0.029272988438606262
0.029388099908828735
0.02965737134218216
0.02998684160411358
0.030287334695458412
0.030459024012088776
0.030545584857463837
0.030261242762207985
0.029758624732494354
0.029238808900117874
0.02919859066605568
0.029604315757751465
0.02989632450044155
0.0297714676707983
0.02938317134976387
0.029238304123282433
0.029477791860699654
0.02982940338551998
0.030043376609683037
0.03017062321305275
0.030203310772776604
0.03023284673690796
0.0300343818962574
0.02986864559352398
0.02994365245103836
0.03035535290837288
0.030594808980822563
0.03014652617275715
0.0293787382543087
0.02912878431379795
0.029498005285859108
0.029770560562610626
0.029538363218307495
0.029263392090797424
0.02933412604033947
0.029478073120117188
0.02935859188437462
0.029117655009031296
0.029155462980270386
0.029408568516373634
0.029518617317080498
0.02951202169060707
0.0296823401004076
0.030103789642453194
0.030592164024710655
0.03064906783401966
0.03053118661046028
0.030381064862012863
0.030574649572372437
0.03089173696935177
0.031112316995859146
0.031115524470806122
0.030970914289355278
0.03054656647145748
0.030023694038391113
0.029825055971741676
0.030205246061086655
0.030640657991170883
0.030261000618338585
0.02946220338344574
0.029214050620794296
0.029693011194467545
0.02999294549226761
0.02964533492922783
0.029214341193437576
0.029258808121085167
0.029501941055059433
0.029502952471375465
0.029349718242883682
0.02935367077589035
0.029524562880396843
0.029591331258416176
0.029560282826423645
0.029670627787709236
0.03016677126288414
0.0308570247143507
0.0312722846865654
0.031046506017446518
0.030571307986974716
0.030136598274111748
0.02989795058965683
0.02953289821743965
0.029415134340524673
0.029781170189380646
0.030107680708169937
0.029910076409578323
0.029355613514780998
0.029138032346963882
0.029336558654904366
0.029492948204278946
0.0294464360922575
0.0294033233076334
0.029522482305765152
0.02969079092144966
0.02972068451344967
0.029718928039073944
0.030017150565981865
0.03055775910615921
0.031160874292254448
0.030944718047976494
0.03030327335000038
0.029665347188711166
0.02956230752170086
0.029808582738041878
0.030032217502593994
0.030309120193123817
0.030567802488803864
0.030671250075101852
0.030608488246798515
0.030706798657774925
0.031033508479595184
0.031312376260757446
0.030669057741761208
0.029633380472660065
0.029190758243203163
0.029713857918977737
0.030231308192014694
0.029973777011036873
0.02950149215757847
0.02949916385114193
0.029663562774658203
0.029546253383159637
0.029389608651399612
0.029576659202575684
0.029839802533388138
0.029740367084741592
0.02955782040953636
0.02962612360715866
0.029931185767054558
0.030231280252337456
0.03044993244111538
0.030534468591213226
0.030610091984272003
0.030365794897079468
0.029864836484193802
0.029249852523207664
0.029088908806443214
0.029443226754665375
0.02974439039826393
0.029685787856578827
0.029507862403988838
0.029513193294405937
0.02953439950942993
0.029416974633932114
0.029415972530841827
0.029704146087169647
0.030024707317352295
0.030254999175667763
0.03011835552752018
0.029800821095705032
0.029373666271567345
0.02920893207192421
0.029388723894953728
0.029577478766441345
0.029634594917297363
0.029727881774306297
0.02983742207288742
0.029892193153500557
0.02984723635017872
0.030053669586777687
0.030470741912722588
0.03080657310783863
0.030689898878335953
0.03017626330256462
0.029448915272951126
0.029157759621739388
0.029396897181868553
0.029628915712237358
0.02951107732951641
0.029380686581134796
0.029519593343138695
0.029471926391124725
0.029103318229317665
0.028898559510707855
0.02909252978861332
0.02922922559082508
0.029102269560098648
0.029027018696069717
0.029094655066728592
0.029113173484802246
0.02906232699751854
0.029065245762467384
0.029131373390555382
0.029297523200511932
0.029751386493444443
0.030759092420339584
0.032221149653196335
0.03424185514450073
0.03488025814294815
0.033804282546043396
0.030641892924904823
0.029290014877915382
0.030794057995080948
0.03229830786585808
0.031974732875823975
0.03061641752719879
0.030668064951896667
0.0318644754588604
0.03333693742752075
0.03468748554587364
0.03700191155076027
0.03766673058271408
0.03754192963242531
0.03542765974998474
0.034465864300727844
0.03378278762102127
0.03383602201938629
0.0328129380941391
0.03198733553290367
0.033351797610521317
0.03364144265651703
0.03186846524477005
0.0312633290886879
0.03192302584648132
0.031032802537083626
0.03082096576690674
0.03152398392558098
0.030638668686151505
0.030473273247480392
0.03136764094233513
0.030813809484243393
0.030601179227232933
0.03153568506240845
0.031610626727342606
0.03185872733592987
0.0321931429207325
0.031790319830179214
0.03119869902729988
0.031036291271448135
0.030476266518235207
0.030598366633057594
0.031254492700099945
0.0309881791472435
0.030353523790836334
0.030053148046135902
0.029791392385959625
0.02986750937998295
0.03023339807987213
0.02996785193681717
0.029516397044062614
0.029521575197577477
0.02954057976603508
0.029521174728870392
0.029571134597063065
0.029439732432365417
0.02929389476776123
0.029334481805562973
0.029247358441352844
0.029093246906995773
0.029166676104068756
0.029253210872411728
0.02917456440627575
0.029124833643436432
0.029111046344041824
0.02905384637415409
0.029068654403090477
0.029185861349105835
0.029285527765750885
0.02942666783928871
0.029666375368833542
0.029926830902695656
0.029997464269399643
0.029939185827970505
0.029549255967140198
0.02907317318022251
0.02887529879808426
0.02906295470893383
0.029308216646313667
0.02933187410235405
0.029202159494161606
0.029012540355324745
0.028896389529109
0.028906118124723434
0.02897041104733944
0.028996666893363
0.028988923877477646
0.028981879353523254
0.028959177434444427
0.0289527028799057
0.02905077114701271
0.029269985854625702
0.02956937626004219
0.029903370887041092
0.03007008694112301
0.029961414635181427
0.029500039294362068
0.02919447049498558
0.029316887259483337
0.029677536338567734
0.029836224392056465
0.029665593057870865
0.0292267594486475
0.028963908553123474
0.029011912643909454
0.029155142605304718
0.029158763587474823
0.029057543724775314
0.028982650488615036
0.0289368387311697
0.028905458748340607
0.028901629149913788
0.02892117388546467
0.028924742713570595
0.02891813963651657
0.02895158901810646
0.029002251103520393
0.029090043157339096
0.029340539127588272
0.029809655621647835
0.030430909246206284
0.03078392520546913
0.03084886074066162
0.030349424108862877
0.029759597033262253
0.029308613389730453
0.02922590635716915
0.02951638400554657
0.029871344566345215
0.029982494190335274
0.02961699478328228
0.02906530350446701
0.028852131217718124
0.029114851728081703
0.0294143445789814
0.029382912442088127
0.029137318953871727
0.028940660879015923
0.02889530546963215
0.028912493959069252
0.028973426669836044
0.029074737802147865
0.029103556647896767
0.029039159417152405
0.028976771980524063
0.029068410396575928
0.029271917417645454
0.02952364832162857
0.029905539005994797
0.030380018055438995
0.03091517649590969
0.03075968287885189
0.030041953548789024
0.029132965952157974
0.0289333276450634
0.02935531921684742
0.0296934824436903
0.029739288613200188
0.029683176428079605
0.029661336913704872
0.029499640688300133
0.029255684465169907
0.02925189957022667
0.02941622957587242
0.029474642127752304
0.029486386105418205
0.02976124733686447
0.030096691101789474
0.02993365377187729
0.029392721131443977
0.029151467606425285
0.029273953288793564
0.0292592104524374
0.028990676626563072
0.02892715483903885
0.029093533754348755
0.029162434861063957
0.029185619205236435
0.029358673840761185
0.029605422168970108
0.02963372878730297
0.02967004105448723
0.02988390624523163
0.030050823464989662
0.02987101301550865
0.02955090068280697
0.029687777161598206
0.03023235872387886
0.030798811465501785
0.031023219227790833
0.031140897423028946
0.030828144401311874
0.030394382774829865
0.029884565621614456
0.029789036139845848
0.029919886961579323
0.029930198565125465
0.029888607561588287
0.029941393062472343
0.029847892001271248
0.029302388429641724
0.028975598514080048
0.029226381331682205
0.02951526828110218
0.029442952945828438
0.02919428050518036
0.02915072627365589
0.02920231968164444
0.02913062646985054
0.029051389545202255
0.029122982174158096
0.029354389756917953
0.02975110150873661
0.030503060668706894
0.03155786544084549
0.032548774033784866
0.032318636775016785
0.03142638877034187
0.030248789116740227
0.029902281239628792
0.029922515153884888
0.030063360929489136
0.030420875176787376
0.030613433569669724
0.030286965891718864
0.029748214408755302
0.02994515746831894
0.030634663999080658
0.031137576326727867
0.03177429363131523
0.03222629427909851
0.032102786004543304
0.030517706647515297
0.02965281717479229
0.030196916311979294
0.030647946521639824
0.030623283237218857
0.030817365273833275
0.031116172671318054
0.03050689399242401
0.029604971408843994
0.029656369239091873
0.030020587146282196
0.02986711636185646
0.029738817363977432
0.029826363548636436
0.029451707378029823
0.028965801000595093
0.029130542650818825
0.029424691572785378
0.029279982671141624
0.029140407219529152
0.029196854680776596
0.029047109186649323
0.028841480612754822
0.028888197615742683
0.028945425525307655
0.028832867741584778
0.0287980604916811
0.028881683945655823
0.028871823102235794
0.02881458029150963
0.028833989053964615
0.02884930558502674
0.02877303957939148
0.028727836906909943
0.02878020517528057
0.02886611595749855
0.029017973691225052
0.029437679797410965
0.030346350744366646
0.03166217356920242
0.03351902216672897
0.03433842957019806
0.03386005759239197
0.03146657720208168
0.030652020126581192
0.03264332562685013
0.03569336235523224
0.03572625294327736
0.03253864124417305
0.03050304390490055
0.031825147569179535
0.03306722640991211
0.03159172832965851
0.030246566981077194
0.031079381704330444
0.03151606768369675
0.030571836978197098
0.02988063544034958
0.0304262638092041
0.0307000782340765
0.029993299394845963
0.029722224920988083
0.030192503705620766
0.030256669968366623
0.02999269962310791
0.030282773077487946
0.03136007487773895
0.03232938051223755
0.03307873383164406
0.03353964537382126
0.03392111510038376
0.03191496804356575
0.0296914204955101
0.029677335172891617
0.031058482825756073
0.03161529824137688
0.030896354466676712
0.03033754974603653
0.030336806550621986
0.03015170805156231
0.029870271682739258
0.02995661087334156
0.030141403898596764
0.02994289994239807
0.029514968395233154
0.029346365481615067
0.02940497361123562
0.029495444148778915
0.02946215495467186
0.029261931777000427
0.029168084263801575
0.02921123057603836
0.02910969965159893
0.028962716460227966
0.028998075053095818
0.029075533151626587
0.029087206348776817
0.029165193438529968
0.029381413012742996
0.029639912769198418
0.029846251010894775
0.030055508017539978
0.03003159910440445
0.02976435422897339
0.029397565871477127
0.029492951929569244
0.029955681413412094
0.03030525892972946
0.03014276921749115
0.02974650450050831
0.029196705669164658
0.028920941054821014
0.02907838299870491
0.02935374528169632
0.02935468591749668
0.02906389907002449
0.028836073353886604
0.028853172436356544
0.028988700360059738
0.02904161810874939
0.028929518535733223
0.02877293899655342
0.028748687356710434
0.028873011469841003
0.028986753895878792
0.029009182006120682
0.029050961136817932
0.029140308499336243
0.029265668243169785
0.029397789388895035
0.029601864516735077
0.029638327658176422
0.029352890327572823
0.02884519472718239
0.02860584668815136
0.028731822967529297
0.028914675116539
0.02897336333990097
0.028950253501534462
0.02887718752026558
0.02874019928276539
0.028658030554652214
0.028720274567604065
0.028845030814409256
0.028888985514640808
0.028851445764303207
0.028814762830734253
0.028809567913413048
0.028811225667595863
0.028848327696323395
0.028958510607481003
0.029163088649511337
0.02937270887196064
0.029544979333877563
0.02944975718855858
0.02916436269879341
0.028858967125415802
0.02878435142338276
0.02887718565762043
0.028988784179091454
0.029067931696772575
0.02908620610833168
0.02897302433848381
0.028765249997377396
0.028658563271164894
0.02871389128267765
0.028751078993082047
0.02869235910475254
0.028660917654633522
0.028739428147673607
0.028806213289499283
0.028743289411067963
0.028668822720646858
0.028721723705530167
0.02892877534031868
0.029268112033605576
0.029781438410282135
0.03036249428987503
0.03086935356259346
0.030706383287906647
0.030154138803482056
0.02949497103691101
0.029363002628087997
0.029578370973467827
0.029871098697185516
0.030013665556907654
0.03012201562523842
0.030248714610934258
0.030059989541769028
0.029666785150766373
0.029405025765299797
0.029776768758893013
0.030479170382022858
0.03051537461578846
0.029985960572957993
0.02953357622027397
0.029565490782260895
0.02949344366788864
0.029105518013238907
0.02901751548051834
0.02931562066078186
0.029426898807287216
0.029275689274072647
0.029310192912817
0.029482264071702957
0.02934936247766018
0.02896651066839695
0.028913406655192375
0.029072513803839684
0.028995156288146973
0.028811415657401085
0.02896539866924286
0.02933015301823616
0.029610559344291687
0.02987520396709442
0.03029082529246807
0.030328430235385895
0.029887720942497253
0.02922922559082508
0.02922036498785019
0.029785193502902985
0.030584407970309258
0.031292956322431564
0.031798213720321655
0.0315171517431736
0.0308370403945446
0.03049335442483425
0.030907582491636276
0.031303517520427704
0.03132694587111473
0.030451396480202675
0.029529932886362076
0.02932984195649624
0.029969142749905586
0.03032653219997883
0.029717417433857918
0.02912929654121399
0.029262974858283997
0.02945839986205101
0.029316650703549385
0.02935847081243992
0.02950986847281456
0.02937273122370243
0.029439495876431465
0.03029833734035492
0.03128737956285477
0.0321703739464283
0.0326249860227108
0.03292904421687126
0.031573910266160965
0.029773002490401268
0.029573842883110046
0.030727656558156013
0.03116142749786377
0.030467581003904343
0.029910540208220482
0.029704919084906578
0.029661260545253754
0.02984982170164585
0.030012736096978188
0.02966958098113537
0.029326727613806725
0.029523339122533798
0.02961975336074829
0.029388897120952606
0.02935846894979477
0.029438987374305725
0.029349878430366516
0.029465969651937485
0.02986925281584263
0.029745716601610184
0.029413383454084396
0.029467405751347542
0.02962881699204445
0.029348958283662796
0.029015494510531425
0.02896304428577423
0.028860662132501602
0.028721634298563004
0.028839826583862305
0.028992682695388794
0.028923142701387405
0.028869474306702614
0.028949877247214317
0.028985261917114258
0.02897574007511139
0.029040668159723282
0.029009642079472542
0.028857702389359474
0.0288211852312088
0.028961123898625374
0.02904689311981201
0.029045000672340393
0.02911738120019436
0.02931857854127884
0.02955733798444271
0.02990688383579254
0.03038773126900196
0.030575452372431755
0.030420176684856415
0.03006148338317871
0.030190307646989822
0.03039984218776226
0.03038235567510128
0.029737846925854683
0.02923310548067093
0.02925523929297924
0.029613276943564415
0.029803134500980377
0.029393300414085388
0.028956511989235878
0.029102355241775513
0.02939431741833687
0.02919946052134037
0.028699571266770363
0.028689751401543617
0.028964780271053314
0.02888977900147438
0.028657913208007812
0.02866392582654953
0.028789525851607323
0.028813980519771576
0.028853921219706535
0.029057418927550316
0.029381725937128067
0.029864128679037094
0.03046317771077156
0.03107607550919056
0.03095272369682789
0.030358057469129562
0.02954212576150894
0.029205070808529854
0.02934485860168934
0.02978331595659256
0.030286310240626335
0.03056255728006363
0.030755680054426193
0.03059634566307068
0.030366893857717514
0.029848026111721992
0.029844895005226135
0.03055061213672161
0.03080463781952858
0.030220046639442444
0.02944430150091648
0.029452906921505928
0.02960405871272087
0.029239635914564133
0.0291178859770298
0.02944043278694153
0.02947007119655609
0.029215741902589798
0.029349390417337418
0.029637137427926064
0.029433120042085648
0.028980832546949387
0.028927292674779892
0.029021495953202248
0.028899846598505974
0.028793778270483017
0.028869416564702988
0.028890404850244522
0.028890345245599747
0.029085218906402588
0.02942795306444168
0.029712771996855736
0.029950235038995743
0.02999536693096161
0.02963702566921711
0.02902631275355816
0.028815267607569695
0.029097435995936394
0.029446681961417198
0.02979104593396187
0.030172863975167274
0.030572226271033287
0.030697807669639587
0.031185289844870567
0.03144174814224243
0.031230729073286057
0.0301770381629467
0.029541095718741417
0.029727542772889137
0.029860613867640495
0.02979474700987339
0.02994183450937271
0.030159808695316315
0.02987065538764
0.029317673295736313
0.02915833331644535
0.029240787029266357
0.02931218035519123
0.029437530785799026
0.029474355280399323
0.029193993657827377
0.02890683338046074
0.028931500390172005
0.028992287814617157
0.029023190960288048
0.02930339239537716
0.029735347256064415
0.02997802570462227
0.03026995062828064
0.0306584183126688
0.030889250338077545
0.03018154203891754
0.02935328707098961
0.029134875163435936
0.029423372820019722
0.029771586880087852
0.0300242081284523
0.030108358711004257
0.02969072200357914
0.02919495478272438
0.029046310111880302
0.02910027839243412
0.02911156788468361
0.029122984036803246
0.029148543253540993
0.02904331125319004
0.028974153101444244
0.029053958132863045
0.02896922454237938
0.028655145317316055
0.02851007506251335
0.028666924685239792
0.028754301369190216
0.028660863637924194
0.02868064120411873
0.028864208608865738
0.029014816507697105
0.02921631932258606
0.029659070074558258
0.03034215047955513
0.030729981139302254
0.030838649719953537
0.030278077349066734
0.029708966612815857
0.02945822663605213
0.029908563941717148
0.03091878816485405
0.03164878115057945
0.03205502778291702
0.031354643404483795
0.03010265901684761
0.029217757284641266
0.029515191912651062
0.03043956309556961
0.030592134222388268
0.029962439090013504
0.02947310358285904
0.029472915455698967
0.029278021305799484
0.029062097892165184
0.029403820633888245
0.02973185107111931
0.029394811019301414
0.028864890336990356
0.028908025473356247
0.029073745012283325
0.02892644889652729
0.028973020613193512
0.02950785867869854
0.030127830803394318
0.030728895217180252
0.031277090311050415
0.03159239888191223
0.030864179134368896
0.029716217890381813
0.0295058935880661
0.03056446462869644
0.031464025378227234
0.03160441666841507
0.03070981614291668
0.029906848445534706
0.02977517619729042
0.030286509543657303
0.03031877614557743
0.029630906879901886
0.02903411164879799
0.029223857447504997
0.029526667669415474
0.029400376603007317
0.029260341078042984
0.029115885496139526
0.028916876763105392
0.029014840722084045
0.029331574216485023
0.02927236445248127
0.029005223885178566
0.02916465699672699
0.029612606391310692
0.029760541394352913
0.02989199198782444
0.030029192566871643
0.029861150309443474
0.02923019975423813
0.028871946036815643
0.028941567987203598
0.028951479122042656
0.02886747382581234
0.028901705518364906
0.028970709070563316
0.028914544731378555
0.028861235827207565
0.028837408870458603
0.02871207892894745
0.02858690917491913
0.0286383219063282
0.028767744079232216
0.028850816190242767
0.02898542582988739
0.029144927859306335
0.02911435440182686
0.028941292315721512
0.028889359906315804
0.02901272661983967
0.02912404015660286
0.029238825663924217
0.02947721630334854
0.029773617163300514
0.029791075736284256
0.029672089964151382
0.02936434932053089
0.029046164825558662
0.028722917661070824
0.028679750859737396
0.02894590236246586
0.029164157807826996
0.029104653745889664
0.02881333790719509
0.02857230231165886
0.02850872091948986
0.02864081785082817
0.028868820518255234
0.02896295115351677
0.02893657609820366
0.028983481228351593
0.02924022637307644
0.029602497816085815
0.029792051762342453
0.030075836926698685
0.030411893501877785
0.030797353014349937
0.030790600925683975
0.030309250578284264
0.029665175825357437
0.0292747113853693
0.0295554306358099
0.03027542121708393
0.030723096802830696
0.030181745067238808
0.029308687895536423
0.029101965948939323
0.02950577810406685
0.029425105080008507
0.0289264265447855
0.028780948370695114
0.02908943220973015
0.029256239533424377
0.029094111174345016
0.02895236760377884
0.02891436032950878
0.02901766076683998
0.029280267655849457
0.029434015974402428
0.029418595135211945
0.02949221059679985
0.02994256094098091
0.030347203835844994
0.030188286677002907
0.029738465324044228
0.029854297637939453
0.030435753986239433
0.03137825429439545
0.03204667568206787
0.03252555429935455
0.031821493059396744
0.030711820349097252
0.030132679268717766
0.030114758759737015
0.03006110154092312
0.030130859464406967
0.030776239931583405
0.030848953872919083
0.029843740165233612
0.02913493849337101
0.029675688594579697
0.03031029924750328
0.03062085434794426
0.031006090342998505
0.03143801912665367
0.03116431087255478
0.031168147921562195
0.03161515295505524
0.03183744102716446
0.0315239243209362
0.03208955004811287
0.031807102262973785
0.03029393032193184
0.029152762144804
0.029862690716981888
0.030628599226474762
0.03049154207110405
0.030561504885554314
0.03036983124911785
0.029634905979037285
0.029531313106417656
0.03000301495194435
0.02981043979525566
0.029534945264458656
0.02989640086889267
0.030068835243582726
0.02982768788933754
0.029927432537078857
0.029683761298656464
0.029029112309217453
0.02890845015645027
0.02938026376068592
0.029637742787599564
0.029709434136748314
0.029992956668138504
0.030280373990535736
0.03038233518600464
0.03072095289826393
0.030526338145136833
0.029872991144657135
0.029605481773614883
0.030115433037281036
0.030393686145544052
0.029992133378982544
0.029475968331098557
0.029179787263274193
0.02921198680996895
0.02954404056072235
0.029625914990901947
0.02921806275844574
0.028907930478453636
0.02901768498122692
0.029058068990707397
0.028798606246709824
0.02867908403277397
0.028721284121274948
0.028703242540359497
0.02872130647301674
0.02873857691884041
0.02859235554933548
0.02846446819603443
0.028562739491462708
0.028648344799876213
0.028548747301101685
0.028471533209085464
0.0285508930683136
0.028672341257333755
0.02883177436888218
0.029135528951883316
0.02956901676952839
0.03010641597211361
0.030656220391392708
0.0314057320356369
0.03159603103995323
0.031582046300172806
0.03135988116264343
0.03186235949397087
0.03202296420931816
0.031754858791828156
0.03138907626271248
0.03088446892797947
0.030946940183639526
0.031232692301273346
0.031047431752085686
0.029914336279034615
0.029213115572929382
0.03003571182489395
0.030650801956653595
0.029876360669732094
0.02913404069840908
0.029566802084445953
0.030088596045970917
0.030010737478733063
0.029815444722771645
0.029766496270895004
0.029833193868398666
0.030125048011541367
0.030137252062559128
0.029655585065484047
0.02935759909451008
0.029608625918626785
0.02940359339118004
0.028861884027719498
0.028769146651029587
0.0289428923279047
0.028912512585520744
0.028878992423415184
0.0289131011813879
0.02874172292649746
0.02863229438662529
0.028864573687314987
0.029043912887573242
0.028993720188736916
0.029074858874082565
0.029362060129642487
0.02957058697938919
0.02953626960515976
0.029398726299405098
0.02894238382577896
0.028492635115981102
0.028500031679868698
0.028810376301407814
0.028943778946995735
0.028881875798106194
0.028843555599451065
0.028803274035453796
0.02867814525961876
0.0286375992000103
0.028686922043561935
0.02871614508330822
0.02880500629544258
0.029083477333188057
0.02934742160141468
0.02937401458621025
0.029194187372922897
0.029017474502325058
0.028926249593496323
0.028996877372264862
0.029046278446912766
0.028957266360521317
0.02865808829665184
0.028560001403093338
0.0287610050290823
0.028855405747890472
0.02866888977587223
0.028466979041695595
0.02852996066212654
0.028692245483398438
0.02869361825287342
0.02857954241335392
0.028471175581216812
0.02843746542930603
0.028475992381572723
0.028489744290709496
0.028399504721164703
0.028266221284866333
0.0282442644238472
0.028318868950009346
0.02834368497133255
0.0283043310046196
0.028316015377640724
0.028447436168789864
0.028688866645097733
0.029069140553474426
0.029652737081050873
0.030197298154234886
0.03055017814040184
0.030178898945450783
0.029583049938082695
0.029307350516319275
0.029804326593875885
0.030965512618422508
0.03249569982290268
0.03290420025587082
0.03238572180271149
0.030619073659181595
0.030132435262203217
0.031023845076560974
0.031713150441646576
0.03115512803196907
0.03042389079928398
0.030595853924751282
0.031588438898324966
0.03218488767743111
0.03188981115818024
0.0309666208922863
0.03151387721300125
0.032764263451099396
0.03275718539953232
0.030424926429986954
0.02935004234313965
0.030432134866714478
0.030880240723490715
0.0298937801271677
0.0293798316270113
0.029682911932468414
0.029837049543857574
0.0299171581864357
0.03009669855237007
0.030048105865716934
0.02999793365597725
0.030620422214269638
0.031093720346689224
0.031105611473321915
0.030717244371771812
0.030292004346847534
0.029387690126895905
0.029018929228186607
0.029566146433353424
0.029696526005864143
0.029203971847891808
0.029215607792139053
0.029508527368307114
0.02922961860895157
0.029009198769927025
0.029243916273117065
0.029285840690135956
0.029069440439343452
0.029035784304142
0.02893318235874176
0.028684664517641068
0.028648151084780693
0.028703810647130013
0.028574010357260704
0.02855558693408966
0.02869793400168419
0.028637811541557312
0.028480634093284607
0.02850959077477455
0.0286126509308815
0.028703320771455765
0.028982408344745636
0.029588578268885612
0.030287500470876694
0.031005872413516045
0.0310883279889822
0.030541878193616867
0.029305336996912956
0.028605995699763298
0.028888167813420296
0.029528046026825905
0.02983078919351101
0.02957259491086006
0.02909085527062416
0.028634656220674515
0.028600774705410004
0.028970913961529732
0.029189852997660637
0.0289519801735878
0.028552737087011337
0.028449049219489098
0.028579501435160637
0.028704730793833733
0.028773926198482513
0.028721990063786507
0.028572704643011093
0.02844120003283024
0.028431683778762817
0.028503436595201492
0.02863110601902008
0.028883840888738632
0.029173409566283226
0.029347358271479607
