# lbfgs, lr=0.8, alpha = 1000000, beta = 0.1
# best_iter: 95, best_loss = 0.3082500696182251, imsave period = 10
33.31447982788086
4.513392448425293
1.8375911712646484
1.2344038486480713
0.9798341989517212
0.8179970383644104
0.7213718295097351
0.652320146560669
0.6046624779701233
0.5656599998474121
0.5351995229721069
0.5067343711853027
0.484286904335022
0.4653148949146271
0.4488248825073242
0.43365800380706787
0.4218218922615051
0.40922415256500244
0.3992401957511902
0.3908615708351135
0.3829333186149597
0.3767474889755249
0.3711487054824829
0.36663365364074707
0.36283326148986816
0.359157919883728
0.35620853304862976
0.35355865955352783
0.3512342572212219
0.3489114046096802
0.34701961278915405
0.34505555033683777
0.34351056814193726
0.34185823798179626
0.3404920697212219
0.33900269865989685
0.3375985026359558
0.3365461230278015
0.3353802561759949
0.33424103260040283
0.33356618881225586
0.33230069279670715
0.33139991760253906
0.3305756449699402
0.329641729593277
0.3287246525287628
0.3280612826347351
0.32730090618133545
0.32658034563064575
0.3258676826953888
0.3253067433834076
0.32442507147789
0.32388970255851746
0.32311686873435974
0.32372716069221497
0.321902334690094
0.3216457962989807
0.3208085000514984
0.3206923007965088
0.3200427293777466
0.31955045461654663
0.3189137578010559
0.3207471966743469
0.318270742893219
0.3173857033252716
0.3188413679599762
0.31817275285720825
0.3164827525615692
0.315746009349823
0.31558987498283386
0.3149584233760834
0.3151143491268158
0.3142208158969879
0.3147537410259247
0.3136390745639801
0.3136932849884033
0.31299343705177307
0.31322771310806274
0.3123348355293274
0.3132963180541992
0.311929315328598
0.31218332052230835
0.3114561438560486
0.3107544183731079
0.3130284547805786
0.31074610352516174
0.3113691806793213
0.3100977838039398
0.3108232021331787
0.31152331829071045
0.30980804562568665
0.3090430200099945
0.31299078464508057
0.3094226121902466
0.3083561658859253
0.3082500696182251
17.25302505493164
2.1413424015045166
1.0209267139434814
0.7208074331283569
