# adam, lr=0.01, alpha = 1000000, beta = 0.1
# best_iter: 2999, best_loss = 0.2771337628364563, imsave period = 300
171.492431640625
155.8898468017578
140.12191772460938
124.84142303466797
110.6951675415039
98.17372131347656
87.57823181152344
78.86489868164062
71.67304992675781
65.533935546875
60.074676513671875
55.09497833251953
50.562225341796875
46.520484924316406
43.00947952270508
40.022560119628906
37.503562927246094
35.37327575683594
33.545345306396484
31.950410842895508
30.532936096191406
29.256155014038086
28.087425231933594
27.002214431762695
25.981508255004883
25.013147354125977
24.088729858398438
23.208059310913086
22.370859146118164
21.577800750732422
20.828895568847656
20.121984481811523
19.453466415405273
18.82101821899414
18.221805572509766
17.65260887145996
17.111726760864258
16.596738815307617
16.105520248413086
15.636877059936523
15.19007682800293
14.763647079467773
14.356799125671387
13.968499183654785
13.598371505737305
13.244608879089355
12.905878067016602
12.581266403198242
12.270354270935059
11.972719192504883
11.68798828125
11.4152193069458
11.153629302978516
10.902027130126953
10.660421371459961
10.428826332092285
10.206298828125
9.992128372192383
9.785776138305664
9.586787223815918
9.39487361907959
9.209839820861816
9.031150817871094
8.858722686767578
8.692133903503418
8.531140327453613
8.375582695007324
8.225076675415039
8.079366683959961
7.938391208648682
7.801938533782959
7.669884204864502
7.542015075683594
7.418084144592285
7.29786491394043
7.181091785430908
7.0678324699401855
6.957895278930664
6.85115909576416
6.747568607330322
6.646942138671875
6.549221038818359
6.454235076904297
6.361909866333008
6.272180080413818
6.184882640838623
6.099942684173584
6.017155170440674
5.936469078063965
5.857935428619385
5.781443119049072
5.706901550292969
5.634116172790527
5.56305456161499
5.493730068206787
5.4260454177856445
5.359947681427002
5.29538106918335
5.232245922088623
5.170525550842285
5.1102142333984375
5.051324844360352
4.993717193603516
4.937318325042725
4.8821187019348145
4.828039646148682
4.775064945220947
4.723224639892578
4.6725006103515625
4.622832775115967
4.57417106628418
4.526490211486816
4.479730606079102
4.433879375457764
4.388937950134277
4.344846725463867
4.30161190032959
4.259148597717285
4.2174248695373535
4.1764397621154785
4.1361799240112305
4.096673965454102
4.057884216308594
4.019773006439209
3.9822816848754883
3.945446729660034
3.909255027770996
3.8736753463745117
3.838693141937256
3.804279088973999
3.770446300506592
3.737145185470581
3.7043726444244385
3.672112226486206
3.640324592590332
3.609053611755371
3.5782902240753174
3.5479817390441895
3.5181195735931396
3.4886982440948486
3.459679365158081
3.4310922622680664
3.4029412269592285
3.375192880630493
3.347848653793335
3.320852041244507
3.294227361679077
3.2679643630981445
3.2420413494110107
3.2164764404296875
3.191274881362915
3.1664085388183594
3.1419119834899902
3.117743730545044
3.093872547149658
3.0703372955322266
3.047100067138672
3.0241715908050537
3.0015382766723633
2.97918438911438
2.9571313858032227
2.935354232788086
2.9138245582580566
2.8925633430480957
2.871568202972412
2.8508265018463135
2.8303472995758057
2.8101119995117188
2.7901086807250977
2.770336627960205
2.7507877349853516
2.7314717769622803
2.7123894691467285
2.6935250759124756
2.6748735904693604
2.6564340591430664
2.6382060050964355
2.620177745819092
2.6023459434509277
2.5847136974334717
2.5672709941864014
2.550006866455078
2.5329225063323975
2.516040802001953
2.49934458732605
2.482818126678467
2.466479778289795
2.450307607650757
2.4343090057373047
2.4184939861297607
2.402845859527588
2.3873655796051025
2.3720595836639404
2.3569071292877197
2.3419106006622314
2.327070474624634
2.312380313873291
2.297849655151367
2.283472776412964
2.2692458629608154
2.2551565170288086
2.2412109375
2.2274210453033447
2.2137601375579834
2.2002367973327637
2.18685245513916
2.1736018657684326
2.16048264503479
2.1474790573120117
2.134608268737793
2.1218461990356445
2.1092112064361572
2.096693992614746
2.084291934967041
2.0720107555389404
2.05983567237854
2.047771453857422
2.035817861557007
2.0239734649658203
2.0122430324554443
2.0006182193756104
1.9890995025634766
1.977688193321228
1.9663770198822021
1.9551641941070557
1.9440457820892334
1.933037281036377
1.922120213508606
1.9113036394119263
1.9005814790725708
1.8899564743041992
1.8794281482696533
1.8689947128295898
1.8586483001708984
1.8483965396881104
1.838240623474121
1.8281753063201904
1.8181922435760498
1.8082982301712036
1.798497200012207
1.788772702217102
1.779132604598999
1.7695777416229248
1.7601006031036377
1.7507100105285645
1.7413957118988037
1.7321574687957764
1.722998857498169
1.713918924331665
1.7049121856689453
1.695978045463562
1.6871118545532227
1.6783227920532227
1.6696072816848755
1.6609615087509155
1.6523892879486084
1.6438816785812378
1.6354418992996216
1.6270674467086792
1.6187591552734375
1.6105215549468994
1.6023532152175903
1.5942435264587402
1.5861961841583252
1.5782122611999512
1.5702930688858032
1.5624405145645142
1.5546448230743408
1.5469131469726562
1.539239525794983
1.5316251516342163
1.5240730047225952
1.5165786743164062
1.5091403722763062
1.5017592906951904
1.4944337606430054
1.4871670007705688
1.4799567461013794
1.4727954864501953
1.465688705444336
1.4586372375488281
1.4516379833221436
1.4446914196014404
1.4377955198287964
1.4309513568878174
1.424160122871399
1.4174230098724365
1.4107325077056885
1.4040935039520264
1.3975046873092651
1.3909683227539062
1.3844778537750244
1.3780384063720703
1.3716423511505127
1.3652963638305664
1.3589938879013062
1.3527406454086304
1.346534252166748
1.3403687477111816
1.3342474699020386
1.3281763792037964
1.3221449851989746
1.3161554336547852
1.310213565826416
1.3043134212493896
1.2984529733657837
1.2926337718963623
1.286860466003418
1.2811241149902344
1.2754316329956055
1.2697784900665283
1.2641654014587402
1.2585926055908203
1.2530601024627686
1.2475659847259521
1.2421115636825562
1.236694574356079
1.2313157320022583
1.2259712219238281
1.2206655740737915
1.215395212173462
1.2101597785949707
1.204960584640503
1.199795126914978
1.1946663856506348
1.189570665359497
1.1845102310180664
1.1794854402542114
1.1744952201843262
1.169539213180542
1.1646164655685425
1.1597275733947754
1.1548720598220825
1.1500508785247803
1.1452593803405762
1.1405023336410522
1.1357773542404175
1.1310837268829346
1.1264210939407349
1.1217886209487915
1.1171863079071045
1.1126155853271484
1.1080772876739502
1.103566288948059
1.0990862846374512
1.0946388244628906
1.0902172327041626
1.085825800895691
1.0814629793167114
1.0771311521530151
1.0728274583816528
1.0685503482818604
1.0643019676208496
1.0600827932357788
1.0558909177780151
1.0517252683639526
1.0475895404815674
1.0434784889221191
1.0393909215927124
1.0353295803070068
1.031294822692871
1.0272845029830933
1.0232998132705688
1.0193394422531128
1.0154041051864624
1.0114977359771729
1.0076134204864502
1.0037537813186646
0.9999181628227234
0.9961061477661133
0.9923200011253357
0.9885578155517578
0.9848171472549438
0.9811017513275146
0.9774106740951538
0.9737430810928345
0.9700977802276611
0.9664746522903442
0.9628762602806091
0.9593002200126648
0.9557464122772217
0.952216625213623
0.9487078189849854
0.9452215433120728
0.9417587518692017
0.9383187294006348
0.9348999261856079
0.9315020442008972
0.9281266927719116
0.9247735738754272
0.9214401245117188
0.9181264638900757
0.9148372411727905
0.9115681052207947
0.908318042755127
0.9050905704498291
0.9018852710723877
0.8986972570419312
0.8955305814743042
0.8923852443695068
0.889259397983551
0.8861523866653442
0.8830654621124268
0.879997968673706
0.8769504427909851
0.8739246129989624
0.8709142804145813
0.8679235577583313
0.86495441198349
0.8620033264160156
0.8590697050094604
0.8561553955078125
0.8532608151435852
0.8503834009170532
0.8475252389907837
0.8446836471557617
0.8418605327606201
0.8390547037124634
0.8362669944763184
0.8334956169128418
0.8307418823242188
0.8280069828033447
0.8252869844436646
0.822586178779602
0.8199001550674438
0.8172317147254944
0.8145819902420044
0.8119485974311829
0.8093298673629761
0.806728720664978
0.8041439056396484
0.8015743494033813
0.7990206480026245
0.7964831590652466
0.7939614057540894
0.7914546132087708
0.7889642715454102
0.7864891886711121
0.7840287685394287
0.7815841436386108
0.7791552543640137
0.7767419815063477
0.774342954158783
0.7719588279724121
0.7695893049240112
0.7672344446182251
0.7648954391479492
0.7625703811645508
0.7602599263191223
0.7579631805419922
0.7556802034378052
0.7534118890762329
0.7511573433876038
0.748916506767273
0.746690571308136
0.7444776892662048
0.7422775030136108
0.7400916814804077
0.7379192113876343
0.7357608079910278
0.733614444732666
0.7314811944961548
0.7293627858161926
0.7272584438323975
0.7251660227775574
0.7230859994888306
0.7210218906402588
0.7189688682556152
0.7169278860092163
0.7149009108543396
0.7128856182098389
0.7108826637268066
0.708891749382019
0.7069128751754761
0.7049477696418762
0.7029932737350464
0.7010506391525269
0.6991212964057922
0.697202205657959
0.6952958106994629
0.6934019327163696
0.6915186643600464
0.6896466016769409
0.6877866983413696
0.6859387159347534
0.6841013431549072
0.6822757720947266
0.6804625391960144
0.6786606311798096
0.6768696308135986
0.6750889420509338
0.6733202934265137
0.6715623140335083
0.6698154211044312
0.6680803894996643
0.6663543581962585
0.6646392345428467
0.6629357933998108
0.6612420082092285
0.659559428691864
0.6578865051269531
0.6562239527702332
0.6545712947845459
0.6529300212860107
0.6512975096702576
0.6496764421463013
0.6480653285980225
0.6464636325836182
0.6448724269866943
0.6432909965515137
0.6417198181152344
0.6401571035385132
0.6386041641235352
0.6370607018470764
0.6355268955230713
0.6340028047561646
0.6324878931045532
0.6309818029403687
0.6294853687286377
0.6279988884925842
0.6265208721160889
0.6250514984130859
0.6235924959182739
0.6221421957015991
0.6207001805305481
0.6192676424980164
0.6178435683250427
0.6164278388023376
0.6150200963020325
0.6136212348937988
0.6122308373451233
0.6108474731445312
0.6094739437103271
0.6081086993217468
0.6067502498626709
0.6054012775421143
0.604060709476471
0.6027284860610962
0.6014037728309631
0.6000877022743225
0.5987781286239624
0.5974771976470947
0.5961847305297852
0.59489905834198
0.5936211347579956
0.5923507213592529
0.5910889506340027
0.5898336172103882
0.5885863900184631
0.5873465538024902
0.5861141681671143
0.5848894715309143
0.5836723446846008
0.5824623107910156
0.581259548664093
0.580062985420227
0.5788747072219849
0.5776933431625366
0.5765203833580017
0.5753538608551025
0.5741938352584839
0.5730412006378174
0.5718960165977478
0.5707573890686035
0.569625198841095
0.5684999823570251
0.5673812627792358
0.56626957654953
0.5651645660400391
0.5640658736228943
0.5629740953445435
0.5618884563446045
0.5608104467391968
0.5597383975982666
0.5586727857589722
0.5576144456863403
0.5565615296363831
0.5555155277252197
0.5544757843017578
0.5534418821334839
0.5524134039878845
0.5513916015625
0.5503755807876587
0.5493651628494263
0.5483611822128296
0.5473629236221313
0.5463706254959106
0.5453840494155884
0.5444035530090332
0.5434284210205078
0.5424598455429077
0.5414966344833374
0.5405381917953491
0.5395856499671936
0.5386393070220947
0.5376983880996704
0.5367630124092102
0.5358330011367798
0.5349087715148926
0.5339896082878113
0.5330749750137329
0.5321664214134216
0.5312635898590088
0.5303656458854675
0.5294731259346008
0.5285855531692505
0.5277023315429688
0.5268248319625854
0.5259522199630737
0.5250841379165649
0.5242211222648621
0.5233635902404785
0.5225111246109009
0.5216636657714844
0.5208202600479126
0.5199825763702393
0.5191493034362793
0.5183205604553223
0.5174976587295532
0.5166786909103394
0.5158639550209045
0.5150545835494995
0.5142505764961243
0.5134507417678833
0.5126550197601318
0.511864423751831
0.5110777616500854
0.5102956295013428
0.5095183849334717
0.5087451338768005
0.5079764723777771
0.5072125196456909
0.5064521431922913
0.5056965947151184
0.5049457550048828
0.5041985511779785
0.503455638885498
0.502716600894928
0.5019823312759399
0.5012519359588623
0.5005252957344055
0.49980270862579346
0.49908411502838135
0.4983697533607483
0.49765896797180176
0.49695247411727905
0.49624937772750854
0.4955500364303589
0.4948546588420868
0.49416303634643555
0.49347561597824097
0.49279165267944336
0.49211186170578003
0.4914360046386719
0.49076318740844727
0.4900940954685211
0.4894289970397949
0.4887676239013672
0.488109827041626
0.4874558746814728
0.48680537939071655
0.48615896701812744
0.4855160117149353
0.4848766028881073
0.48424071073532104
0.4836080074310303
0.4829792380332947
0.48235347867012024
0.481731116771698
0.48111212253570557
0.48049652576446533
0.47988444566726685
0.4792751371860504
0.47866952419281006
0.47806718945503235
0.4774678945541382
0.4768720269203186
0.47627919912338257
0.4756895899772644
0.4751035273075104
0.4745205342769623
0.47394075989723206
0.47336345911026
0.4727895259857178
0.47221869230270386
0.4716511368751526
0.4710860848426819
0.4705244302749634
0.46996548771858215
0.46941012144088745
0.46885716915130615
0.46830683946609497
0.46776002645492554
0.46721574664115906
0.466674268245697
0.46613597869873047
0.46560046076774597
0.4650675654411316
0.46453744173049927
0.4640099108219147
0.4634854197502136
0.4629634618759155
0.4624443054199219
0.4619275629520416
0.46141308546066284
0.46090167760849
0.4603927433490753
0.4598866105079651
0.4593828320503235
0.45888134837150574
0.458382785320282
0.4578869044780731
0.4573935270309448
0.4569028615951538
0.4564141631126404
0.4559282064437866
0.45544493198394775
0.45496389269828796
0.4544852077960968
0.4540087580680847
0.45353496074676514
0.45306313037872314
0.4525935649871826
0.4521263837814331
0.4516613483428955
0.4511989951133728
0.45073914527893066
0.4502812922000885
0.4498256742954254
0.4493723511695862
0.4489210844039917
0.4484717547893524
0.4480249285697937
0.44758015871047974
0.4471377730369568
0.44669783115386963
0.44625961780548096
0.4458240866661072
0.4453904628753662
0.44495880603790283
0.4445297420024872
0.4441027045249939
0.4436776340007782
0.4432547688484192
0.44283363223075867
0.4424147605895996
0.4419979751110077
0.4415830075740814
0.4411700367927551
0.44075918197631836
0.44035041332244873
0.4399430751800537
0.43953749537467957
0.43913400173187256
0.4387325048446655
0.43833276629447937
0.43793487548828125
0.43753865361213684
0.4371444880962372
0.436752051115036
0.4363608956336975
0.4359719455242157
0.4355847239494324
0.43519914150238037
0.43481534719467163
0.43443334102630615
0.43405312299728394
0.43367427587509155
0.4332972466945648
0.4329226315021515
0.43254905939102173
0.43217718601226807
0.43180716037750244
0.4314385652542114
0.43107160925865173
0.43070679903030396
0.4303432106971741
0.4299811124801636
0.42962098121643066
0.42926251888275146
0.4289053678512573
0.4285501539707184
0.4281964898109436
0.4278443455696106
0.4274939298629761
0.42714518308639526
0.4267978072166443
0.4264522194862366
0.4261080026626587
0.4257652759552002
0.42542433738708496
0.4250847399234772
0.42474663257598877
0.4244096279144287
0.4240747392177582
0.4237408936023712
0.4234086871147156
0.42307764291763306
0.4227481484413147
0.4224199056625366
0.42209309339523315
0.4217680096626282
0.4214438199996948
0.42112091183662415
0.42079994082450867
0.42048025131225586
0.4201619029045105
0.41984468698501587
0.4195290505886078
0.41921466588974
0.41890138387680054
0.41858971118927
0.4182792901992798
0.4179700016975403
0.41766202449798584
0.417355477809906
0.41705024242401123
0.4167460501194
0.4164436459541321
0.4161425828933716
0.4158419966697693
0.4155428409576416
0.41524529457092285
0.4149487018585205
0.41465336084365845
0.4143590033054352
0.414065957069397
0.4137740433216095
0.413483202457428
0.41319358348846436
0.4129050374031067
0.412617564201355
0.41233134269714355
0.41204598546028137
0.4117617607116699
0.4114789366722107
0.4111970365047455
0.410916268825531
0.4106366038322449
0.41035783290863037
0.41008031368255615
0.4098038673400879
0.40952855348587036
0.40925419330596924
0.4089810252189636
0.4087088406085968
0.4084378480911255
0.4081679582595825
0.4078991413116455
0.4076312482357025
0.4073646068572998
0.4070988595485687
0.40683412551879883
0.4065704941749573
0.40630781650543213
0.406046062707901
0.4057854413986206
0.40552592277526855
0.40526729822158813
0.4050097167491913
0.40475305914878845
0.40449726581573486
0.40424251556396484
0.40398895740509033
0.4037363529205322
0.4034847021102905
0.4032338857650757
0.4029836654663086
0.40273475646972656
0.40248674154281616
0.4022395610809326
0.4019933342933655
0.40174800157546997
0.4015035033226013
0.40126001834869385
0.4010176360607147
0.4007757902145386
0.40053483843803406
0.4002949297428131
0.4000561237335205
0.3998180627822876
0.3995808959007263
0.39934444427490234
0.3991091847419739
0.39887458086013794
0.39864087104797363
0.3984081447124481
0.39817601442337036
0.39794501662254333
0.39771467447280884
0.39748531579971313
0.3972567915916443
0.3970288336277008
0.39680200815200806
0.3965757489204407
0.3963503837585449
0.3961256742477417
0.3959018886089325
0.39567887783050537
0.3954564929008484
0.3952348530292511
0.3950142562389374
0.3947939872741699
0.39457494020462036
0.39435654878616333
0.3941389322280884
0.39392200112342834
0.3937060832977295
0.3934909403324127
0.3932764232158661
0.39306285977363586
0.39285004138946533
0.3926381468772888
0.3924270272254944
0.39221686124801636
0.39200735092163086
0.3917986750602722
0.3915911316871643
0.391384094953537
0.39117753505706787
0.3909718990325928
0.3907672166824341
0.3905631899833679
0.39035964012145996
0.39015692472457886
0.3899551033973694
0.3897537589073181
0.3895530104637146
0.3893532454967499
0.3891541361808777
0.3889557123184204
0.38875800371170044
0.3885608911514282
0.38836416602134705
0.3881683647632599
0.38797295093536377
0.3877781629562378
0.3875841796398163
0.38739079236984253
0.3871983289718628
0.38700610399246216
0.38681450486183167
0.3866237699985504
0.38643351197242737
0.3862440586090088
0.38605520129203796
0.3858669400215149
0.3856790065765381
0.3854915499687195
0.38530486822128296
0.3851187229156494
0.3849334120750427
0.3847481906414032
0.38456374406814575
0.38437989354133606
0.38419657945632935
0.3840138018131256
0.3838314414024353
0.38364964723587036
0.3834685683250427
0.38328811526298523
0.38310790061950684
0.3829285502433777
0.3827497363090515
0.38257113099098206
0.3823934495449066
0.38221627473831177
0.3820393681526184
0.3818630874156952
0.38168764114379883
0.38151243329048157
0.3813377022743225
0.3811635673046112
0.3809899687767029
0.3808170557022095
0.38064438104629517
0.38047218322753906
0.3803006410598755
0.3801296055316925
0.3799590468406677
0.37978896498680115
0.3796194791793823
0.3794504404067993
0.37928202748298645
0.37911397218704224
0.378946453332901
0.37877947092056274
0.3786129951477051
0.3784469962120056
0.37828144431114197
0.37811654806137085
0.3779519200325012
0.3777877688407898
0.3776243329048157
0.37746113538742065
0.37729838490486145
0.3771362006664276
0.3769743740558624
0.37681320309638977
0.3766523599624634
0.376491904258728
0.37633204460144043
0.37617263197898865
0.37601351737976074
0.375855028629303
0.37569689750671387
0.3755394518375397
0.3753821551799774
0.37522533535957336
0.3750690221786499
0.37491315603256226
0.3747575879096985
0.37460240721702576
0.37444791197776794
0.37429356575012207
0.3741398751735687
0.37398651242256165
0.3738333582878113
0.37368080019950867
0.3735285699367523
0.37337687611579895
0.3732254207134247
0.37307435274124146
0.3729238212108612
0.3727738857269287
0.3726239800453186
0.3724745213985443
0.37232568860054016
0.37217700481414795
0.3720287084579468
0.37188079953193665
0.3717331886291504
0.37158605456352234
0.3714393079280853
0.37129276990890503
0.3711467385292053
0.3710011839866638
0.37085601687431335
0.37071114778518677
0.37056657671928406
0.3704226016998291
0.370278924703598
0.37013545632362366
0.36999231576919556
0.3698498010635376
0.36970755457878113
0.3695656657218933
0.3694240152835846
0.36928293108940125
0.3691422641277313
0.3690018057823181
0.36886170506477356
0.36872178316116333
0.3685826063156128
0.3684436082839966
0.368304967880249
0.36816665530204773
0.36802858114242554
0.3678908944129944
0.36775362491607666
0.36761677265167236
0.36748000979423523
0.36734357476234436
0.36720749735832214
0.3670719563961029
0.3669365346431732
0.366801381111145
0.3666667342185974
0.3665323257446289
0.3663982152938843
0.3662645220756531
0.3661311864852905
0.36599814891815186
0.36586540937423706
0.3657330274581909
0.3656010031700134
0.36546915769577026
0.365337610244751
0.36520642042160034
0.36507558822631836
0.36494505405426025
0.36481478810310364
0.3646849989891052
0.3645552694797516
0.36442625522613525
0.36429718136787415
0.3641686737537384
0.3640405237674713
0.3639124631881714
0.3637847304344177
0.36365753412246704
0.36353039741516113
0.363403856754303
0.3632774353027344
0.36315131187438965
0.36302539706230164
0.36289989948272705
0.3627748191356659
0.3626498878002167
0.3625253438949585
0.36240115761756897
0.36227720975875854
0.3621536195278168
0.3620302677154541
0.36190733313560486
0.36178451776504517
0.36166203022003174
0.36153972148895264
0.3614178001880646
0.3612962067127228
0.36117470264434814
0.3610535264015198
0.36093276739120483
0.3608120083808899
0.3606916069984436
0.36057159304618835
0.3604517877101898
0.360332190990448
0.3602128326892853
0.3600938320159912
0.35997509956359863
0.35985660552978516
0.3597385585308075
0.3596206605434418
0.3595030903816223
0.3593856692314148
0.3592684864997864
0.3591517210006714
0.3590351641178131
0.35891884565353394
0.35880279541015625
0.35868707299232483
0.35857152938842773
0.35845619440078735
0.3583412766456604
0.3582265079021454
0.3581121563911438
0.3579980134963989
0.35788410902023315
0.35777053236961365
0.35765722393989563
0.3575442135334015
0.35743144154548645
0.3573189079761505
0.3572065234184265
0.3570944666862488
0.35698267817497253
0.35687094926834106
0.35675960779190063
0.356648713350296
0.3565378785133362
0.35642722249031067
0.3563169240951538
0.35620686411857605
0.35609689354896545
0.3559872508049011
0.35587799549102783
0.35576894879341125
0.3556600511074066
0.355551540851593
0.35544314980506897
0.35533496737480164
0.355226993560791
0.3551192879676819
0.3550117313861847
0.354904443025589
0.35479748249053955
0.3546906113624573
0.3545839488506317
0.35447752475738525
0.3543713390827179
0.35426533222198486
0.3541596531867981
0.3540542721748352
0.35394906997680664
0.3538441061973572
0.3537392020225525
0.3536345362663269
0.3535301685333252
0.35342612862586975
0.35332199931144714
0.35321831703186035
0.3531147539615631
0.3530113697052002
0.352908194065094
0.3528052270412445
0.3527025580406189
0.35260021686553955
0.352497935295105
0.3523957431316376
0.35229364037513733
0.3521919548511505
0.3520905375480652
0.3519890606403351
0.3518880009651184
0.35178717970848083
0.35168638825416565
0.3515858054161072
0.3514852523803711
0.3513851761817932
0.3512851595878601
0.3511855900287628
0.3510858714580536
0.3509865999221802
0.3508874773979187
0.3507883548736572
0.35068970918655396
0.3505909740924835
0.35049253702163696
0.35039418935775757
0.35029593110084534
0.35019809007644653
0.3501003384590149
0.3500027060508728
0.3499053120613098
0.3498079776763916
0.3497108817100525
0.3496139347553253
0.34951698780059814
0.3494205176830292
0.349324107170105
0.3492276966571808
0.3491317331790924
0.3490358293056488
0.34894001483917236
0.34884434938430786
0.34874895215034485
0.34865376353263855
0.3485586643218994
0.3484638035297394
0.34836912155151367
0.3482745587825775
0.3481801152229309
0.34808605909347534
0.34799209237098694
0.34789833426475525
0.34780457615852356
0.3477111756801605
0.3476176857948303
0.34752461314201355
0.34743160009384155
0.34733879566192627
0.3472461700439453
0.34715384244918823
0.34706151485443115
0.346969336271286
0.3468773663043976
0.34678566455841064
0.3466939926147461
0.3466026782989502
0.3465113639831543
0.3464202582836151
0.3463294208049774
0.34623879194259644
0.34614819288253784
0.3460577428340912
0.345967561006546
0.3458775281906128
0.34578758478164673
0.3456977605819702
0.3456081449985504
0.34551888704299927
0.34542950987815857
0.3453403115272522
0.34525126218795776
0.345162570476532
0.3450738191604614
0.34498533606529236
0.34489691257476807
0.3448086977005005
0.344720721244812
0.34463268518447876
0.34454500675201416
0.3444574475288391
0.3443699777126312
0.344282865524292
0.3441958427429199
0.34410881996154785
0.3440219759941101
0.34393537044525146
0.3438487648963928
0.3437623977661133
0.34367626905441284
0.34359011054039
0.3435042202472687
0.3434184789657593
0.3433328866958618
0.34324735403060913
0.3431621193885803
0.3430768847465515
0.3429919481277466
0.34290704131126404
0.3428223729133606
0.34273770451545715
0.3426533043384552
0.3425689935684204
0.342484712600708
0.3424006402492523
0.3423166871070862
0.342232882976532
0.3421492576599121
0.3420657813549042
0.341982364654541
0.34189894795417786
0.3418159484863281
0.3417329788208008
0.3416500389575958
0.3415672779083252
0.3414846658706665
0.34140217304229736
0.34131985902786255
0.34123775362968445
0.3411555886268616
0.3410736322402954
0.3409918248653412
0.3409102261066437
0.3408287465572357
0.34074729681015015
0.3406659960746765
0.340584933757782
0.3405040502548218
0.340423047542572
0.3403421938419342
0.3402616083621979
0.3401811122894287
0.34010082483291626
0.3400205969810486
0.33994060754776
0.33986079692840576
0.33978092670440674
0.3397013545036316
0.33962181210517883
0.3395424485206604
0.3394632339477539
0.33938413858413696
0.3393052816390991
0.3392264246940613
0.3391477167606354
0.339069128036499
0.3389906883239746
0.33891236782073975
0.338834285736084
0.3387562930583954
0.3386784791946411
0.3386007845401764
0.338523268699646
0.3384459316730499
0.33836865425109863
0.33829155564308167
0.33821457624435425
0.33813777565956116
0.33806103467941284
0.337984561920166
0.33790820837020874
0.33783185482025146
0.33775562047958374
0.33767950534820557
0.3376036584377289
0.3375277519226074
0.3374520242214203
0.3373764753341675
0.337301105260849
0.3372257947921753
0.33715054392814636
0.3370756506919861
0.33700087666511536
0.33692604303359985
0.3368513584136963
0.3367769420146942
0.3367025852203369
0.3366282880306244
0.33655422925949097
0.3364802300930023
0.33640629053115845
0.33633244037628174
0.33625876903533936
0.3361852169036865
0.33611178398132324
0.3360384702682495
0.33596527576446533
0.33589208126068115
0.3358192443847656
0.33574631810188293
0.33567363023757935
0.3356008231639862
0.33552828431129456
0.3354558050632477
0.33538344502449036
0.3353111743927002
0.3352389335632324
0.33516693115234375
0.335095077753067
0.3350233733654022
0.3349517285823822
0.3348802924156189
0.3348087668418884
0.3347374200820923
0.33466628193855286
0.3345952332019806
0.33452415466308594
0.334453284740448
0.3343825340270996
0.33431172370910645
0.33424121141433716
0.33417069911956787
0.3341004550457001
0.3340302109718323
0.3339599072933197
0.3338898718357086
0.3338199555873871
0.33375000953674316
0.3336801826953888
0.33361050486564636
0.3335409164428711
0.33347150683403015
0.33340197801589966
0.33333271741867065
0.33326345682144165
0.3331943154335022
0.3331252932548523
0.33305639028549194
0.3329874575138092
0.3329184651374817
0.33284991979599
0.3327814042568207
0.3327128291130066
0.332644522190094
0.33257606625556946
0.33250781893730164
0.3324396014213562
0.3323715031147003
0.33230355381965637
0.3322356343269348
0.3321678638458252
0.3321002423763275
0.3320327401161194
0.3319651484489441
0.3318977355957031
0.3318304419517517
0.33176326751708984
0.33169621229171753
0.3316291570663452
0.33156222105026245
0.33149537444114685
0.3314286172389984
0.3313619792461395
0.3312954008579254
0.33122900128364563
0.33116260170936584
0.33109626173973083
0.3310300409793854
0.33096399903297424
0.3308980464935303
0.3308320641517639
0.3307660222053528
0.3307003378868103
0.33063459396362305
0.3305688798427582
0.33050334453582764
0.3304378390312195
0.3303724229335785
0.3303070664405823
0.3302419185638428
0.3301767408847809
0.33011162281036377
0.3300466537475586
0.3299817740917206
0.32991698384284973
0.32985228300094604
0.32978761196136475
0.3297230005264282
0.329658567905426
0.3295942544937134
0.32952991127967834
0.3294658064842224
0.32940176129341125
0.3293377757072449
0.3292738199234009
0.32920995354652405
0.32914623618125916
0.3290826082229614
0.32901903986930847
0.3289554715156555
0.3288920223712921
0.3288288414478302
0.3287655711174011
0.3287025988101959
0.3286396265029907
0.32857662439346313
0.32851383090019226
0.3284509778022766
0.32838839292526245
0.32832586765289307
0.32826343178749084
0.3282009959220886
0.32813870906829834
0.3280766010284424
0.32801443338394165
0.32795244455337524
0.3278905749320984
0.32782870531082153
0.32776686549186707
0.3277052938938141
0.3276437520980835
0.3275822699069977
0.3275209665298462
0.3274596929550171
0.3273983597755432
0.32733726501464844
0.32727622985839844
0.3272152543067932
0.3271544575691223
0.3270936608314514
0.3270329236984253
0.3269723653793335
0.3269117474555969
0.3268513083457947
0.32679083943367004
0.3267305791378021
0.326670378446579
0.32661038637161255
0.32655033469200134
0.32649025321006775
0.32643043994903564
0.3263707458972931
0.3263109028339386
0.32625114917755127
0.3261914849281311
0.32613199949264526
0.3260725140571594
0.3260129690170288
0.3259536325931549
0.3258942663669586
0.32583507895469666
0.32577580213546753
0.3257165849208832
0.3256574869155884
0.32559847831726074
0.3255394995212555
0.32548055052757263
0.3254217803478241
0.3253629803657532
0.32530418038368225
0.32524561882019043
0.325187087059021
0.3251286447048187
0.32507026195526123
0.3250119984149933
0.3249537944793701
0.32489562034606934
0.3248375952243805
0.3247796297073364
0.32472172379493713
0.3246639668941498
0.3246062397956848
0.32454854249954224
0.3244909942150116
0.32443347573280334
0.32437601685523987
0.32431864738464355
0.3242613673210144
0.32420405745506287
0.3241468071937561
0.3240897059440613
0.3240325450897217
0.32397547364234924
0.32391852140426636
0.32386165857315063
0.3238047659397125
0.32374805212020874
0.3236912786960602
0.3236345946788788
0.32357800006866455
0.3235216438770294
0.3234650492668152
0.32340872287750244
0.3233524560928345
0.32329627871513367
0.32324010133743286
0.3231840133666992
0.32312798500061035
0.32307204604148865
0.3230161666870117
0.3229604661464691
0.3229045867919922
0.3228488564491272
0.3227933943271637
0.32273775339126587
0.32268226146698
0.32262688875198364
0.3225714862346649
0.32251623272895813
0.32246100902557373
0.3224058151245117
0.3223509192466736
0.32229575514793396
0.32224082946777344
0.32218611240386963
0.32213127613067627
0.32207655906677246
0.32202184200286865
0.3219672441482544
0.3219127655029297
0.32185831665992737
0.3218039870262146
0.3217495381832123
0.3216952681541443
0.3216410279273987
0.32158684730529785
0.3215327858924866
0.3214787542819977
0.3214247524738312
0.32137081027030945
0.32131677865982056
0.321262925863266
0.3212091624736786
0.3211553990840912
0.32110172510147095
0.3210481107234955
0.3209945559501648
0.3209410309791565
0.32088762521743774
0.320834219455719
0.3207809329032898
0.32072773575782776
0.3206745982170105
0.32062143087387085
0.32056835293769836
0.32051539421081543
0.3204624056816101
0.3204096555709839
0.3203567862510681
0.3203040659427643
0.32025134563446045
0.3201988935470581
0.32014644145965576
0.32009392976760864
0.3200415372848511
0.31998926401138306
0.3199370503425598
0.3198848366737366
0.31983277201652527
0.3197806775569916
0.31972864270210266
0.3196767270565033
0.3196248412132263
0.31957292556762695
0.31952112913131714
0.3194693922996521
0.319417804479599
0.3193661868572235
0.31931471824645996
0.3192632496356964
0.31921178102493286
0.31916046142578125
0.31910908222198486
0.319057822227478
0.3190065622329712
0.31895554065704346
0.31890445947647095
0.3188534080982208
0.3188024163246155
0.3187514543533325
0.3187005817890167
0.31864964962005615
0.31859880685806274
0.3185480535030365
0.31849735975265503
0.3184468150138855
0.3183963894844055
0.31834572553634644
0.318295419216156
0.31824496388435364
0.31819474697113037
0.3181445598602295
0.3180942237377167
0.3180440664291382
0.31799405813217163
0.3179439604282379
0.31789398193359375
0.3178439736366272
0.3177940547466278
0.3177441358566284
0.3176943063735962
0.3176445960998535
0.3175947964191437
0.3175450265407562
0.3174954354763031
0.31744584441185
0.3173961937427521
0.3173467218875885
0.31729722023010254
0.31724777817726135
0.31719839572906494
0.31714901328086853
0.3170997202396393
0.3170505464076996
0.31700122356414795
0.31695204973220825
0.31690293550491333
0.31685391068458557
0.3168048560619354
0.3167559504508972
0.31670698523521423
0.3166581690311432
0.31660929322242737
0.3165604770183563
0.31651175022125244
0.31646305322647095
0.3164145052433014
0.3163658678531647
0.31631726026535034
0.31626877188682556
0.31622040271759033
0.3161720335483551
0.3161236047744751
0.3160752058029175
0.3160269260406494
0.31597867608070374
0.31593039631843567
0.3158823549747467
0.3158341944217682
0.3157860338687897
0.3157379925251007
0.31568998098373413
0.31564217805862427
0.31559428572654724
0.315546452999115
0.31549856066703796
0.3154508173465729
0.31540313363075256
0.3153553903102875
0.3153078258037567
0.31526026129722595
0.31521257758140564
0.31516513228416443
0.315117746591568
0.31507033109664917
0.3150230050086975
0.31497567892074585
0.3149283528327942
0.3148810863494873
0.3148339092731476
0.3147867023944855
0.3147396445274353
0.3146926164627075
0.31464552879333496
0.31459853053092957
0.31455159187316895
0.3145047724246979
0.31445789337158203
0.31441110372543335
0.3143645226955414
0.31431785225868225
0.31427133083343506
0.3142247200012207
0.31417831778526306
0.31413188576698303
0.3140854239463806
0.3140391707420349
0.3139929473400116
0.3139466345310211
0.31390058994293213
0.31385448575019836
0.313808411359787
0.313762366771698
0.3137165307998657
0.3136705756187439
0.3136247396469116
0.3135789930820465
0.3135332465171814
0.31348752975463867
0.31344184279441833
0.3133962154388428
0.31335070729255676
0.3133050799369812
0.3132595121860504
0.31321415305137634
0.31316864490509033
0.31312331557273865
0.31307801604270935
0.31303274631500244
0.31298747658729553
0.312942236661911
0.3128969669342041
0.3128518760204315
0.3128066658973694
0.3127615451812744
0.31271645426750183
0.3126715123653412
0.3126264810562134
0.31258153915405273
0.3125365674495697
0.312491774559021
0.3124469518661499
0.31240206956863403
0.3123573660850525
0.3123128116130829
0.31226804852485657
0.31222352385520935
0.31217896938323975
0.31213444471359253
0.3120899200439453
0.31204551458358765
0.31200122833251953
0.31195685267448425
0.3119125962257385
0.3118683695793152
0.3118242621421814
0.31178006529808044
0.31173595786094666
0.31169188022613525
0.31164783239364624
0.3116039037704468
0.31156009435653687
0.31151631474494934
0.31147250533103943
0.31142863631248474
0.3113850951194763
0.3113414943218231
0.31129783391952515
0.3112541139125824
0.31121063232421875
0.3111671209335327
0.3111236095428467
0.3110801875591278
0.31103676557540894
0.31099334359169006
0.3109499514102936
0.3109067678451538
0.3108634352684021
0.31082016229629517
0.31077706813812256
0.3107338547706604
0.31069064140319824
0.31064748764038086
0.310604453086853
0.3105613887310028
0.31051844358444214
0.3104754090309143
0.3104325830936432
0.3103897273540497
0.3103468716144562
0.3103041648864746
0.31026145815849304
0.3102186620235443
0.31017595529556274
0.3101333975791931
0.3100908100605011
0.3100482225418091
0.3100057542324066
0.30996328592300415
0.3099207878112793
0.309878408908844
0.30983608961105347
0.30979377031326294
0.3097514510154724
0.30970925092697144
0.3096669316291809
0.3096248507499695
0.3095827102661133
0.3095405697822571
0.30949848890304565
0.3094564378261566
0.30941444635391235
0.3093724250793457
0.3093305230140686
0.30928856134414673
0.3092467486858368
0.30920493602752686
0.3091631531715393
0.30912142992019653
0.30907970666885376
0.30903810262680054
0.30899640917778015
0.3089548349380493
0.30891332030296326
0.308871865272522
0.3088303208351135
0.3087890148162842
0.30874767899513245
0.30870625376701355
0.3086649477481842
0.308623731136322
0.3085824251174927
0.30854132771492004
0.3085002601146698
0.30845907330513
0.308417946100235
0.30837705731391907
0.3083359897136688
0.30829501152038574
0.30825430154800415
0.30821341276168823
0.30817246437072754
0.30813169479370117
0.3080909550189972
0.30805036425590515
0.3080097734928131
0.3079691529273987
0.30792859196662903
0.3078881502151489
0.307847797870636
0.30780741572380066
0.30776703357696533
0.3077267110347748
0.3076864778995514
0.3076460659503937
0.307606041431427
0.3075658679008484
0.307525634765625
0.30748555064201355
0.3074455261230469
0.3074054419994354
0.307365357875824
0.30732542276382446
0.3072855472564697
0.307245671749115
0.30720585584640503
0.3071660101413727
0.3071262538433075
0.3070864677429199
0.3070467710494995
0.3070071339607239
0.30696746706962585
0.3069278299808502
0.30688831210136414
0.30684876441955566
0.3068092465400696
0.30676981806755066
0.3067304193973541
0.3066909909248352
0.3066515326499939
0.3066123425960541
0.3065730333328247
0.3065337538719177
0.3064945638179779
0.3064553439617157
0.30641618371009827
0.3063771426677704
0.30633801221847534
0.3062989115715027
0.3062599301338196
0.30622097849845886
0.30618196725845337
0.3061430752277374
0.30610421299934387
0.3060653805732727
0.3060264587402344
0.305987685918808
0.30594897270202637
0.30591025948524475
0.3058716356754303
0.3058329224586487
0.30579426884651184
0.3057556450366974
0.3057171404361725
0.3056785464286804
0.30563998222351074
0.3056015074253082
0.3055630028247833
0.3055245876312256
0.30548614263534546
0.3054477870464325
0.3054094910621643
0.30537113547325134
0.30533286929130554
0.30529457330703735
0.30525636672973633
0.3052181303501129
0.3051799535751343
0.3051418364048004
0.3051036596298218
0.3050656020641327
0.30502748489379883
0.3049894869327545
0.3049515187740326
0.3049135208129883
0.30487561225891113
0.3048376739025116
0.3047998249530792
0.30476200580596924
0.3047240972518921
0.3046863377094269
0.30464857816696167
0.3046109974384308
0.30457332730293274
0.3045356869697571
0.3044981062412262
0.3044606149196625
0.304423063993454
0.30438560247421265
0.3043482303619385
0.30431079864501953
0.30427348613739014
0.3042362630367279
0.3041989505290985
0.30416178703308105
0.304124653339386
0.30408746004104614
0.3040502965450287
0.30401331186294556
0.3039761781692505
0.30393919348716736
0.30390214920043945
0.30386513471603394
0.3038281798362732
0.3037912845611572
0.30375438928604126
0.3037174642086029
0.3036807179450989
0.30364397168159485
0.30360710620880127
0.303570419549942
0.30353379249572754
0.3034970760345459
0.3034604787826538
0.30342382192611694
0.30338728427886963
0.3033508062362671
0.3033141791820526
0.30327773094177246
0.3032412827014923
0.30320480465888977
0.30316847562789917
0.30313217639923096
0.30309584736824036
0.30305954813957214
0.3030233085155487
0.3029870390892029
0.302950918674469
0.3029148578643799
0.302878737449646
0.3028426468372345
0.3028066158294678
0.30277055501937866
0.3027345538139343
0.30269867181777954
0.30266273021698
0.3026268780231476
0.3025910258293152
0.3025552034378052
0.30251938104629517
0.3024837076663971
0.30244800448417664
0.30241233110427856
0.30237671732902527
0.3023410141468048
0.3023054003715515
0.302269846200943
0.3022342920303345
0.3021987974643707
0.30216333270072937
0.30212798714637756
0.3020925521850586
0.3020571172237396
0.3020218014717102
0.30198654532432556
0.3019513785839081
0.30191612243652344
0.3018808364868164
0.3018456995487213
0.301810622215271
0.3017755448818207
0.3017404079437256
0.30170536041259766
0.30167028307914734
0.30163514614105225
0.30160021781921387
0.3015652894973755
0.30153030157089233
0.30149537324905396
0.3014605641365051
0.30142563581466675
0.30139076709747314
0.3013560175895691
0.3013211488723755
0.30128639936447144
0.30125170946121216
0.3012169599533081
0.30118227005004883
0.3011474311351776
0.3011127710342407
0.30107808113098145
0.30104339122772217
0.3010087013244629
0.3009740710258484
0.3009394109249115
0.30090487003326416
0.30087029933929443
0.3008356988430023
0.30080127716064453
0.3007667660713196
0.300732284784317
0.3006978929042816
0.30066362023353577
0.300629198551178
0.30059489607810974
0.30056044459342957
0.30052635073661804
0.3004920482635498
0.30045774579048157
0.3004234731197357
0.3003893494606018
0.3003552556037903
0.300321102142334
0.3002870976924896
0.30025288462638855
0.3002188801765442
0.3001849353313446
0.300150990486145
0.30011695623397827
0.30008307099342346
0.30004918575286865
0.30001533031463623
0.2999815046787262
0.299947589635849
0.2999139428138733
0.2998802363872528
0.2998464107513428
0.29981276392936707
0.29977908730506897
0.29974547028541565
0.2997118830680847
0.29967832565307617
0.2996448278427124
0.2996111810207367
0.2995776832103729
0.29954421520233154
0.2995108366012573
0.2994774580001831
0.2994440197944641
0.2994108498096466
0.2993774712085724
0.29934418201446533
0.2993110418319702
0.2992778718471527
0.2992446720600128
0.29921165108680725
0.2991785705089569
0.29914557933807373
0.29911255836486816
0.2990795075893402
0.29904651641845703
0.299013614654541
0.2989807724952698
0.2989479601383209
0.2989150285720825
0.29888221621513367
0.2988494336605072
0.2988166809082031
0.29878392815589905
0.29875123500823975
0.29871857166290283
0.2986859381198883
0.298653244972229
0.2986205816268921
0.2985879182815552
0.298555463552475
0.29852285981178284
0.29849040508270264
0.2984578311443329
0.2984253466129303
0.29839298129081726
0.29836058616638184
0.29832813143730164
0.2982957065105438
0.29826343059539795
0.2982311546802521
0.2981988787651062
0.2981666326522827
0.29813429713249207
0.29810217022895813
0.2980700135231018
0.2980377674102783
0.29800570011138916
0.2979736030101776
0.2979415953159332
0.29790952801704407
0.2978774309158325
0.29784536361694336
0.29781338572502136
0.29778149724006653
0.29774951934814453
0.29771754145622253
0.2976856231689453
0.29765379428863525
0.2976219654083252
0.2975899875164032
0.2975582778453827
0.2975265085697174
0.29749464988708496
0.2974628806114197
0.29743120074272156
0.29739946126937866
0.297367662191391
0.29733601212501526
0.29730427265167236
0.29727256298065186
0.2972409129142761
0.29720935225486755
0.29717761278152466
0.29714593291282654
0.2971143424510956
0.29708266258239746
0.29705116152763367
0.2970196008682251
0.2969881296157837
0.2969566285610199
0.2969251275062561
0.2968936860561371
0.29686230421066284
0.29683077335357666
0.2967994511127472
0.2967681884765625
0.29673677682876587
0.2967054843902588
0.2966741919517517
0.2966429591178894
0.2966117262840271
0.2965804934501648
0.2965494394302368
0.2965182065963745
0.29648709297180176
0.29645606875419617
0.2964249849319458
0.2963939309120178
0.2963629364967346
0.29633191227912903
0.2963009178638458
0.29626983404159546
0.29623886942863464
0.2962079644203186
0.2961769104003906
0.2961461544036865
0.2961151897907257
0.2960842251777649
0.2960534691810608
0.29602259397506714
0.29599180817604065
0.29596108198165894
0.2959301769733429
0.29589948058128357
0.2958686649799347
0.295837938785553
0.29580721259117126
0.2957765758037567
0.2957459092140198
0.29571521282196045
0.2956845164299011
0.29565390944480896
0.295623242855072
0.29559269547462463
0.2955619990825653
0.2955314517021179
0.2955009937286377
0.2954705059528351
0.2954399585723877
0.2954094409942627
0.295379102230072
0.2953486442565918
0.29531827569007874
0.2952878475189209
0.2952575385570526
0.29522716999053955
0.2951968014240265
0.29516658186912537
0.2951362729072571
0.2951059937477112
0.29507577419281006
0.29504555463790894
0.2950153648853302
0.29498526453971863
0.29495513439178467
0.29492494463920593
0.29489487409591675
0.29486480355262756
0.29483476281166077
0.29480481147766113
0.29477477073669434
0.29474472999572754
0.2947148382663727
0.2946850061416626
0.29465505480766296
0.2946251630783081
0.29459527134895325
0.2945653796195984
0.2945355474948883
0.29450568556785583
0.29447588324546814
0.29444608092308044
0.2944163680076599
0.2943866550922394
0.29435694217681885
0.2943272590637207
0.2942975163459778
0.294267863035202
0.2942381799221039
0.29420846700668335
0.2941787838935852
0.2941492199897766
0.29411959648132324
0.29409006237983704
0.29406052827835083
0.29403096437454224
0.2940014600753784
0.2939719557762146
0.29394248127937317
0.2939130365848541
0.2938835024833679
0.2938540577888489
0.29382461309432983
0.29379525780677795
0.2937658131122589
0.29373645782470703
0.2937072217464447
0.2936778962612152
0.2936486303806305
0.29361939430236816
0.2935901880264282
0.29356104135513306
0.2935318052768707
0.2935026288032532
0.29347342252731323
0.2934442460536957
0.2934150993824005
0.2933860421180725
0.2933569550514221
0.29332786798477173
0.2932989299297333
0.2932698428630829
0.2932407557964325
0.29321184754371643
0.29318296909332275
0.29315391182899475
0.2931249737739563
0.2930960953235626
0.29306715726852417
0.29303818941116333
0.2930094003677368
0.2929806709289551
0.2929517328739166
0.2929230332374573
0.29289427399635315
0.29286548495292664
0.29283684492111206
0.2928081750869751
0.29277947545051575
0.29275083541870117
0.2927221655845642
0.29269349575042725
0.29266491532325745
0.29263630509376526
0.29260775446891785
0.29257920384407043
0.2925506830215454
0.2925221920013428
0.2924937605857849
0.29246535897254944
0.292436808347702
0.29240846633911133
0.2923800051212311
0.292351633310318
0.29232338070869446
0.292294979095459
0.29226669669151306
0.2922384440898895
0.2922102212905884
0.2921820282936096
0.2921537756919861
0.29212549328804016
0.2920973300933838
0.2920691668987274
0.2920408546924591
0.2920127213001251
0.2919846475124359
0.2919565439224243
0.29192841053009033
0.2919003963470459
0.29187238216400146
0.29184430837631226
0.2918162941932678
0.2917882204055786
0.2917602062225342
0.29173216223716736
0.2917041778564453
0.29167625308036804
0.2916482090950012
0.29162028431892395
0.29159244894981384
0.2915644943714142
0.2915365397930145
0.2915085554122925
0.29148074984550476
0.29145294427871704
0.29142507910728455
0.2913972735404968
0.29136940836906433
0.2913416028022766
0.2913139760494232
0.2912861406803131
0.2912583649158478
0.29123061895370483
0.29120302200317383
0.29117536544799805
0.2911476790904999
0.29112017154693604
0.29109257459640503
0.2910650074481964
0.2910374104976654
0.29100993275642395
0.2909824252128601
0.2909550368785858
0.290927529335022
0.2909000515937805
0.2908726632595062
0.29084521532058716
0.29081782698631287
0.2907903790473938
0.2907630503177643
0.2907356321811676
0.2907082736492157
0.2906809151172638
0.29065361618995667
0.2906264066696167
0.29059913754463196
0.29057174921035767
0.29054442048072815
0.2905172109603882
0.29048994183540344
0.2904627323150635
0.2904354929924011
0.29040825366973877
0.2903810143470764
0.2903538942337036
0.2903267741203308
0.29029959440231323
0.29027241468429565
0.29024526476860046
0.2902181148529053
0.29019105434417725
0.29016390442848206
0.29013684391975403
0.290109783411026
0.29008275270462036
0.2900557816028595
0.2900288999080658
0.29000189900398254
0.28997495770454407
0.28994807600975037
0.2899211347103119
0.2898942232131958
0.28986743092536926
0.28984054923057556
0.28981366753578186
0.2897869050502777
0.2897600829601288
0.28973326086997986
0.2897064983844757
0.28967976570129395
0.2896530330181122
0.28962624073028564
0.2895995080471039
0.2895727753639221
0.28954610228538513
0.28951939940452576
0.2894926965236664
0.2894660234451294
0.2894393503665924
0.28941264748573303
0.28938597440719604
0.28935936093330383
0.28933262825012207
0.28930604457855225
0.28927943110466003
0.28925275802612305
0.28922611474990845
0.28919950127601624
0.28917285799980164
0.28914645314216614
0.2891198992729187
0.2890932559967041
0.28906679153442383
0.2890402674674988
0.2890138030052185
0.288987398147583
0.2889610230922699
0.2889346182346344
0.28890830278396606
0.28888192772865295
0.28885555267333984
0.2888292670249939
0.28880301117897034
0.288776695728302
0.28875046968460083
0.2887241840362549
0.2886980473995209
0.2886717915534973
0.28864556550979614
0.28861942887306213
0.28859326243400574
0.28856712579727173
0.2885410189628601
0.2885148823261261
0.2884887754917145
0.28846272826194763
0.2884366512298584
0.28841063380241394
0.28838464617729187
0.2883586585521698
0.28833261132240295
0.28830668330192566
0.288280725479126
0.2882547974586487
0.288228839635849
0.28820300102233887
0.28817710280418396
0.28815117478370667
0.2881253659725189
0.28809958696365356
0.2880738079547882
0.2880479693412781
0.2880222201347351
0.2879965901374817
0.2879708707332611
0.28794506192207336
0.28791940212249756
0.2878938615322113
0.2878681421279907
0.2878425717353821
0.2878168523311615
0.28779128193855286
0.2877657115459442
0.2877400517463684
0.28771448135375977
0.28768885135650635
0.2876632809638977
0.28763774037361145
0.2876121997833252
0.2875867187976837
0.2875612676143646
0.28753572702407837
0.2875102460384369
0.2874847948551178
0.2874593138694763
0.28743380308151245
0.2874085009098053
0.28738296031951904
0.28735753893852234
0.2873321771621704
0.28730684518814087
0.2872813940048218
0.287256121635437
0.28723078966140747
0.2872054874897003
0.28718018531799316
0.2871549427509308
0.287129670381546
0.28710442781448364
0.2870793342590332
0.2870541214942932
0.287028968334198
0.2870038151741028
0.28697851300239563
0.2869533896446228
0.2869281768798828
0.28690305352211
0.2868778705596924
0.2868526875972748
0.28682756423950195
0.28680241107940674
0.2867772579193115
0.28675219416618347
0.28672710061073303
0.2867020070552826
0.28667694330215454
0.28665193915367126
0.286626935005188
0.2866019010543823
0.28657692670822144
0.28655189275741577
0.2865269184112549
0.28650206327438354
0.28647705912590027
0.28645220398902893
0.2864273190498352
0.28640246391296387
0.28637751936912537
0.2863526940345764
0.28632795810699463
0.2863030433654785
0.28627824783325195
0.28625351190567017
0.2862287759780884
0.2862039804458618
0.28617918491363525
0.28615447878837585
0.2861297130584717
0.2861049473285675
0.28608033061027527
0.28605562448501587
0.2860308587551117
0.28600621223449707
0.28598156571388245
0.2859569191932678
0.2859322726726532
0.28590768575668335
0.2858830690383911
0.2858583927154541
0.2858339548110962
0.28580936789512634
0.2857847511768341
0.2857603132724762
0.2857359051704407
0.2857113480567932
0.2856868505477905
0.2856624126434326
0.28563788533210754
0.2856135666370392
0.2855890989303589
0.28556475043296814
0.28554031252861023
0.2855159342288971
0.2854915261268616
0.2854672968387604
0.285442978143692
0.2854185700416565
0.28539443016052246
0.2853701114654541
0.28534579277038574
0.28532156348228455
0.28529736399650574
0.2852731943130493
0.28524893522262573
0.2852248251438141
0.28520071506500244
0.2851766049861908
0.28515246510505676
0.2851284146308899
0.2851042151451111
0.2850801348686218
0.28505605459213257
0.2850320041179657
0.2850080132484436
0.2849839925765991
0.284960001707077
0.28493601083755493
0.2849120497703552
0.2848880887031555
0.2848641574382782
0.28484034538269043
0.28481635451316833
0.28479239344596863
0.28476855158805847
0.2847446799278259
0.2847207486629486
0.28469693660736084
0.28467312455177307
0.2846492826938629
0.28462541103363037
0.28460150957107544
0.28457769751548767
0.2845538556575775
0.2845301628112793
0.28450632095336914
0.28448253870010376
0.28445887565612793
0.2844351530075073
0.28441140055656433
0.2843877375125885
0.28436407446861267
0.28434044122695923
0.2843168079853058
0.28429320454597473
0.28426963090896606
0.28424590826034546
0.2842223346233368
0.2841986417770386
0.2841750979423523
0.28415149450302124
0.28412795066833496
0.28410446643829346
0.2840809226036072
0.2840573191642761
0.28403371572494507
0.2840102016925812
0.2839867174625397
0.283963143825531
0.2839396297931671
0.283916175365448
0.2838926911354065
0.2838692367076874
0.2838459014892578
0.2838224470615387
0.28379908204078674
0.28377565741539
0.2837522625923157
0.2837287187576294
0.28370553255081177
0.2836821973323822
0.28365880250930786
0.28363555669784546
0.2836121618747711
0.2835889458656311
0.28356561064720154
0.28354233503341675
0.28351905941963196
0.28349581360816956
0.28347253799438477
0.2834492623806
0.2834259867668152
0.2834027409553528
0.2833794951438904
0.28335630893707275
0.28333309292793274
0.2833099067211151
0.2832866609096527
0.2832634449005127
0.2832402288913727
0.28321710228919983
0.2831939160823822
0.28317078948020935
0.2831476926803589
0.28312453627586365
0.283101350069046
0.28307825326919556
0.28305521607398987
0.2830321192741394
0.28300905227661133
0.28298598527908325
0.28296294808387756
0.28294000029563904
0.28291696310043335
0.2828940749168396
0.28287094831466675
0.28284794092178345
0.28282496333122253
0.2828020751476288
0.28277912735939026
0.2827560603618622
0.2827330529689789
0.2827101945877075
0.282687246799469
0.2826642394065857
0.28264138102531433
0.2826184332370758
0.28259557485580444
0.28257274627685547
0.2825499475002289
0.2825270891189575
0.28250420093536377
0.28248143196105957
0.2824585735797882
0.2824358344078064
0.28241297602653503
0.2823902666568756
0.2823675274848938
0.2823447287082672
0.2823220193386078
0.2822992503643036
0.282276451587677
0.28225380182266235
0.28223106265068054
0.28220826387405396
0.2821856141090393
0.2821629047393799
0.28214022517204285
0.2821175754070282
0.2820947468280792
0.2820722162723541
0.28204959630966187
0.28202688694000244
0.2820042073726654
0.281981498003006
0.28195884823799133
0.28193628787994385
0.28191354870796204
0.2818908989429474
0.28186842799186707
0.28184571862220764
0.281823068857193
0.2818004786968231
0.28177791833877563
0.28175535798072815
0.2817327678203583
0.2817102074623108
0.2816876173019409
0.2816651165485382
0.28164249658584595
0.2816198468208313
0.2815973460674286
0.28157490491867065
0.281552255153656
0.2815297544002533
0.2815072238445282
0.2814847528934479
0.281462162733078
0.28143957257270813
0.2814171314239502
0.2813946604728699
0.2813720703125
0.28134962916374207
0.28132715821266174
0.2813047170639038
0.28128230571746826
0.28125977516174316
0.2812374234199524
0.281215101480484
0.28119269013404846
0.2811703085899353
0.28114795684814453
0.28112560510635376
0.281103253364563
0.281080961227417
0.281058669090271
0.28103628754615784
0.2810141146183014
0.2809917628765106
0.2809695601463318
0.28094735741615295
0.2809251844882965
0.2809029817581177
0.2808806896209717
0.2808585464954376
0.28083646297454834
0.2808142602443695
0.2807921767234802
0.28077006340026855
0.2807479500770569
0.28072595596313477
0.28070390224456787
0.2806818187236786
0.28065982460975647
0.2806377708911896
0.28061577677726746
0.2805938422679901
0.280571848154068
0.2805497944355011
0.28052785992622375
0.280505895614624
0.2804839015007019
0.2804619371891022
0.28044000267982483
0.28041818737983704
0.28039616346359253
0.280374139547348
0.2803521752357483
0.2803303003311157
0.28030842542648315
0.2802865505218506
0.2802647352218628
0.28024280071258545
0.2802208662033081
0.2801990211009979
0.28017711639404297
0.28015536069869995
0.28013357520103455
0.28011175990104675
0.28008997440338135
0.2800680994987488
0.28004634380340576
0.28002455830574036
0.28000274300575256
0.2799810469150543
0.27995923161506653
0.2799375653266907
0.27991577982902527
0.2798941135406494
0.27987247705459595
0.27985087037086487
0.27982914447784424
0.2798074185848236
0.2797858715057373
0.27976423501968384
0.2797425389289856
0.2797209322452545
0.2796991765499115
0.2796775698661804
0.27965599298477173
0.2796342968940735
0.2796126902103424
0.27959108352661133
0.2795695960521698
0.2795479893684387
0.27952638268470764
0.2795048952102661
0.2794834077358246
0.2794618606567383
0.27944037318229675
0.2794188857078552
0.2793973684310913
0.27937591075897217
0.2793545126914978
0.27933308482170105
0.2793116569519043
0.27929025888442993
0.2792688012123108
0.27924737334251404
0.27922600507736206
0.2792045474052429
0.27918320894241333
0.27916187047958374
0.2791404724121094
0.27911901473999023
0.27909770607948303
0.27907633781433105
0.27905502915382385
0.2790336012840271
0.2790123522281647
0.27899107336997986
0.27896979451179504
0.27894851565361023
0.278927206993103
0.2789060175418854
0.2788846790790558
0.27886345982551575
0.2788422107696533
0.27882102131843567
0.278799831867218
0.27877864241600037
0.27875736355781555
0.2787362039089203
0.278715044260025
0.2786940038204193
0.27867281436920166
0.27865174412727356
0.2786306142807007
0.2786095440387726
0.27858832478523254
0.278567373752594
0.2785463333129883
0.2785252630710602
0.27850431203842163
0.27848342061042786
0.27846240997314453
0.2784416377544403
0.27842065691947937
0.2784000337123871
0.27837926149368286
0.2783587574958801
0.27833792567253113
0.27831777930259705
0.2782971262931824
0.2782772183418274
0.2782565653324127
0.27823659777641296
0.2782158851623535
0.2781957983970642
0.2781747579574585
0.278154581785202
0.27813321352005005
0.27811282873153687
0.2780913710594177
0.27807074785232544
0.27804940938949585
0.2780288755893707
0.2780076265335083
0.2779872715473175
0.2779662609100342
0.27794599533081055
0.2779250741004944
0.27790504693984985
0.2778843343257904
0.2778644561767578
0.2778438925743103
0.2778242826461792
0.2778037488460541
0.27778419852256775
0.2777635455131531
0.277743935585022
0.2777232527732849
0.2777036428451538
0.2776826024055481
0.2776627242565155
0.2776414155960083
0.277621328830719
0.27759993076324463
0.27757978439331055
0.2775585651397705
0.2775385081768036
0.27751749753952026
0.2774975597858429
0.27747678756713867
0.27745750546455383
0.27743715047836304
0.2774181663990021
0.2773982882499695
0.2773798704147339
0.2773601710796356
0.2773417830467224
0.27732181549072266
0.27730289101600647
0.2772819399833679
0.27726200222969055
0.27724000811576843
0.2772192656993866
0.2771969437599182
0.27717623114585876
0.27715423703193665
0.2771337628364563
