# lbfgs, lr=0.8, alpha = 1000000, beta = 0.1
# best_iter: 99, best_loss = 0.10276158899068832, imsave period = 10
5.795544147491455
0.6817907094955444
0.32429051399230957
0.22417692840099335
0.18206556141376495
0.1605258584022522
0.14684876799583435
0.138105571269989
0.1318480670452118
0.12760843336582184
0.1242649257183075
0.1217183768749237
0.11963383853435516
0.11789277195930481
0.11644365638494492
0.11516022682189941
0.11403292417526245
0.11307217180728912
0.11221999675035477
0.11146790534257889
0.11079547554254532
0.11019601672887802
0.10965615510940552
0.10916493088006973
0.10872311890125275
0.10832932591438293
0.10796942561864853
0.10764012485742569
0.10734167695045471
0.10707226395606995
0.10681911557912827
0.10658729821443558
0.10637769103050232
0.10618932545185089
0.10601510852575302
0.10585590451955795
0.10570892691612244
0.1055721864104271
0.10544458031654358
0.10532477498054504
0.10521065443754196
0.1051042452454567
0.10500301420688629
0.10490831732749939
0.10481729358434677
0.10473261028528214
0.10465100407600403
0.10457396507263184
0.10450061410665512
0.1044316217303276
0.10436639189720154
0.10430315136909485
0.10424268990755081
0.10418490320444107
0.10412959009408951
0.10407529026269913
0.10402436554431915
0.10397452861070633
0.10392723232507706
0.10388079285621643
0.10383683443069458
0.10379192233085632
0.10375003516674042
0.10370855033397675
0.10366878658533096
0.10362958908081055
0.10359165817499161
0.10355434566736221
0.10351815819740295
0.10348355025053024
0.10345054417848587
0.10341747850179672
0.10338624566793442
0.10335611552000046
0.10332633554935455
0.10329785943031311
0.10326948761940002
0.10324157774448395
0.1032140776515007
0.10318763554096222
0.10316137969493866
0.10313639044761658
0.10311166942119598
0.10308718681335449
0.10306401550769806
0.10304105281829834
0.10301893204450607
0.1029965877532959
0.10297476500272751
0.10295367240905762
0.10293343663215637
0.10291210561990738
0.10289251804351807
0.10287287086248398
0.10285338759422302
0.10283400118350983
0.10281513631343842
0.10279697179794312
0.10277929157018661
0.10276158899068832
