# lbfgs, lr=0.8, alpha = 1000000, beta = 0.1
# best_iter: 99, best_loss = 0.37070637941360474, imsave period = 10
27.28870391845703
3.125290870666504
1.4326390027999878
1.0200450420379639
0.8192182779312134
0.7141696214675903
0.6456794738769531
0.5999194383621216
0.5671822428703308
0.5415520668029785
0.5226527452468872
0.5076690912246704
0.4947417974472046
0.48431289196014404
0.47398805618286133
0.46597862243652344
0.4593461751937866
0.4528804123401642
0.4474027752876282
0.4419802129268646
0.43775373697280884
0.4332525134086609
0.42976486682891846
0.4264281392097473
0.4234198331832886
0.42065542936325073
0.41804224252700806
0.41565433144569397
0.41372016072273254
0.41196882724761963
0.41014111042022705
0.40856707096099854
0.4070054888725281
0.4056341052055359
0.40432894229888916
0.40320780873298645
0.4020337760448456
0.4010402262210846
0.40054991841316223
0.3988824784755707
0.3981384336948395
0.39721253514289856
0.3967280685901642
0.3953588604927063
0.39502209424972534
0.39426347613334656
0.3933221995830536
0.39233893156051636
0.39166244864463806
0.39111196994781494
0.3906475305557251
0.38959822058677673
0.3912947177886963
0.38843196630477905
0.38797834515571594
0.389067679643631
0.3867640495300293
0.38680827617645264
0.38654106855392456
0.38502728939056396
0.38607028126716614
0.38418397307395935
0.38413554430007935
0.3848271071910858
0.3828212320804596
0.3821752369403839
0.38192281126976013
0.3817733824253082
0.38921427726745605
0.38226568698883057
0.38053470849990845
0.37964943051338196
0.38139694929122925
0.37929919362068176
0.37950631976127625
0.378866046667099
0.37855738401412964
0.3829886317253113
0.3790035843849182
0.3774772882461548
0.37703168392181396
0.9467811584472656
0.6323077082633972
0.4490872323513031
0.4142235815525055
0.3997066617012024
0.3917524218559265
0.3867262601852417
0.3832988440990448
0.3808082640171051
0.37885889410972595
0.3771125078201294
0.37590035796165466
0.37482133507728577
0.3738901913166046
0.37308239936828613
0.3723859488964081
0.371738463640213
0.371214359998703
0.37070637941360474
