# lbfgs, lr=0.8, alpha = 1000000, beta = 0.1
# best_iter: 60, best_loss = 0.0513603612780571, imsave period = 10
8.805541038513184
0.9633928537368774
0.530282735824585
0.3130060136318207
0.20151707530021667
0.13120035827159882
0.10412595421075821
0.09266531467437744
0.08466094732284546
0.07886192947626114
0.0749000832438469
0.0713549256324768
0.06880299746990204
0.0666876807808876
0.06489114463329315
0.06340128183364868
0.062113113701343536
0.06113766133785248
0.060270994901657104
0.05932062864303589
0.05856379121541977
0.05790137127041817
0.05732687935233116
0.056756485253572464
0.056302525103092194
0.055838052183389664
0.05537736788392067
0.05500970780849457
0.054704636335372925
0.05438292771577835
0.05416916683316231
0.053871072828769684
0.05364388972520828
0.053426750004291534
0.05319204926490784
0.05303347110748291
0.052851222455501556
0.05267597362399101
0.0525488443672657
0.052421629428863525
0.05233873054385185
0.05224036052823067
0.052260495722293854
0.05208246037364006
0.052104875445365906
0.052072469145059586
0.05189535766839981
0.052269045263528824
0.05174555256962776
0.05167831853032112
0.05179170146584511
0.11364953219890594
0.06067230552434921
0.05676058307290077
0.054745152592659
0.053547799587249756
0.05274486914277077
0.05221688002347946
0.051856234669685364
0.05153588950634003
0.0513603612780571
0.05177420377731323
0.05153847858309746
0.05219938978552818
0.05253889784216881
0.05186965689063072
0.052871741354465485
0.05184866860508919
0.051678117364645004
0.05215546488761902
0.0516781285405159
0.09976716339588165
0.056841108947992325
0.05389335751533508
0.05308014526963234
0.06976132839918137
0.05476877838373184
0.05339629575610161
0.0534537136554718
0.05320560932159424
0.05470465123653412
0.05303312465548515
0.05293457955121994
0.08398792147636414
0.055758699774742126
0.053905732929706573
0.05351129546761513
0.05384611338376999
0.10178043693304062
0.0540129728615284
0.06502387672662735
0.057770855724811554
0.05419179052114487
0.05368046462535858
0.06375141441822052
0.05375009775161743
0.20618638396263123
0.05709373950958252
0.05449337512254715
0.054232873022556305
