# adam, lr=0.01, alpha = 1000000, beta = 0.1
# best_iter: 2101, best_loss = 0.035354986786842346, imsave period = 300
1.2411309480667114
0.9270121455192566
0.7137159705162048
0.6497797966003418
0.6036026477813721
0.5787140727043152
0.5551233291625977
0.5295140743255615
0.5053048729896545
0.4840162694454193
0.4645371735095978
0.4462614953517914
0.4289572834968567
0.4127258360385895
0.39755257964134216
0.3833814561367035
0.3702174723148346
0.35798346996307373
0.34656140208244324
0.3358805477619171
0.3258371949195862
0.3164011538028717
0.3075690269470215
0.2992820739746094
0.29145893454551697
0.284057080745697
0.27703437209129333
0.2703671455383301
0.2640353739261627
0.25799816846847534
0.2522392272949219
0.24674062430858612
0.24148325622081757
0.23643052577972412
0.2315828800201416
0.22693540155887604
0.22246897220611572
0.21817122399806976
0.21403150260448456
0.21004527807235718
0.2062050700187683
0.20250898599624634
0.198947936296463
0.19551196694374084
0.1921987235546112
0.18900445103645325
0.18591858446598053
0.1829325258731842
0.18004535138607025
0.17725348472595215
0.17455023527145386
0.17193402349948883
0.16939905285835266
0.16694065928459167
0.16455510258674622
0.16223910450935364
0.15998725593090057
0.15779827535152435
0.15566842257976532
0.15359452366828918
0.15157455205917358
0.1496071070432663
0.14768803119659424
0.14581501483917236
0.1439855545759201
0.1421986222267151
0.14045293629169464
0.1387474238872528
0.13708031177520752
0.13545042276382446
0.13385535776615143
0.13229316473007202
0.13076399266719818
0.12926670908927917
0.12779898941516876
0.12636131048202515
0.1249527782201767
0.12357161939144135
0.12221696972846985
0.12088842689990997
0.1195845901966095
0.11830538511276245
0.11704953014850616
0.11581730842590332
0.11460673809051514
0.11341767013072968
0.11224999278783798
0.11110232770442963
0.10997496545314789
0.10886678099632263
0.10777748376131058
0.10670603811740875
0.10565228760242462
0.1046164482831955
0.10359750688076019
0.10259531438350677
0.10160963237285614
0.1006394773721695
0.09968498349189758
0.09874576330184937
0.09782093018293381
0.09691102057695389
0.09601594507694244
0.09513528645038605
0.09426817297935486
0.09341566264629364
0.09257622063159943
0.09175139665603638
0.09094023704528809
0.09014831483364105
0.08937498927116394
0.08863302320241928
0.08791939914226532
0.08723773062229156
0.08654910326004028
0.08580968528985977
0.08500518649816513
0.08422734588384628
0.08353498578071594
0.08290628343820572
0.08228835463523865
0.08163751661777496
0.08095359802246094
0.08024735003709793
0.07958438992500305
0.07896913588047028
0.07838854938745499
0.07783564925193787
0.0772913321852684
0.07674513012170792
0.07616644352674484
0.07555200159549713
0.0749262273311615
0.0743538960814476
0.07383275032043457
0.07334322482347488
0.07287909835577011
0.07241688668727875
0.07193944603204727
0.07141628861427307
0.07086490094661713
0.0703234151005745
0.06984221935272217
0.06940852105617523
0.06900346279144287
0.06862784177064896
0.06826692819595337
0.06788146495819092
0.0674264132976532
0.06689603626728058
0.06639333069324493
0.06600193679332733
0.06568162888288498
0.0653686672449112
0.06502260267734528
0.0646166279911995
0.0641649067401886
0.06372220814228058
0.06335873156785965
0.0630522146821022
0.06277173012495041
0.06251192837953568
0.062248848378658295
0.061923280358314514
0.06151825562119484
0.061087943613529205
0.06072768568992615
0.06046569347381592
0.06024597957730293
0.06002630293369293
0.05976870656013489
0.05944599211215973
0.05906938016414642
0.05870385095477104
0.05842292681336403
0.058208122849464417
0.05802362412214279
0.05785313993692398
0.05767226964235306
0.05740129202604294
0.05703439190983772
0.05666714161634445
0.05641410872340202
0.05625557899475098
0.0561087504029274
0.05593215674161911
0.0556824654340744
0.05536259338259697
0.05504986643791199
0.05480648949742317
0.05463308468461037
0.05449826270341873
0.054400354623794556
0.054320622235536575
0.05420514941215515
0.053917981684207916
0.0535220168530941
0.05321598798036575
0.053099364042282104
0.053046341985464096
0.05291157215833664
0.05265987664461136
0.052335772663354874
0.052086926996707916
0.05195032060146332
0.05185438320040703
0.05177488923072815
0.05167393386363983
0.05149982124567032
0.051222074776887894
0.05092949420213699
0.0507424995303154
0.05062737315893173
0.05054192617535591
0.05048833414912224
0.05043818801641464
0.05027478560805321
0.05002589896321297
0.04974577575922012
0.04953480884432793
0.049415282905101776
0.0493558868765831
0.049326203763484955
0.04923456534743309
0.04905439913272858
0.048829104751348495
0.048612989485263824
0.048416636884212494
0.04828295484185219
0.04823073744773865
0.048214368522167206
0.0482356958091259
0.04825913906097412
0.048279501497745514
0.047968603670597076
0.04751085117459297
0.04736708477139473
0.0474424883723259
0.04741405323147774
0.0472697913646698
0.047093018889427185
0.0468478687107563
0.046658486127853394
0.046627819538116455
0.046627167612314224
0.046586617827415466
0.04656578600406647
0.04656996577978134
0.04636021703481674
0.045997388660907745
0.04584534838795662
0.04582233354449272
0.04574097320437431
0.045716624706983566
0.045779213309288025
0.04573391005396843
0.04559684172272682
0.045407503843307495
0.04523274302482605
0.0450071319937706
0.04489503800868988
0.04491931572556496
0.04488462954759598
0.044838517904281616
0.044843822717666626
0.04482318088412285
0.04462825134396553
0.04442401975393295
0.04427246376872063
0.044134385883808136
0.04405580461025238
0.04405524209141731
0.04406338930130005
0.04409036040306091
0.04420869052410126
0.044239334762096405
0.04412086680531502
0.043790847063064575
0.04357273504137993
0.04348515346646309
0.04350099712610245
0.04359209164977074
0.04353110492229462
0.043357424437999725
0.043221235275268555
0.04307933151721954
0.042922306805849075
0.0428968146443367
0.04292088747024536
0.04291338101029396
0.043031759560108185
0.043295398354530334
0.043677106499671936
0.04353545606136322
0.04311060160398483
0.04266224801540375
0.042730532586574554
0.04287612810730934
0.04278166592121124
0.04258827865123749
0.0423184335231781
0.042308591306209564
0.04237952083349228
0.04229380190372467
0.04226581007242203
0.04217277467250824
0.04196327179670334
0.04188195988535881
0.041809022426605225
0.041686709970235825
0.04161473363637924
0.04154665023088455
0.04147109016776085
0.04141285642981529
0.04133249819278717
0.04127945005893707
0.0413019135594368
0.04158097878098488
0.04291529580950737
0.04587912932038307
0.05014240741729736
0.046297214925289154
0.043107133358716965
0.04464339464902878
0.04475779086351395
0.044313836842775345
0.044835589826107025
0.044732268899679184
0.04520357400178909
0.04486069083213806
0.04550712928175926
0.04531317204236984
0.0448303185403347
0.043648216873407364
0.043792203068733215
0.04327203705906868
0.04301003739237785
0.04287102445960045
0.04263149946928024
0.042537935078144073
0.04243217781186104
0.04270046949386597
0.04355142265558243
0.04483095183968544
0.045104846358299255
0.04390358179807663
0.04223334789276123
0.04255378618836403
0.04263801872730255
0.042409028857946396
0.0424998477101326
0.04206201434135437
0.04198088124394417
0.04162986949086189
0.04150780662894249
0.0413963720202446
0.04120117425918579
0.04106190800666809
0.04091117903590202
0.04077509045600891
0.040669288486242294
0.04054991900920868
0.04046189412474632
0.04051743075251579
0.040851663798093796
0.041819505393505096
0.043608106672763824
0.04337523505091667
0.041296716779470444
0.040630340576171875
0.041820235550403595
0.041879426687955856
0.04116623103618622
0.04099053889513016
0.04116247594356537
0.04086441546678543
0.040696583688259125
0.040628474205732346
0.04043196141719818
0.04029395803809166
0.040200021117925644
0.04011385515332222
0.040005095303058624
0.03991415351629257
0.03989533334970474
0.039878226816654205
0.03996696323156357
0.04001946747303009
0.04001892730593681
0.039854131639003754
0.039550114423036575
0.03936706855893135
0.03937175124883652
0.03938700258731842
0.03938135504722595
0.03931728005409241
0.0392305813729763
0.03912412002682686
0.038994841277599335
0.03895273804664612
0.038916632533073425
0.03885900601744652
0.03883123770356178
0.03884129226207733
0.03892805427312851
0.03912212699651718
0.039393022656440735
0.03969646990299225
0.03938126564025879
0.03881396725773811
0.03871496021747589
0.03900250419974327
0.03903580084443092
0.03879598528146744
0.03862781822681427
0.03866429254412651
0.038748323917388916
0.03866289183497429
0.038493793457746506
0.03844078257679939
0.038458991795778275
0.03846524655818939
0.03845120966434479
0.0384027473628521
0.03834398835897446
0.038271885365247726
0.038207463920116425
0.038194358348846436
0.03816138952970505
0.03812168538570404
0.03815232962369919
0.038235485553741455
0.03840433806180954
0.03881783410906792
0.03926711902022362
0.039517924189567566
0.03864702209830284
0.03826609253883362
0.03866204619407654
0.03866655379533768
0.038395512849092484
0.03826845809817314
0.03833981230854988
0.03836647421121597
0.03825899958610535
0.03812931478023529
0.038093771785497665
0.03815006464719772
0.038120824843645096
0.03800523281097412
0.03799669072031975
0.03798988461494446
0.03790464252233505
0.037898242473602295
0.037881553173065186
0.03779494762420654
0.03777318820357323
0.03779066354036331
0.03777068108320236
0.03783057630062103
0.03808225691318512
0.03862354904413223
0.03974093496799469
0.04004080966114998
0.03920745477080345
0.03810896724462509
0.03884056583046913
0.03946663811802864
0.03868228197097778
0.03845217823982239
0.03871065750718117
0.038577478379011154
0.038466207683086395
0.03837652504444122
0.038208335638046265
0.03822234272956848
0.038224902004003525
0.038142312318086624
0.03814443573355675
0.038236070424318314
0.03826150670647621
0.03823985904455185
0.03826741874217987
0.038174912333488464
0.03797152638435364
0.03787277266383171
0.03781763091683388
0.037766195833683014
0.03779677674174309
0.03786742314696312
0.03792222961783409
0.038025762885808945
0.03820408880710602
0.03817170858383179
0.03790101036429405
0.03765418753027916
0.03762567788362503
0.03771749138832092
0.037848081439733505
0.03789200261235237
0.03774116933345795
0.03762073814868927
0.03761430084705353
0.037556242197752
0.03749798983335495
0.03754380717873573
0.03762277588248253
0.03763710707426071
0.037620846182107925
0.03755174204707146
0.037502728402614594
0.037479620426893234
0.03741015866398811
0.03734593838453293
0.037294961512088776
0.037270545959472656
0.037337638437747955
0.037435781210660934
0.037540167570114136
0.03791787102818489
0.038472339510917664
0.03892182931303978
0.03812480345368385
0.03753891587257385
0.03775162622332573
0.03793305158615112
0.03784596174955368
0.03774050250649452
0.037745531648397446
0.037720005959272385
0.03758959844708443
0.037496745586395264
0.03746102750301361
0.03749154880642891
0.03743724524974823
0.037324208766222
0.0373852401971817
0.03755100071430206
0.03776317834854126
0.03845212608575821
0.0400271862745285
0.04057415574789047
0.03985774889588356
0.03820699080824852
0.038812026381492615
0.03965507075190544
0.038808710873126984
0.03904750198125839
0.039643630385398865
0.03876141458749771
0.03920174390077591
0.03956396132707596
0.03953015059232712
0.03992479667067528
0.040753114968538284
0.041155148297548294
0.04313485324382782
0.04206530749797821
0.04717933386564255
0.045406945049762726
0.06038534641265869
0.05895403027534485
0.08707289397716522
0.10313098132610321
0.15946045517921448
0.1875866949558258
0.23669101297855377
0.2561649680137634
0.2765744924545288
0.27749189734458923
0.2734166979789734
0.25372734665870667
0.23601165413856506
0.21630685031414032
0.2029050588607788
0.18898837268352509
0.18328948318958282
0.17676711082458496
0.16463807225227356
0.1454620659351349
0.13824382424354553
0.12683437764644623
0.1188044548034668
0.11049159616231918
0.10377416014671326
0.09800952672958374
0.09247268736362457
0.08804123848676682
0.08423234522342682
0.08489213138818741
0.09542533755302429
0.10069279372692108
0.09041041135787964
0.08340919017791748
0.08538561314344406
0.08416064083576202
0.0795261412858963
0.07581031322479248
0.07429300993680954
0.07300501316785812
0.06962147355079651
0.06744377315044403
0.0652683898806572
0.06362045556306839
0.06216367706656456
0.06062933802604675
0.05950304865837097
0.05839123576879501
0.0579540990293026
0.05777980387210846
0.05803012102842331
0.05768565833568573
0.055312540382146835
0.053317826241254807
0.053265281021595
0.0531068816781044
0.05207269638776779
0.05119446665048599
0.0507219098508358
0.05048733204603195
0.05010867863893509
0.04935251176357269
0.04882832616567612
0.048460859805345535
0.0481315478682518
0.04793902486562729
0.04772667586803436
0.04744890332221985
0.0471140593290329
0.046741630882024765
0.0463234968483448
0.046038806438446045
0.04581977054476738
0.0456332303583622
0.045519158244132996
0.04543815553188324
0.045379310846328735
0.04534778743982315
0.04514565318822861
0.04479016363620758
0.04440592601895332
0.04421542212367058
0.04419264197349548
0.044178519397974014
0.044083818793296814
0.043849002569913864
0.04358363151550293
0.04342447966337204
0.043364010751247406
0.04333329573273659
0.043297179043293
0.043227121233940125
0.043081726878881454
0.04289545863866806
0.04272811859846115
0.04260917380452156
0.042542699724435806
0.04251975938677788
0.042519666254520416
0.042520761489868164
0.04252653568983078
0.042432498186826706
0.04225647822022438
0.0420374870300293
0.04192604869604111
0.04192909970879555
0.041955918073654175
0.04196004569530487
0.04188357666134834
0.04173680767416954
0.041572604328393936
0.041486915200948715
0.04147471860051155
0.0414821058511734
0.04149796813726425
0.04148123413324356
0.04141531139612198
0.04127482324838638
0.04113951325416565
0.04106837511062622
0.041047099977731705
0.04105428606271744
0.041080813854932785
0.04111257568001747
0.04107071831822395
0.04097522050142288
0.04083113744854927
0.04072093963623047
0.04068686068058014
0.040708623826503754
0.040747612714767456
0.040744632482528687
0.04069329425692558
0.04058382660150528
0.040473341941833496
0.04040076211094856
0.04038555920124054
0.04041415825486183
0.04044947773218155
0.040477607399225235
0.04045439511537552
0.040390029549598694
0.04025273770093918
0.04013170674443245
0.04011150822043419
0.04015000909566879
0.040183134377002716
0.040179528295993805
0.04015292972326279
0.040069010108709335
0.03995440900325775
0.03987628594040871
0.039873234927654266
0.03989909589290619
0.03991786018013954
0.03995952010154724
0.039998143911361694
0.03998778760433197
0.039851266890764236
0.03971274569630623
0.03966870903968811
0.039673976600170135
0.03968329727649689
0.03971254080533981
0.03975130617618561
0.03969919681549072
0.03959175571799278
0.03950834646821022
0.03947719186544418
0.03944515436887741
0.03943001478910446
0.03947211429476738
0.03952690586447716
0.03957163542509079
0.039595961570739746
0.03962881118059158
0.03949706628918648
0.039303310215473175
0.03924469277262688
0.039322808384895325
0.039366886019706726
0.03934771567583084
0.03933444991707802
0.03925563767552376
0.039126649498939514
0.03909207135438919
0.03913409262895584
0.039142075926065445
0.0391472764313221
0.039218463003635406
0.03927084058523178
0.039254263043403625
0.039137814193964005
0.03905773162841797
0.038981933146715164
0.03892090916633606
0.03896065801382065
0.039026785641908646
0.03902866318821907
0.03898517042398453
0.038956817239522934
0.03888627886772156
0.03878585994243622
0.03874830901622772
0.03877557814121246
0.03878665715456009
0.038800377398729324
0.03890368714928627
0.03904677927494049
0.03917762637138367
0.03912428766489029
0.03902251273393631
0.03878837078809738
0.03867326304316521
0.038799796253442764
0.03889387845993042
0.03878883272409439
0.03861284255981445
0.03859960660338402
0.03863023221492767
0.03861308470368385
0.03863922134041786
0.038630008697509766
0.0385197177529335
0.038444533944129944
0.038452908396720886
0.03843184933066368
0.038390323519706726
0.03840840980410576
0.03847133368253708
0.038569070398807526
0.03875265270471573
0.03915967047214508
0.03931552544236183
0.039123259484767914
0.03851970285177231
0.03853512555360794
0.03881441056728363
0.03869355469942093
0.03856371343135834
0.03848568722605705
0.038456425070762634
0.03854074701666832
0.03847457095980644
0.038294658064842224
0.03827717900276184
0.03834905847907066
0.038317009806632996
0.03828303888440132
0.038304831832647324
0.03823945298790932
0.03813550993800163
0.03813114017248154
0.03812010586261749
0.03805743157863617
0.03803985193371773
0.038056813180446625
0.038053225725889206
0.03807586431503296
0.03822041675448418
0.03859996423125267
0.03905000537633896
0.03965408354997635
0.03913259133696556
0.038353074342012405
0.03832234814763069
0.038846202194690704
0.03870715945959091
0.03815785422921181
0.0384012833237648
0.03865926340222359
0.038233548402786255
0.038123272359371185
0.038352176547050476
0.038216229528188705
0.0380442813038826
0.0380818136036396
0.0380760133266449
0.03801701217889786
0.0380089245736599
0.037956602871418
0.03786778077483177
0.03786931931972504
0.037907473742961884
0.037877462804317474
0.03782650828361511
0.03783087804913521
0.03784218430519104
0.037795230746269226
0.03776099160313606
0.03778088092803955
0.037784188985824585
0.03774796798825264
0.03773587942123413
0.0377589575946331
0.03775705769658089
0.03770238161087036
0.037669673562049866
0.03766332194209099
0.037628985941410065
0.03757496550679207
0.037548210471868515
0.03755372762680054
0.037539247423410416
0.03750477358698845
0.03748955577611923
0.03749468922615051
0.037506524473428726
0.03756142780184746
0.03778301924467087
0.03836718201637268
0.039795245975255966
0.04028388857841492
0.03981457278132439
0.03808178752660751
0.03903522714972496
0.03971284627914429
0.03824187070131302
0.03886926919221878
0.0392586886882782
0.038199227303266525
0.03887138515710831
0.03875383734703064
0.03816761448979378
0.03874070942401886
0.03823189064860344
0.03820862993597984
0.03842637315392494
0.03789496421813965
0.03815031796693802
0.03801177442073822
0.037815310060977936
0.03800010308623314
0.03774901479482651
0.03776216506958008
0.03775997459888458
0.03760705143213272
0.03764684498310089
0.037613771855831146
0.03754940256476402
0.037588976323604584
0.03760608285665512
0.03765860199928284
0.037821754813194275
0.03802065551280975
0.0379534550011158
0.03773915022611618
0.03745833411812782
0.03743666037917137
0.03760373964905739
0.037597134709358215
0.03742070496082306
0.03732047975063324
0.03737873584032059
0.03740131855010986
0.03738373890519142
0.03736107796430588
0.03725612163543701
0.0371922105550766
0.03721567243337631
0.03722753748297691
0.0372280515730381
0.03724062815308571
0.03726373240351677
0.03724232316017151
0.03718157112598419
0.03713897615671158
0.03710968792438507
0.03706458956003189
0.037035807967185974
0.03704165667295456
0.0370558500289917
0.03707774728536606
0.037152960896492004
0.03733830899000168
0.0375620499253273
0.03780394420027733
0.0376032330095768
0.03724680468440056
0.0371006578207016
0.03729064390063286
0.03743560612201691
0.03726352006196976
0.03706052899360657
0.03709845244884491
0.037230491638183594
0.037189893424510956
0.037022534757852554
0.03698395937681198
0.037047673016786575
0.037068113684654236
0.03704387694597244
0.0369766503572464
0.03692174330353737
0.03690754622220993
0.03690499812364578
0.036930736154317856
0.03697415441274643
0.036994289606809616
0.03698401153087616
0.036984559148550034
0.03694826364517212
0.03686986863613129
0.03680355101823807
0.03680068254470825
0.036830250173807144
0.0368531160056591
0.03688901662826538
0.036950863897800446
0.037044707685709
0.03707541152834892
0.03701724112033844
0.036857929080724716
0.03679361194372177
0.03682120889425278
0.036825425922870636
0.036846697330474854
0.0369073823094368
0.03693697229027748
0.03685832396149635
0.036769069731235504
0.03675565496087074
0.03675592690706253
0.036720264703035355
0.036701153963804245
0.03674349933862686
0.0368085540831089
0.036895301192998886
0.037074048072099686
0.037435028702020645
0.037572067230939865
0.03749364614486694
0.03694245219230652
0.03685694560408592
0.03714223951101303
0.0370912179350853
0.03701267018914223
0.03699932247400284
0.03686428442597389
0.036819469183683395
0.03692282736301422
0.03689952194690704
0.03679327294230461
0.03679397702217102
0.03679326921701431
0.0367174968123436
0.03667617589235306
0.03667500242590904
0.03666204586625099
0.03663603216409683
0.03662671521306038
0.03664242476224899
0.036708369851112366
0.036922238767147064
0.037437234073877335
0.038674116134643555
0.03925289586186409
0.03896839916706085
0.03733479976654053
0.03763138875365257
0.038504354655742645
0.037822186946868896
0.03734997287392616
0.03761640936136246
0.037710364907979965
0.037458259612321854
0.03726702928543091
0.037335071712732315
0.03732357546687126
0.03728572279214859
0.03724568709731102
0.03711070865392685
0.03702062740921974
0.036950960755348206
0.03695130720734596
0.03697173297405243
0.03691968321800232
0.03698207065463066
0.037129588425159454
0.0372743122279644
0.03728137165307999
0.037229329347610474
0.03696643188595772
0.03678031265735626
0.03678104281425476
0.036889106035232544
0.03696522116661072
0.03685280308127403
0.03670022636651993
0.03664721921086311
0.036688484251499176
0.0367114283144474
0.03665574640035629
0.03666709363460541
0.03670039772987366
0.03663600608706474
0.03656354919075966
0.036535244435071945
0.036508530378341675
0.03647081181406975
0.036438241600990295
0.03642939776182175
0.03643240034580231
0.03641398996114731
0.03639064356684685
0.03640301153063774
0.036512814462184906
0.036880213767290115
0.03788714110851288
0.03903902694582939
0.040465712547302246
0.03809197619557381
0.037149086594581604
0.03849801421165466
0.03779371455311775
0.03712596744298935
0.03760639950633049
0.037482842803001404
0.037160418927669525
0.03723733127117157
0.03724534809589386
0.03709892928600311
0.03701175004243851
0.036982789635658264
0.03694719448685646
0.036844827234745026
0.03678099066019058
0.03677421435713768
0.03672011196613312
0.036638181656599045
0.03667466342449188
0.036772679537534714
0.03692140802741051
0.037373460829257965
0.03792467713356018
0.038194090127944946
0.037249818444252014
0.03675655275583267
0.03714320436120033
0.03712231293320656
0.0368383526802063
0.03688519448041916
0.036895886063575745
0.03670830652117729
0.036709412932395935
0.036787331104278564
0.03665522485971451
0.0365140438079834
0.036575186997652054
0.03657566010951996
0.036434248089790344
0.03640769049525261
0.036439236253499985
0.03639065846800804
0.036357104778289795
0.03641185164451599
0.03657790273427963
0.03702341020107269
0.03776341676712036
0.038889363408088684
0.03814477473497391
0.03693496808409691
0.036858249455690384
0.03760070726275444
0.03743859380483627
0.036766503006219864
0.03704967349767685
0.03726973012089729
0.03686506301164627
0.03681580349802971
0.03687363117933273
0.0367300808429718
0.03666636720299721
0.03664082661271095
0.03659355640411377
0.03650301694869995
0.0364532433450222
0.036476507782936096
0.03640067204833031
0.036331355571746826
0.03632623702287674
0.03630401939153671
0.03631224483251572
0.03635939955711365
0.03651055693626404
0.03701259568333626
0.0376741886138916
0.03841201215982437
0.03772280365228653
0.03697851300239563
0.036981817334890366
0.03742837905883789
0.037197843194007874
0.03671782836318016
0.03691689670085907
0.03702133148908615
0.036858342587947845
0.03674077242612839
0.036568768322467804
0.03663721680641174
0.036750677973032
0.036605820059776306
0.03649691119790077
0.03643439710140228
0.03632302209734917
0.03635406494140625
0.0363738015294075
0.03634541109204292
0.03641664981842041
0.036484330892562866
0.03649409860372543
0.03651080280542374
0.03635363280773163
0.03618254140019417
0.036154016852378845
0.03615541383624077
0.036165084689855576
0.036214884370565414
0.036234524101018906
0.036227159202098846
0.0361957848072052
0.036085642874240875
0.03599889576435089
0.03599787876009941
0.036011651158332825
0.036017045378685
0.036022353917360306
0.03606405109167099
0.036179181188344955
0.0363905131816864
0.03647669404745102
0.03646315634250641
0.03621656075119972
0.03609888255596161
0.03614822402596474
0.036123186349868774
0.03611178696155548
0.03616843372583389
0.0361446738243103
0.0359843447804451
0.03591383248567581
0.03599371761083603
0.036036476492881775
0.03599255904555321
0.03598750755190849
0.03608396649360657
0.0361143983900547
0.036094024777412415
0.03607457876205444
0.0360758900642395
0.03602324426174164
0.03590889647603035
0.035857174545526505
0.0359211266040802
0.03602202236652374
0.036076150834560394
0.03621005639433861
0.036437127739191055
0.03668144717812538
0.036365099251270294
0.036014627665281296
0.03604935482144356
0.036177858710289
0.036187537014484406
0.03618817403912544
0.03634294867515564
0.036346081644296646
0.036107491701841354
0.036012280732393265
0.03612590953707695
0.036046937108039856
0.035902973264455795
0.035990145057439804
0.036122653633356094
0.03620082885026932
0.036395810544490814
0.03695763275027275
0.03724932670593262
0.03709407150745392
0.03643151372671127
0.03647151589393616
0.036636196076869965
0.03660694137215614
0.03684243932366371
0.03661888837814331
0.036175262182950974
0.03623005747795105
0.03640458732843399
0.03638869524002075
0.03631591796875
0.03630220890045166
0.03629167377948761
0.03615035116672516
0.036038838326931
0.0360729917883873
0.0360431969165802
0.03593729808926582
0.03593267872929573
0.03593407943844795
0.03591238707304001
0.035938628017902374
0.03608596324920654
0.03661756217479706
0.038105931133031845
0.03936833143234253
0.040555305778980255
0.03830792009830475
0.03693201020359993
0.03826069086790085
0.03842988610267639
0.03768254071474075
0.03740504011511803
0.03758407011628151
0.037757836282253265
0.03746061772108078
0.037418823689222336
0.03726721182465553
0.03700669854879379
0.03699314221739769
0.03698880597949028
0.03718210756778717
0.037760280072689056
0.039255291223526
0.041833654046058655
0.04356299340724945
0.04092324897646904
0.03905988484621048
0.038693781942129135
0.039577580988407135
0.039811477065086365
0.039861470460891724
0.03980362415313721
0.04019128903746605
0.04509058594703674
0.04525724798440933
0.055083997547626495
0.04967731237411499
0.07404999434947968
0.08717159926891327
0.1331302523612976
0.15036951005458832
0.20421850681304932
0.22956082224845886
0.27762359380722046
0.31501251459121704
0.33753931522369385
0.34927138686180115
0.3418247401714325
0.3433837592601776
0.32177793979644775
0.3071053922176361
0.2844325602054596
0.2646488845348358
0.24154172837734222
0.22188405692577362
0.20647725462913513
0.19115014374256134
0.17895689606666565
0.16631123423576355
0.1548631638288498
0.14035344123840332
0.13220788538455963
0.12068728357553482
0.11501620709896088
0.10828076303005219
0.10702821612358093
0.10738351196050644
0.1017376035451889
0.09071149677038193
0.08761833608150482
0.08279811590909958
0.0801255851984024
0.07887734472751617
0.07651309669017792
0.0766318142414093
0.07317448407411575
0.06949154287576675
0.06549960374832153
0.0641346275806427
0.06362171471118927
0.06257622689008713
0.06200806796550751
0.06026042625308037
0.0585806779563427
0.056178249418735504
0.055155981332063675
0.05460836738348007
0.053932227194309235
0.05368691682815552
0.053381890058517456
0.05258319154381752
0.051206231117248535
0.050185754895210266
0.049499910324811935
0.049212560057640076
0.04905543103814125
0.04857572168111801
0.04796391725540161
0.047256648540496826
0.04677636921405792
0.046453770250082016
0.04621651768684387
0.046075399965047836
0.04592059552669525
0.04571062698960304
0.045385997742414474
0.04494234919548035
0.04447360336780548
0.04421396553516388
0.04409859701991081
0.04400348290801048
0.04391308128833771
0.04378894716501236
0.04354345425963402
0.043230075389146805
0.04296925663948059
0.04279303923249245
0.04269172623753548
0.042640622705221176
0.042599622160196304
0.042524304240942
0.04239441454410553
0.04220040887594223
0.04197881370782852
0.04179609566926956
0.04169858992099762
0.04166261479258537
0.04164450243115425
0.041641704738140106
0.04162448272109032
0.041561782360076904
0.04136597737669945
0.041140660643577576
0.04100625216960907
0.040972426533699036
0.0409807413816452
0.04099079594016075
0.04096841812133789
0.04083295166492462
0.040659524500370026
0.04053586348891258
0.04048284888267517
0.04047483205795288
0.04049161076545715
0.04051380604505539
0.0404699482023716
0.04035888984799385
0.04021245986223221
0.04010158032178879
0.04004565626382828
0.04004235565662384
0.040071696043014526
0.040084682404994965
0.040069904178380966
0.03998774662613869
0.03988054767251015
0.039757512509822845
0.03967772424221039
0.03967289999127388
0.039700593799352646
0.039720773696899414
0.03972417116165161
0.03971381485462189
0.0396217405796051
0.03948694467544556
0.03938692435622215
0.03937090188264847
0.0393899604678154
0.03940664976835251
0.03944381698966026
0.03945997357368469
0.03940692916512489
0.039268795400857925
0.03916683420538902
0.03913697600364685
0.039122216403484344
0.0391249842941761
0.03916498273611069
0.03920251131057739
0.03916627913713455
0.03910435736179352
0.03903112933039665
0.03893876448273659
0.03886393830180168
0.03886562958359718
0.03890614956617355
0.038928791880607605
0.038956377655267715
0.038988467305898666
0.03897728770971298
0.03883630782365799
0.038708992302417755
0.038674235343933105
0.03867845982313156
0.03868735581636429
0.038717225193977356
0.038754239678382874
0.03871571272611618
0.03862278535962105
0.03855958580970764
0.0385148786008358
0.03845927119255066
0.03845096379518509
0.038489021360874176
0.03852292150259018
0.03857787698507309
0.03865036740899086
0.038721874356269836
0.03863377869129181
0.038439832627773285
0.03831734508275986
0.03835735470056534
0.0384046770632267
0.03841632604598999
0.038427192717790604
0.038333721458911896
0.03820651024580002
0.038191165775060654
0.03821726143360138
0.038224250078201294
0.03824055939912796
0.03828488662838936
0.03829776868224144
0.03824955224990845
0.03816894441843033
0.03811874985694885
0.03804965689778328
0.03800302743911743
0.03803420066833496
0.03807814419269562
0.038104135543107986
0.03813854232430458
0.03819281607866287
0.038144804537296295
0.038021430373191833
0.03792106360197067
0.03790124133229256
0.03791501745581627
0.037934593856334686
0.0379837304353714
0.038015034049749374
0.03798428177833557
0.03789554908871651
0.037843700498342514
0.037794750183820724
0.03774413838982582
0.03776046633720398
0.037810202687978745
0.037848979234695435
0.037907008081674576
0.038005877286195755
0.038013309240341187
0.037933237850666046
0.03774294629693031
0.03766812011599541
0.037722088396549225
0.03775718808174133
0.03778010234236717
0.0377853587269783
0.03770257160067558
0.03758571296930313
0.03757239878177643
0.037609972059726715
0.037611670792102814
0.03763625770807266
0.03769524395465851
0.037749022245407104
0.03771362453699112
0.037661630660295486
0.03759218379855156
0.03751852363348007
0.037464819848537445
0.037481386214494705
0.03754066675901413
0.03755847364664078
0.03756140545010567
0.03756941109895706
0.03754056990146637
0.037444211542606354
0.03738172724843025
0.0373736210167408
0.03736591711640358
0.037367723882198334
0.03740357607603073
0.03748592734336853
0.037603653967380524
0.03776448220014572
0.03783833235502243
0.03783337026834488
0.0375232957303524
0.03733211010694504
0.03745635598897934
0.037586405873298645
0.0375426709651947
0.0373852476477623
0.037323374301195145
0.037348128855228424
0.03737925365567207
0.037391483783721924
0.037349388003349304
0.03727050498127937
0.037212759256362915
0.037208955734968185
0.037232656031847
0.037232447415590286
0.03724999725818634
0.037320468574762344
0.037397947162389755
0.03740568831562996
0.03742191568017006
0.03735896572470665
0.03720404580235481
0.037107013165950775
0.03716664761304855
0.03723596781492233
0.03723982721567154
0.03722992166876793
0.03719862177968025
0.0371333509683609
0.03705872222781181
0.03704281523823738
0.03708001971244812
0.03710305690765381
0.03712515905499458
0.0372157096862793
0.03737099841237068
0.037425488233566284
0.03739826753735542
0.03727307915687561
0.037134796380996704
0.037026140838861465
0.03711865469813347
0.03724426403641701
0.03719300404191017
0.03708774223923683
0.037005990743637085
0.03699512034654617
0.03701930120587349
0.03701759874820709
0.03705836087465286
0.037078872323036194
0.03701857104897499
0.03697294369339943
0.0369698628783226
0.03691333532333374
0.03686089068651199
0.03686779737472534
0.036861225962638855
0.03685522824525833
0.03688010945916176
0.03694968298077583
0.037133291363716125
0.037545278668403625
0.03799331560730934
0.03848139941692352
0.037805888801813126
0.037077099084854126
0.037249986082315445
0.03768296539783478
0.037452057003974915
0.03703261911869049
0.03727398440241814
0.03742676600813866
0.03715851902961731
0.03706231340765953
0.03710838407278061
0.03711511939764023
0.0370546318590641
0.03694819658994675
0.03695090115070343
0.03694487363100052
0.03690260648727417
0.03692631050944328
0.03687330335378647
0.03679092973470688
0.03679436072707176
0.036771174520254135
0.03673623502254486
0.03673388063907623
0.03670857846736908
0.03669937327504158
0.03673537075519562
0.036804452538490295
0.037037625908851624
0.037498436868190765
0.03827137500047684
0.038158975541591644
0.03745648264884949
0.036873605102300644
0.03744671493768692
0.0377235971391201
0.03705510124564171
0.03706606477499008
0.03740892559289932
0.03708621487021446
0.036950938403606415
0.03707749396562576
0.03700672462582588
0.036910608410835266
0.03687713295221329
0.03685963898897171
0.036831874400377274
0.03679707646369934
0.036788396537303925
0.03672774136066437
0.03665737807750702
0.036660946905612946
0.036665864288806915
0.036624763160943985
0.03662963584065437
0.0366797000169754
0.03673560917377472
0.03687429428100586
0.03702007979154587
0.03714355081319809
0.03695884719491005
0.03668134659528732
0.03658392280340195
0.03672916442155838
0.036821745336055756
0.036722324788570404
0.03660547733306885
0.03654993325471878
0.036577705293893814
0.03663951903581619
0.03660757839679718
0.036503300070762634
0.03645414859056473
0.036476705223321915
0.03648282587528229
0.03646937757730484
0.03649560362100601
0.03651832044124603
0.03648925945162773
0.036444149911403656
0.03642430901527405
0.03640691190958023
0.03637543320655823
0.03634722903370857
0.03633151948451996
0.036325763911008835
0.036312468349933624
0.036293499171733856
0.036290910094976425
0.03630124032497406
0.0363164097070694
0.036400653421878815
0.03671104833483696
0.03755921870470047
0.03853961080312729
0.039610978215932846
0.037834323942661285
0.03685185685753822
0.037756361067295074
0.03761366009712219
0.03694675862789154
0.037121210247278214
0.03740328922867775
0.037087999284267426
0.0368502214550972
0.03705313056707382
0.03710319846868515
0.036853525787591934
0.03674071654677391
0.03680950775742531
0.036814846098423004
0.03671656548976898
0.03660234063863754
0.0365646630525589
0.036611057817935944
0.03661544620990753
0.03653990477323532
0.036469344049692154
0.03641965240240097
0.036386556923389435
0.03639271482825279
0.036405302584171295
0.03641170263290405
0.0364350900053978
0.03646407276391983
0.03645949065685272
0.036392878741025925
0.03631747514009476
0.03625407814979553
0.03622111678123474
0.03623231127858162
0.036260124295949936
0.0362982451915741
0.03632991388440132
0.036356981843709946
0.03634334355592728
0.03628086298704147
0.036192186176776886
0.03614523261785507
0.03615453839302063
0.036196742206811905
0.03625968098640442
0.03628500550985336
0.036260709166526794
0.036198072135448456
0.036143019795417786
0.03610859811306
0.03609084710478783
0.03611743450164795
0.03616512939333916
0.036211416125297546
0.036236073821783066
0.03623736649751663
0.03614349663257599
0.03605443239212036
0.03604097664356232
0.036050498485565186
0.036068301647901535
0.03611351549625397
0.036157138645648956
0.03615943342447281
0.03615287318825722
0.03612042963504791
0.03604944422841072
0.03599105775356293
0.03600358963012695
0.03604679927229881
0.03607483208179474
0.036133550107479095
0.036215100437402725
0.03627977520227432
0.036277882754802704
0.03625001385807991
0.036081165075302124
0.03598669916391373
0.03606018051505089
0.03612430393695831
0.036126866936683655
0.03612508624792099
0.03617472946643829
0.03618788719177246
0.03612394258379936
0.03603789582848549
0.03598862513899803
0.03600361943244934
0.036013003438711166
0.0359664149582386
0.035936228930950165
0.03596707433462143
0.0360083281993866
0.03605768829584122
0.03627718985080719
0.036928679794073105
0.03773460537195206
0.038820575922727585
0.037775810807943344
0.03659187629818916
0.03683789074420929
0.037417978048324585
0.037121981382369995
0.03669039160013199
0.03683527559041977
0.036905091255903244
0.036774419248104095
0.03663359582424164
0.0365556925535202
0.03659142926335335
0.036521632224321365
0.03646305948495865
0.03645035997033119
0.036334291100502014
0.03625422716140747
0.03624796122312546
0.03620583191514015
0.03619123250246048
0.03619550168514252
0.036206021904945374
0.03634311631321907
0.03667272999882698
0.03699810802936554
0.03743087500333786
0.036973267793655396
0.03630845993757248
0.03633301705121994
0.036639291793107986
0.03652830421924591
0.036279186606407166
0.03626112639904022
0.0363377183675766
0.03631039336323738
0.036177054047584534
0.03616025298833847
0.03617987036705017
0.03605518490076065
0.036031223833560944
0.03610725700855255
0.03604275733232498
0.03597921133041382
0.036008547991514206
0.03601258620619774
0.036002010107040405
0.03601953014731407
0.03603590652346611
0.036083921790122986
0.03607596457004547
0.036012619733810425
0.03592134267091751
0.03588200360536575
0.03582622855901718
0.03578793257474899
0.03581375628709793
0.03585350140929222
0.03590219467878342
0.035964082926511765
0.036056507378816605
0.03608591854572296
0.036067940294742584
0.0358777716755867
0.03572830185294151
0.035784367471933365
0.03585059568285942
0.035865385085344315
0.03587375581264496
0.035866543650627136
0.035797931253910065
0.03572322428226471
0.035691384226083755
0.0356963612139225
0.03572983294725418
0.03576957434415817
0.03581029176712036
0.03588711842894554
0.03604210168123245
0.03606133908033371
0.03595076873898506
0.03576885536313057
0.03572464361786842
0.035756759345531464
0.03577593341469765
0.03580598160624504
0.03583149611949921
0.03581145405769348
0.03571322560310364
0.035635948181152344
0.0356714203953743
0.03569934517145157
0.03565435856580734
0.0356605127453804
0.03575948625802994
0.03587234020233154
0.03604703024029732
0.03622598201036453
0.03641531243920326
0.03620573505759239
0.03590070456266403
0.035773102194070816
0.03593502193689346
0.03608640283346176
0.03593426197767258
0.03578495979309082
0.03588549792766571
0.035901013761758804
0.0357358381152153
0.035726532340049744
0.035803135484457016
0.03574281930923462
0.03571929782629013
0.03579236567020416
0.03592831641435623
0.036113280802965164
0.03650836646556854
0.03679276257753372
0.03696160018444061
0.03617926687002182
0.0357871912419796
0.03621915727853775
0.03621773049235344
0.036028776317834854
0.0360916405916214
0.03599568083882332
0.03578110784292221
0.03585412725806236
0.03596054017543793
0.03589795529842377
0.03586758300662041
0.03591141104698181
0.035941798239946365
0.035881031304597855
0.03580234944820404
0.035786475986242294
0.035745035856962204
0.03564076870679855
0.03561307489871979
0.035633526742458344
0.03559431433677673
0.03556185960769653
0.03559496998786926
0.035679712891578674
0.035865508019924164
0.03641238063573837
0.03725972771644592
0.038533683866262436
0.037719085812568665
0.036312252283096313
0.03619597852230072
0.03714630752801895
0.037235476076602936
0.036378465592861176
0.03648915886878967
0.03683989495038986
0.03642897307872772
0.03636951744556427
0.03644793853163719
0.03618482127785683
0.03617308288812637
0.03622050955891609
0.03615230694413185
0.03604632243514061
0.03600290045142174
0.03608908876776695
0.03604545444250107
0.03600597754120827
0.03610123321413994
0.03621455281972885
0.03636504337191582
0.03639056161046028
0.03638787567615509
0.03609396517276764
0.035810016095638275
0.035839639604091644
0.03601512685418129
0.036018043756484985
0.035870637744665146
0.03583084046840668
0.035839591175317764
0.03579491004347801
0.0357079803943634
0.035628341138362885
0.035652123391628265
0.03566638380289078
0.035644955933094025
0.035711225122213364
0.03583933413028717
0.03608046472072601
0.036620963364839554
0.036886006593704224
0.03688382729887962
0.03594016283750534
0.03583100438117981
0.03634151071310043
0.03609512001276016
0.03578364849090576
0.035870879888534546
0.0359390489757061
0.03577922284603119
0.035658419132232666
0.03573337569832802
0.03573092073202133
0.03559141233563423
0.03557544946670532
0.03562541306018829
0.03553858771920204
0.03548242524266243
0.035537078976631165
0.035527121275663376
0.035548582673072815
0.035812702029943466
0.036337271332740784
0.03735658526420593
0.0377025306224823
0.03719784691929817
0.03615764528512955
0.03655887395143509
0.036997050046920776
0.0365416444838047
0.03620680794119835
0.03629071265459061
0.036340005695819855
0.0363294780254364
0.036236461251974106
0.03605438768863678
0.03597046807408333
0.03600955381989479
0.03601618483662605
0.0359746553003788
0.035955995321273804
0.0360163189470768
0.036145564168691635
0.036239974200725555
0.03639599308371544
0.03615042567253113
0.03588332235813141
0.03581579774618149
0.035818301141262054
0.03577881678938866
0.035727597773075104
0.03570490702986717
0.03564412519335747
0.035633452236652374
0.03571013733744621
0.03578190505504608
0.03590461611747742
0.036204107105731964
0.03651466220617294
0.03669953718781471
0.036153703927993774
0.035761624574661255
0.03571637347340584
0.035978663712739944
0.036092497408390045
0.0357045978307724
0.03554905951023102
0.03575058653950691
0.03570883348584175
0.03563747555017471
0.0356166772544384
0.035539764910936356
0.03554516285657883
0.03557202219963074
0.035483524203300476
0.03539319336414337
0.03541272133588791
0.035410746932029724
0.03542480245232582
0.03551539033651352
0.03567541018128395
0.03610837459564209
0.036596596240997314
0.036973513662815094
0.03625253587961197
0.0356290377676487
0.03585631027817726
0.036138102412223816
0.036010101437568665
0.03575747087597847
0.03581254929304123
0.03578852862119675
0.03567439317703247
0.03570713847875595
0.03566976264119148
0.03554730489850044
0.03556981682777405
0.03549950569868088
0.03541950508952141
0.03548932075500488
0.035445213317871094
0.035354986786842346
0.03542521223425865
0.03559519350528717
0.035923704504966736
0.03671478107571602
0.037310559302568436
0.03755420818924904
0.03629261627793312
0.03581833094358444
0.03638914227485657
0.03645947575569153
0.035959403961896896
0.03573143109679222
0.03601588308811188
0.03612564876675606
0.035964228212833405
0.03581462800502777
0.03567542880773544
0.03564278408885002
0.03575034439563751
0.03574550524353981
0.0356435626745224
0.03563237562775612
0.03556278720498085
0.035480815917253494
0.03547797352075577
0.03546613082289696
0.03545349836349487
0.03545702248811722
0.0354786142706871
0.035503141582012177
0.035649146884679794
0.03599118813872337
0.03671799227595329
0.03702974319458008
0.03662506863474846
0.035609446465969086
0.035961002111434937
0.03644377365708351
0.035937368869781494
0.035873450338840485
0.03597680479288101
0.03586876764893532
0.03586839511990547
0.03574046865105629
0.03561130538582802
0.03569197282195091
0.03570253401994705
0.03580544888973236
0.03606481850147247
0.03657611459493637
0.03697077929973602
0.03707452490925789
0.035947974771261215
0.03580436110496521
0.03617009520530701
0.03610701113939285
0.03607667237520218
0.03570597618818283
0.03576385974884033
0.03591565042734146
0.035656679421663284
0.03559742122888565
0.035507865250110626
0.03555278480052948
0.03554471209645271
0.035378843545913696
0.03544788807630539
0.03550567850470543
0.0357392393052578
0.036634087562561035
0.03770153969526291
0.0392204225063324
0.037836428731679916
0.03611592948436737
0.03657769039273262
0.03732173889875412
0.03698364645242691
0.03673568367958069
0.03653591126203537
0.0365154892206192
0.03660763055086136
0.03669435530900955
0.036518290638923645
0.03651219233870506
0.036542076617479324
0.03646163269877434
0.036694012582302094
0.03690687566995621
0.036949630826711655
0.03645893186330795
0.03640175610780716
0.03651253134012222
0.036587100476026535
0.03658054396510124
0.03627641499042511
0.036038510501384735
0.03596029430627823
0.036206141114234924
0.036370690912008286
0.036293938755989075
0.036720775067806244
0.037298597395420074
0.03801025450229645
0.03868662565946579
0.03685123100876808
0.0361800491809845
0.03705626726150513
0.036754097789525986
0.03623344004154205
0.0363057479262352
0.036543235182762146
0.036520130932331085
0.036056261509656906
0.0364752933382988
0.03714234381914139
0.03741788491606712
0.03767740726470947
0.037273772060871124
0.0364544652402401
0.03669813275337219
0.03630940616130829
0.03629893437027931
0.03670232743024826
0.03630554676055908
0.03643834963440895
0.03629380092024803
0.036381177604198456
0.03656146675348282
0.036784958094358444
0.03686954081058502
0.03681553155183792
0.0364205539226532
0.03612753748893738
0.03618922084569931
0.03639569878578186
0.03601633012294769
0.035857826471328735
0.03584768995642662
0.03581641614437103
0.03582824394106865
0.035752393305301666
0.03587006404995918
0.03628013655543327
0.03741757944226265
0.03936169669032097
0.03913502395153046
0.03714003413915634
0.037282612174749374
0.03705770522356033
0.03756832331418991
0.03761898726224899
0.0369943305850029
0.03718515485525131
0.037386391311883926
0.03828693553805351
0.03800875321030617
0.03978739306330681
0.040406011044979095
0.044968992471694946
0.044179581105709076
0.049674682319164276
0.045458391308784485
0.058871351182460785
0.06316543370485306
0.09359665215015411
0.1233045905828476
0.212956964969635
0.27133503556251526
0.3768068552017212
0.47576087713241577
0.5472332239151001
0.6636406183242798
0.6753004193305969
0.7010810375213623
0.6433132290840149
0.6194133162498474
0.5558929443359375
0.508973240852356
0.45693790912628174
0.41842013597488403
0.37774795293807983
0.3482356071472168
0.3153846561908722
0.2907806634902954
0.26295599341392517
0.23960229754447937
0.2183559089899063
0.19885656237602234
0.18383291363716125
0.16929957270622253
0.1585378795862198
0.14872825145721436
0.13959169387817383
0.1286296248435974
0.12027397006750107
0.11049279570579529
0.10453107953071594
0.09825076907873154
0.09298066049814224
0.08838799595832825
0.08415721356868744
0.08080736547708511
0.07800618559122086
0.0781639963388443
0.08374687284231186
0.0834585502743721
0.07660161703824997
0.07025374472141266
0.07224482297897339
0.07109575718641281
0.06688282638788223
0.06618017703294754
0.06514573842287064
0.06302367895841599
0.06103867292404175
0.05980172008275986
0.05926724150776863
0.057298626750707626
0.05602665990591049
0.05558247119188309
0.05434175953269005
0.05382988974452019
0.05318120867013931
0.0522446408867836
0.051547009497880936
0.050818607211112976
0.05013997107744217
0.049596503376960754
0.049092430621385574
0.04865379258990288
0.048245836049318314
0.047866109758615494
0.0476275235414505
0.04738401621580124
0.04731728136539459
0.047391608357429504
0.047090910375118256
0.046546872705221176
0.04580218717455864
0.04550052434206009
0.04556038975715637
0.04540921002626419
0.044978514313697815
0.044600751250982285
0.0444670096039772
0.044425610452890396
0.04426071047782898
0.04396696388721466
0.043701283633708954
0.04355626553297043
0.04348209127783775
0.04339252784848213
0.04324645549058914
0.04305056855082512
0.04285584017634392
0.042716532945632935
0.042622312903404236
0.04255291819572449
0.04248504713177681
0.0424051433801651
0.04230468347668648
0.042177166789770126
0.042036715894937515
0.041904300451278687
0.041799213737249374
0.04171734303236008
0.04165235161781311
0.041605591773986816
0.041579198092222214
0.04157714173197746
0.04159938916563988
0.04156656563282013
0.041475918143987656
0.0412682369351387
0.04108482226729393
0.04102978855371475
0.04105839878320694
0.04107383266091347
0.04100307077169418
0.04087268188595772
0.040737513452768326
0.04066745936870575
0.04065829515457153
0.04066228121519089
0.040645305067300797
0.040582090616226196
0.04048381745815277
0.04037969559431076
0.040309131145477295
0.04027930274605751
0.04027290642261505
0.040277376770973206
0.040277477353811264
0.04026120901107788
0.040189195424318314
0.04008251056075096
0.03998085856437683
0.039930619299411774
0.039928436279296875
0.03994007408618927
0.0399446114897728
0.039910830557346344
0.03984265774488449
0.03974760323762894
0.03967035561800003
0.03963923826813698
0.03963863477110863
0.0396500825881958
0.03965960443019867
0.039656490087509155
0.03960634022951126
0.039523374289274216
0.03943190723657608
0.0393778532743454
0.039370402693748474
0.03938570246100426
0.03940136358141899
0.039396099746227264
0.03936257213354111
0.039285216480493546
0.03920060023665428
0.03914908692240715
0.03913810849189758
0.03915184363722801
0.03917277604341507
0.03919403254985809
0.03918105363845825
0.03913126140832901
0.03903378173708916
0.038952574133872986
0.038930363953113556
0.03894791007041931
0.038973353803157806
0.038980886340141296
0.03896206617355347
0.038891538977622986
0.0388081818819046
0.03875814378261566
0.038750410079956055
0.03876823931932449
0.03879513218998909
0.03882255777716637
0.03881760686635971
0.03877360746264458
0.038680076599121094
0.03859968110918999
0.038578055799007416
0.03860060125589371
0.03863422945141792
0.038646332919597626
0.038627058267593384
0.03855760395526886
0.038479048758745193
0.038434866815805435
0.038433827459812164
0.03845818340778351
0.03848729655146599
0.0385102778673172
0.03849374130368233
0.038438182324171066
0.038352496922016144
0.038294024765491486
0.03829149529337883
0.038322120904922485
0.03835805505514145
0.038370586931705475
0.038355350494384766
0.03828795626759529
0.038206566125154495
0.038162942975759506
0.038170404732227325
0.03820139169692993
0.038232188671827316
0.03825586289167404
0.03823237121105194
0.03816847503185272
0.03808388113975525
0.038042955100536346
0.03805467113852501
0.03808436542749405
0.03811473771929741
0.03812602907419205
0.03810800239443779
0.03804004564881325
0.03796522691845894
0.03793274611234665
0.03793836385011673
0.03795969486236572
0.03798912838101387
0.03802140802145004
0.038013242185115814
0.03796842321753502
0.03789350390434265
0.03783551603555679
0.03782039135694504
0.03783857077360153
0.03787747770547867
0.03790958970785141
0.0379171259701252
0.03787797689437866
0.03781452402472496
0.03774551302194595
0.037716448307037354
0.03773815557360649
0.0377773642539978
0.037814315408468246
0.037820667028427124
0.03780430555343628
0.03773551434278488
0.03765249252319336
0.03762206435203552
0.03764573857188225
0.037681810557842255
0.03770943358540535
0.03773917257785797
0.037723373621702194
0.03765810281038284
0.037571609020233154
0.03754204511642456
0.03755784407258034
0.037574999034404755
0.037607718259096146
0.03764268383383751
0.037646740674972534
0.037591177970170975
0.03752761334180832
0.03748238831758499
0.037456199526786804
0.037460096180438995
0.037497058510780334
0.03754135221242905
0.037560440599918365
0.03756919875741005
0.037534598261117935
0.0374576672911644
0.03737928718328476
0.03737039864063263
0.037406131625175476
0.03743357211351395
0.03746030479669571
0.037473343312740326
0.03744950890541077
0.03736535459756851
0.037307046353816986
0.037299297749996185
0.03730360418558121
0.03732111677527428
0.03736262395977974
0.03741196542978287
0.037422001361846924
0.03740893304347992
0.03735625743865967
0.03728042542934418
0.03721415624022484
0.03722573071718216
0.03727923333644867
0.037301741540431976
0.03731416538357735
0.03730680048465729
0.03725645691156387
0.037175823003053665
0.03714461252093315
0.03716232255101204
0.037175241857767105
0.037196338176727295
0.03724569082260132
0.03730391338467598
0.03729581460356712
0.03726651147007942
0.037199702113866806
0.03711450845003128
0.03707412630319595
0.03711722418665886
0.03717685863375664
0.037187762558460236
0.03717978298664093
0.037140339612960815
0.03707149997353554
0.0370134636759758
0.037022218108177185
0.0370614118874073
0.03708546981215477
0.03713240846991539
0.03718823567032814
0.0372142419219017
0.03713873773813248
0.03704383969306946
0.036993276327848434
0.03697924315929413
0.03700229153037071
0.037058986723423004
0.03709554672241211
0.0370444655418396
0.03698451817035675
0.03694570064544678
0.03690910339355469
0.036898400634527206
0.03693249076604843
0.03698193281888962
0.037022002041339874
0.03708653897047043
0.03712291270494461
0.03710335120558739
0.036951836198568344
0.03685460612177849
0.036880649626255035
0.03692660853266716
0.0369659848511219
0.0369817316532135
0.03694013133645058
0.0368405282497406
0.036797042936086655
0.03682409226894379
0.036839596927165985
0.0368584580719471
0.036907095462083817
0.036954693496227264
0.03692103922367096
0.036877915263175964
0.036830395460128784
0.03676541522145271
0.03672748804092407
0.03675542771816254
0.036802299320697784
0.03682579845190048
0.03686011582612991
0.03688759356737137
0.03687148541212082
0.0367681123316288
0.0367005318403244
0.03669887036085129
0.03670007735490799
0.03671816736459732
0.036775827407836914
0.03683769702911377
0.03685034066438675
0.03684825822710991
0.03679526597261429
0.03670783340930939
0.03662987798452377
0.036652617156505585
0.03672081232070923
0.036745525896549225
0.03676677495241165
0.03676440194249153
0.03670583292841911
0.03661055117845535
0.03658568859100342
0.03661568462848663
0.03663002699613571
0.03666006773710251
0.03672054409980774
0.03677768260240555
0.0367552675306797
0.03672151267528534
0.03665129467844963
0.036566607654094696
0.03653931990265846
0.03658251464366913
0.036631710827350616
0.0366494357585907
0.03665783256292343
0.03663434460759163
0.03657761216163635
0.036510445177555084
0.03649043291807175
0.03650097921490669
0.03651367127895355
0.03654879331588745
0.03661072626709938
0.03670504689216614
0.03678392991423607
0.03684808313846588
0.0367540642619133
0.036608219146728516
0.036491863429546356
0.03653021529316902
0.03663649410009384
0.036652401089668274
0.03659878671169281
0.03649769350886345
0.036456018686294556
0.03647278994321823
0.03649128973484039
0.036527205258607864
0.03654852509498596
0.036522235721349716
0.03646598011255264
0.03644324094057083
0.036412276327610016
0.036369506269693375
0.03636910021305084
0.03639255464076996
0.036402881145477295
0.036434002220630646
0.03656098619103432
0.03673519194126129
0.03697873651981354
0.03707081079483032
0.037040796130895615
0.03657620772719383
0.03643539547920227
0.03672829642891884
0.036750975996255875
0.03654585778713226
0.03643673285841942
0.03652064502239227
0.03654521703720093
0.036504391580820084
0.03647560626268387
0.036381565034389496
0.036356884986162186
0.036435987800359726
0.03642141819000244
0.036353759467601776
0.03635461628437042
0.03634313866496086
0.03628073260188103
0.03626620024442673
0.036282144486904144
0.036259546875953674
0.036245495080947876
0.03627368435263634
0.03633401542901993
0.036468371748924255
0.03681390732526779
0.03721066191792488
0.03768634796142578
0.037114135921001434
0.03644529730081558
0.0365789458155632
0.03688623756170273
0.03678504750132561
0.036500170826911926
0.036521606147289276
0.036663614213466644
0.0365569181740284
0.03639982268214226
0.03641711175441742
0.03647470474243164
0.03643573075532913
0.03634995222091675
0.036295510828495026
0.03631163388490677
0.03634681925177574
0.03631814569234848
0.03626507520675659
0.03623874485492706
0.03620185703039169
0.03618421033024788
0.03619133681058884
0.03619039058685303
0.03621085733175278
0.036267999559640884
0.03634067624807358
0.036422938108444214
0.036535799503326416
0.03643828630447388
0.03624338656663895
0.03614841774106026
0.036203768104314804
0.036269742995500565
0.03628219664096832
0.03623586148023605
0.03613804653286934
0.036096759140491486
0.0361318476498127
0.03617072105407715
0.03618893399834633
0.03614836931228638
0.03610554710030556
0.03607923537492752
0.0360383540391922
0.03601808473467827
0.036042146384716034
0.03606762737035751
0.03608731925487518
0.036151349544525146
0.036236830055713654
0.03633001446723938
0.036302611231803894
0.036209817975759506
0.03605286777019501
0.036011889576911926
0.03609580546617508
0.03614897280931473
0.03614756092429161
0.036082662642002106
0.03600630536675453
0.03598383814096451
0.03601361811161041
0.03605140373110771
0.03607133403420448
0.036072805523872375
0.036032602190971375
0.03598002344369888
0.03595921769738197
0.035947419703006744
0.03592075780034065
0.03592957928776741
0.0359746478497982
0.036013513803482056
0.03610054403543472
0.03625079244375229
0.0364718958735466
0.03649366647005081
0.03632940351963043
0.03602128475904465
0.03603343665599823
0.036205098032951355
0.036186154931783676
0.03612728416919708
0.03609007969498634
0.0360105074942112
0.03598399832844734
0.03607659041881561
0.0360921248793602
0.03599289432168007
0.035962678492069244
0.03595929220318794
0.03590994328260422
0.0358947217464447
0.035910364240407944
0.03591390699148178
0.035932525992393494
0.03598925843834877
0.03609852492809296
0.03629637509584427
0.03640221059322357
0.03649148344993591
0.03625529631972313
0.03596900776028633
0.03595808893442154
0.036147426813840866
0.0361998975276947
0.036043599247932434
0.03594984486699104
0.0359569676220417
0.03595968335866928
0.036006830632686615
0.03600948303937912
0.03591856360435486
0.035843946039676666
0.03585781529545784
0.03586229681968689
0.035851046442985535
0.03588557243347168
0.03593672066926956
0.035988062620162964
0.03603272885084152
0.036083340644836426
0.03603376820683479
0.0359332449734211
0.035812415182590485
0.035797204822301865
0.03587188199162483
0.035911090672016144
0.035933807492256165
0.035945821553468704
0.035892680287361145
0.03577690199017525
0.03575298562645912
0.035789407789707184
0.035789526998996735
0.03581683710217476
0.035894300788640976
0.03596792370080948
0.03599061071872711
0.03601731359958649
0.03594276309013367
0.03582189232110977
0.03574194014072418
0.035763852298259735
0.035839665681123734
0.035890378057956696
0.03590120002627373
0.0358491986989975
0.035790231078863144
0.03573859855532646
0.03570161014795303
0.035730909556150436
0.03579088672995567
0.03583018481731415
0.03586313873529434
0.03595011681318283
0.03595607727766037
0.03585588559508324
0.03574872761964798
0.035728052258491516
0.03571221977472305
0.035747867077589035
0.03583243489265442
0.03585635870695114
0.03586985915899277
0.03582238033413887
0.035734500735998154
0.03569021821022034
0.035681650042533875
0.03566553816199303
0.03570261970162392
0.03579075261950493
0.03583737462759018
0.03591151908040047
0.035988032817840576
0.03599998354911804
0.03581896424293518
0.03568337857723236
0.0356888510286808
0.0357443168759346
0.035819362848997116
0.035846516489982605
0.035827647894620895
0.03574642539024353
0.0356593132019043
0.0356268472969532
0.03566110506653786
0.035702068358659744
0.035730041563510895
0.03580423817038536
0.03588545694947243
0.0359446182847023
0.0358620211482048
0.03577465936541557
0.0357045903801918
0.0356379933655262
0.03565237671136856
0.0357392393052578
0.03579987958073616
0.03579067438840866
0.03577633947134018
0.03570922091603279
0.03563493490219116
0.035591382533311844
0.03559492528438568
0.035632550716400146
0.03569330275058746
0.03578660264611244
0.035884395241737366
0.03603343665599823
0.03603147342801094
0.03587774559855461
0.03564012050628662
0.035636868327856064
0.035750262439250946
0.035773005336523056
0.03581957519054413
0.035804443061351776
0.03567172586917877
0.035584233701229095
0.03562169522047043
0.03564925864338875
0.03567325696349144
0.03574968874454498
0.035796910524368286
0.0358615517616272
0.03587106615304947
0.03576738387346268
0.035629816353321075
0.03562398999929428
0.03559836745262146
0.03559315204620361
0.03569697216153145
0.03573989123106003
0.035747792571783066
0.0357607901096344
0.0357515923678875
0.03564092516899109
0.035542890429496765
0.03553168103098869
0.035554736852645874
0.03560621663928032
0.03566623479127884
0.03573182225227356
0.035796165466308594
0.03588538244366646
0.035793088376522064
0.035624660551548004
0.03555848449468613
0.035570431500673294
0.03558039665222168
0.03564334660768509
0.03573070466518402
0.03571923077106476
0.035708703100681305
0.03569512069225311
0.035606734454631805
0.03552333265542984
0.03551632910966873
0.03553839772939682
0.03558637574315071
0.03567596524953842
0.03575320169329643
0.03595513477921486
0.036207862198352814
0.03638830408453941
0.03597171604633331
0.035741597414016724
0.035825200378894806
