# lbfgs, lr=0.8, alpha = 1000000, beta = 0.1
# best_iter: 98, best_loss = 0.010612450540065765, imsave period = 10
2.087658166885376
0.5695278644561768
0.31253039836883545
0.11719924956560135
0.04882605001330376
0.03149786964058876
0.02639865130186081
0.02303275652229786
0.020542379468679428
0.018412547186017036
0.016839152202010155
0.015730246901512146
0.01486940961331129
0.014247228391468525
0.013847303576767445
0.013521165587008
0.013283963315188885
0.013035863637924194
0.01282978244125843
0.012619275599718094
0.012447893619537354
0.012279163114726543
0.012136072851717472
0.012007717043161392
0.011891781352460384
0.011793060228228569
0.011702739633619785
0.011623073369264603
0.01155222486704588
0.011489192955195904
0.011432522907853127
0.011382848024368286
0.011339417658746243
0.011298764497041702
0.011261808685958385
0.011227943003177643
0.011196126230061054
0.01116626150906086
0.01113833487033844
0.011112017557024956
0.011086979880928993
0.011062690056860447
0.011039355769753456
0.011016997508704662
0.0109957754611969
0.010975965298712254
0.01095633115619421
0.0109380092471838
0.01092097070068121
0.010904002003371716
0.010888339951634407
0.01087342482060194
0.010859629139304161
0.010846802033483982
0.010834568180143833
0.010823093354701996
0.010811922140419483
0.010800949297845364
0.010793615132570267
0.010783040896058083
0.010775959119200706
0.010767698287963867
0.010760159231722355
0.010752514936029911
0.010745426639914513
0.010739633813500404
0.010732943192124367
0.010727259330451488
0.010721649043262005
0.01071707159280777
0.010710000991821289
0.010706299915909767
0.010700629092752934
0.010696610435843468
0.010691775009036064
0.0106876902282238
0.010683164931833744
0.010679135099053383
0.010674834251403809
0.010670562274754047
0.010666883550584316
0.010666247457265854
0.010659143328666687
0.010657021775841713
0.010653490200638771
0.010649691335856915
0.01064685545861721
0.010643095709383488
0.01064018253237009
0.010636646300554276
0.010634432546794415
0.010632402263581753
0.010627571493387222
0.010625232011079788
0.010622053407132626
0.01062018983066082
0.010617436841130257
0.01061498373746872
0.010612450540065765
0.010614448226988316
