# best_iter: 99, best_loss = 0.4058290123939514, imsave period = 10
556.4352416992188
21.58550453186035
8.614782333374023
4.4542670249938965
2.72261905670166
1.962145209312439
1.5227384567260742
1.2532292604446411
1.049748420715332
0.9419585466384888
0.8633522987365723
0.8000049591064453
0.7481956481933594
0.7120352983474731
0.6782811880111694
0.6537705063819885
0.6307158470153809
0.6126788854598999
0.5970166921615601
0.5832217931747437
0.5711638331413269
0.5604101419448853
0.5516096353530884
0.5429222583770752
0.5359716415405273
0.5280440449714661
0.523004412651062
0.5164274573326111
0.5111358761787415
0.5061901807785034
0.5025227069854736
0.4984882175922394
0.49571189284324646
0.49169546365737915
0.4876587986946106
0.48496854305267334
0.48165762424468994
0.4787205755710602
0.47644832730293274
0.47346794605255127
0.47102540731430054
0.46839475631713867
0.4656626880168915
0.46406179666519165
0.4621496796607971
0.4599749445915222
0.4582135081291199
0.45695507526397705
0.4542194902896881
0.45267197489738464
0.45087119936943054
0.449378103017807
0.44779065251350403
0.44602665305137634
0.44493672251701355
0.4438800811767578
0.44235068559646606
0.4409738779067993
0.43950408697128296
0.43861865997314453
0.4375708997249603
0.4362589716911316
0.4350043535232544
0.4339149594306946
0.4328875243663788
0.43176189064979553
0.43066927790641785
0.43024763464927673
0.4285726547241211
0.4277021586894989
0.42669233679771423
0.4260999858379364
0.42486003041267395
0.42423251271247864
0.4231857657432556
0.4221988320350647
0.4213238060474396
0.4208551049232483
0.41958269476890564
0.41901513934135437
0.4186245799064636
0.4172933101654053
0.41669797897338867
0.415661096572876
0.4152146279811859
0.4144379496574402
0.41368961334228516
0.4127829372882843
0.4124271869659424
0.41175365447998047
0.41100767254829407
0.41048386693000793
0.4096752405166626
0.40979504585266113
0.40857362747192383
0.40810659527778625
0.40787795186042786
0.40681010484695435
0.4065113961696625
0.4058290123939514
