# adam, lr=0.01, alpha = 1000000, beta = 0.1
# best_iter: 2938, best_loss = 0.16689366102218628, imsave period = 300
10.593668937683105
6.36479377746582
4.295447826385498
3.2260096073150635
2.7108154296875
2.4065163135528564
2.183279514312744
1.9927680492401123
1.8352813720703125
1.6941174268722534
1.56727135181427
1.4597489833831787
1.3660959005355835
1.2800477743148804
1.2018579244613647
1.1355715990066528
1.078543782234192
1.0278480052947998
0.9827545881271362
0.942089319229126
0.9049800634384155
0.8714717626571655
0.8414029479026794
0.8140062093734741
0.7888703346252441
0.7654637098312378
0.7439433932304382
0.7242337465286255
0.7059355974197388
0.68894362449646
0.6732882261276245
0.6586176753044128
0.644969642162323
0.6322721838951111
0.6203299164772034
0.6091421842575073
0.5986958742141724
0.5888770222663879
0.5796432495117188
0.5709449052810669
0.5627359747886658
0.5549755692481995
0.5476213693618774
0.5406692624092102
0.5340457558631897
0.5277718305587769
0.5218185186386108
0.5161250829696655
0.5106883645057678
0.5054885149002075
0.5005159974098206
0.4957556426525116
0.4911908507347107
0.48681315779685974
0.48261207342147827
0.47856658697128296
0.4746630787849426
0.47090452909469604
0.4672728180885315
0.4637620449066162
0.4603654146194458
0.45707231760025024
0.4538841247558594
0.4507986307144165
0.447803795337677
0.444895476102829
0.4420684576034546
0.4393182396888733
0.43664243817329407
0.43403688073158264
0.43149900436401367
0.42902207374572754
0.42660218477249146
0.42423826456069946
0.4219258725643158
0.4196659028530121
0.41745525598526
0.4152906537055969
0.413169264793396
0.4110918641090393
0.40905630588531494
0.4070567190647125
0.40509456396102905
0.4031687378883362
0.4012793004512787
0.39942485094070435
0.397602915763855
0.3958129286766052
0.3940521478652954
0.39231929183006287
0.3906140625476837
0.388936311006546
0.3872849941253662
0.38565799593925476
0.3840569257736206
0.382479190826416
0.3809235692024231
0.3793899118900299
0.37787744402885437
0.37638628482818604
0.3749159574508667
0.3734651803970337
0.37203288078308105
0.3706194758415222
0.3692242205142975
0.3678472638130188
0.3664873540401459
0.36514535546302795
0.3638227581977844
0.3625256419181824
0.36126279830932617
0.3600720763206482
0.3590279221534729
0.3583829700946808
0.35845625400543213
0.36025339365005493
0.36195921897888184
0.363364577293396
0.35646575689315796
0.35088369250297546
0.35217735171318054
0.3530464172363281
0.3494530916213989
0.3467150032520294
0.3479235768318176
0.34698623418807983
0.34349432587623596
0.34307152032852173
0.34347251057624817
0.3409796357154846
0.33897465467453003
0.33893102407455444
0.338211327791214
0.33629798889160156
0.3347545266151428
0.33432537317276
0.33380359411239624
0.33232182264328003
0.33075785636901855
0.3297842741012573
0.32922735810279846
0.3285582363605499
0.32741326093673706
0.32611048221588135
0.32490459084510803
0.3239896893501282
0.323280930519104
0.32261255383491516
0.32195454835891724
0.3211429715156555
0.32028016448020935
0.3191932141780853
0.3180806338787079
0.3169545531272888
0.31595417857170105
0.31508731842041016
0.31432491540908813
0.3136638402938843
0.31312525272369385
0.31288665533065796
0.3129323720932007
0.3136758804321289
0.3139224648475647
0.3138068914413452
0.31073474884033203
0.30766135454177856
0.3068523406982422
0.3076925277709961
0.30761250853538513
0.3054274916648865
0.30357104539871216
0.30335766077041626
0.303531289100647
0.30285364389419556
0.30113962292671204
0.29981544613838196
0.29940328001976013
0.29929590225219727
0.29891908168792725
0.29785460233688354
0.296608030796051
0.2955057621002197
0.29483577609062195
0.29447853565216064
0.2942157983779907
0.29407358169555664
0.2937468886375427
0.2934255301952362
0.2924301326274872
0.2911616265773773
0.2897137999534607
0.28879314661026
0.2884513735771179
0.2883412837982178
0.28827735781669617
0.2878834307193756
0.2873409688472748
0.28619301319122314
0.2849316895008087
0.2838329076766968
0.28324031829833984
0.28302693367004395
0.28294527530670166
0.2830418646335602
0.2829670310020447
0.2829461693763733
0.2819763720035553
0.28055810928344727
0.27885234355926514
0.2780359387397766
0.27808886766433716
0.2782350182533264
0.27814722061157227
0.27727606892585754
0.27610349655151367
0.27484631538391113
0.2741142809391022
0.27389654517173767
0.2738876938819885
0.27403724193573
0.2740178108215332
0.2740894556045532
0.2732848525047302
0.27205973863601685
0.2703768014907837
0.2694394886493683
0.2694026827812195
0.26961958408355713
0.26973021030426025
0.2691565752029419
0.2682468295097351
0.2669338583946228
0.2659580707550049
0.2655511498451233
0.2655271887779236
0.265716016292572
0.2658512592315674
0.2661738395690918
0.26580870151519775
0.265068918466568
0.26329687237739563
0.2618529796600342
0.2614450752735138
0.2617623805999756
0.2621115744113922
0.2617660164833069
0.2609900236129761
0.2596665620803833
0.2586345076560974
0.25822392106056213
0.2582608461380005
0.25851255655288696
0.2586727440357208
0.25897207856178284
0.2585517466068268
0.257760226726532
0.2560979127883911
0.2548350989818573
0.2545384466648102
0.2548576593399048
0.25524193048477173
0.25503915548324585
0.2544964551925659
0.2532498836517334
0.2521091401576996
0.2515096664428711
0.2514777183532715
0.2517338991165161
0.2519879937171936
0.25246602296829224
0.25243085622787476
0.252180814743042
0.2506195902824402
0.24896693229675293
0.2481306791305542
0.24839311838150024
0.24896371364593506
0.2489279806613922
0.24844050407409668
0.24717400968074799
0.24606114625930786
0.2455635368824005
0.2456357181072235
0.2459900826215744
0.2463272213935852
0.2469356805086136
0.24688956141471863
0.24653178453445435
0.24477428197860718
0.24315091967582703
0.24259421229362488
0.24303936958312988
0.24366024136543274
0.24355417490005493
0.24294045567512512
0.2415306121110916
0.24050480127334595
0.24030327796936035
0.24055039882659912
0.24092456698417664
0.24115678668022156
0.2416224479675293
0.24124976992607117
0.24032868444919586
0.23868539929389954
0.23781347274780273
0.23776113986968994
0.23787173628807068
0.23817628622055054
0.23842264711856842
0.23854601383209229
0.23755308985710144
0.23656925559043884
0.23587390780448914
0.23536333441734314
0.23473547399044037
0.2345818430185318
0.23501533269882202
0.23542025685310364
0.2365153282880783
0.23867718875408173
0.2436123490333557
0.24475759267807007
0.24408939480781555
0.23635566234588623
0.23413929343223572
0.23698017001152039
0.23764470219612122
0.2366483360528946
0.23356656730175018
0.23286592960357666
0.23488400876522064
0.23428058624267578
0.23157140612602234
0.2308206558227539
0.2321852147579193
0.23205454647541046
0.23087391257286072
0.23055891692638397
0.22949174046516418
0.22882133722305298
0.2295093536376953
0.22936725616455078
0.22877228260040283
0.2288680225610733
0.2290535420179367
0.2280922532081604
0.2276654839515686
0.22745166718959808
0.22664421796798706
0.22586090862751007
0.22576650977134705
0.22535863518714905
0.22479037940502167
0.22467821836471558
0.2245877981185913
0.22437524795532227
0.22482997179031372
0.22734254598617554
0.23359008133411407
0.2522972524166107
0.2641054093837738
0.27250146865844727
0.23028495907783508
0.23635995388031006
0.261066734790802
0.23662307858467102
0.23534536361694336
0.24494603276252747
0.2328176349401474
0.2391672134399414
0.23612725734710693
0.23069477081298828
0.23908549547195435
0.2284330129623413
0.2314131259918213
0.2305191159248352
0.22769184410572052
0.2308262437582016
0.22600509226322174
0.22891215980052948
0.22491732239723206
0.22568228840827942
0.2243741750717163
0.22336386144161224
0.2236936092376709
0.22197695076465607
0.22275009751319885
0.22126583755016327
0.22162362933158875
0.2213059961795807
0.22195306420326233
0.22371423244476318
0.22739145159721375
0.23013681173324585
0.23126691579818726
0.22276821732521057
0.21866180002689362
0.22187738120555878
0.22294767200946808
0.21932858228683472
0.2178216278553009
0.21969595551490784
0.21963968873023987
0.21699434518814087
0.21684274077415466
0.21824829280376434
0.21671056747436523
0.2157651036977768
0.21559271216392517
0.2158234715461731
0.21577253937721252
0.2144111692905426
0.2141423225402832
0.2142857313156128
0.2142225056886673
0.21384352445602417
0.21312925219535828
0.21280033886432648
0.21247658133506775
0.2125377655029297
0.21256496012210846
0.21226182579994202
0.21217912435531616
0.21178999543190002
0.21137937903404236
0.2110224813222885
0.21067139506340027
0.21041342616081238
0.21016401052474976
0.20997865498065948
0.2098798006772995
0.20977091789245605
0.20991802215576172
0.2106742560863495
0.2122987061738968
0.21650609374046326
0.22047579288482666
0.22479283809661865
0.21628403663635254
0.2092812955379486
0.21214434504508972
0.21539339423179626
0.2122715413570404
0.20894043147563934
0.2118408977985382
0.2126753032207489
0.20904147624969482
0.20921126008033752
0.21119371056556702
0.2092771828174591
0.2078292816877365
0.20893152058124542
0.20888017117977142
0.2075989842414856
0.20720624923706055
0.20764987170696259
0.20754320919513702
0.2067326307296753
0.206303209066391
0.20640131831169128
0.2064528614282608
0.20618444681167603
0.20557533204555511
0.20518842339515686
0.2052667737007141
0.20539501309394836
0.20526856184005737
0.20493820309638977
0.20468886196613312
0.2043614685535431
0.20402732491493225
0.2038239985704422
0.2037777304649353
0.20377297699451447
0.20376569032669067
0.20402280986309052
0.20468932390213013
0.2061707228422165
0.20756003260612488
0.2094501405954361
0.20812666416168213
0.20555205643177032
0.20298627018928528
0.2039710283279419
0.20594656467437744
0.20478440821170807
0.2027011513710022
0.20253093540668488
0.20379310846328735
0.20385602116584778
0.20238421857357025
0.201857328414917
0.20237386226654053
0.20243893563747406
0.20209363102912903
0.20166325569152832
0.20137067139148712
0.20111046731472015
0.20113053917884827
0.2013964205980301
0.2012438029050827
0.2007828652858734
0.2004368156194687
0.2004041075706482
0.2001733034849167
0.19980409741401672
0.1996728479862213
0.1996893733739853
0.1995798796415329
0.19943389296531677
0.19960209727287292
0.20043227076530457
0.20307493209838867
0.20871272683143616
0.22316105663776398
0.2287721037864685
0.22997041046619415
0.20401176810264587
0.20683014392852783
0.22433516383171082
0.2124444842338562
0.20275503396987915
0.2094600945711136
0.2112802267074585
0.20551100373268127
0.20339691638946533
0.2075541913509369
0.20737341046333313
0.2026401162147522
0.2036537230014801
0.20556223392486572
0.20256111025810242
0.2016485631465912
0.20311421155929565
0.20188260078430176
0.20028282701969147
0.2009439915418625
0.20110684633255005
0.19976213574409485
0.19947218894958496
0.19994553923606873
0.19938035309314728
0.1987406313419342
0.19921542704105377
0.19938673079013824
0.19934293627738953
0.20033662021160126
0.202726811170578
0.20321384072303772
0.20311729609966278
0.20013052225112915
0.1978546380996704
0.19803176820278168
0.1994619071483612
0.19933992624282837
0.19711486995220184
0.1967928111553192
0.19806775450706482
0.19765837490558624
0.19648697972297668
0.1962350755929947
0.19643878936767578
0.19624632596969604
0.19615714251995087
0.19622674584388733
0.19556356966495514
0.19500315189361572
0.19517207145690918
0.19522124528884888
0.19492439925670624
0.19491225481033325
0.19524498283863068
0.1953446865081787
0.1955692321062088
0.1958821564912796
0.1964736431837082
0.1961612105369568
0.19533951580524445
0.19417691230773926
0.19394081830978394
0.19410179555416107
0.1940796971321106
0.19433927536010742
0.1944957971572876
0.19420203566551208
0.19347995519638062
0.19313181936740875
0.19310852885246277
0.1930704414844513
0.1929585039615631
0.19298337399959564
0.1933709681034088
0.19378885626792908
0.19445714354515076
0.19537363946437836
0.19738352298736572
0.1976087987422943
0.19639161229133606
0.19326546788215637
0.1927613914012909
0.19398829340934753
0.19409354031085968
0.1938883662223816
0.1935158371925354
0.19299837946891785
0.1922759711742401
0.19223915040493011
0.19292759895324707
0.19275662302970886
0.192006915807724
0.19197413325309753
0.1922682821750641
0.1916104555130005
0.1911979615688324
0.19145850837230682
0.19131404161453247
0.19092358648777008
0.19096876680850983
0.19109925627708435
0.19128429889678955
0.1920771449804306
0.194878488779068
0.2004624754190445
0.21412599086761475
0.218644917011261
0.2198539674282074
0.19794899225234985
0.1975764036178589
0.21159705519676208
0.2067653089761734
0.19817878305912018
0.19627691805362701
0.20300623774528503
0.2041337788105011
0.19493436813354492
0.19647343456745148
0.20106583833694458
0.19750484824180603
0.1962389200925827
0.19487039744853973
0.195778489112854
0.19733649492263794
0.1939426213502884
0.1935819685459137
0.19404000043869019
0.19342775642871857
0.19404885172843933
0.19283530116081238
0.19258908927440643
0.19244876503944397
0.19203250110149384
0.19184063374996185
0.19111156463623047
0.19095823168754578
0.19085675477981567
0.1906609833240509
0.19064649939537048
0.1901712715625763
0.19017231464385986
0.1903611272573471
0.1908499002456665
0.19307470321655273
0.19669374823570251
0.20523300766944885
0.20753230154514313
0.2045644074678421
0.1914137899875641
0.1945248544216156
0.20223259925842285
0.19511978328227997
0.19154764711856842
0.19553232192993164
0.194395512342453
0.1910228431224823
0.19276373088359833
0.19313476979732513
0.19045326113700867
0.19085225462913513
0.19158786535263062
0.1905204951763153
0.1898190975189209
0.19000855088233948
0.19032253324985504
0.1892029196023941
0.1889847368001938
0.1895638108253479
0.18875636160373688
0.18855157494544983
0.1885942816734314
0.1884961575269699
0.18842077255249023
0.18822549283504486
0.18890155851840973
0.19031678140163422
0.1920977532863617
0.19609284400939941
0.19655190408229828
0.1948878914117813
0.1887827217578888
0.1886332780122757
0.19259198009967804
0.19086533784866333
0.1878197193145752
0.18864965438842773
0.18978352844715118
0.18866461515426636
0.18771012127399445
0.188516303896904
0.18859905004501343
0.1872202455997467
0.18714448809623718
0.18786640465259552
0.18726004660129547
0.18659061193466187
0.1868777722120285
0.18700265884399414
0.1866151988506317
0.18644195795059204
0.18693314492702484
0.18740126490592957
0.18818052113056183
0.189783975481987
0.19333192706108093
0.19426384568214417
0.19313687086105347
0.1875184327363968
0.1867085099220276
0.1898529976606369
0.18933477997779846
0.18724602460861206
0.18693804740905762
0.18790128827095032
0.18756382167339325
0.18643859028816223
0.18675127625465393
0.186997652053833
0.18620379269123077
0.18591180443763733
0.18627244234085083
0.1861591935157776
0.18540331721305847
0.18523246049880981
0.18559709191322327
0.18543115258216858
0.18504111468791962
0.1850367933511734
0.18533733487129211
0.1854657083749771
0.18574169278144836
0.18673965334892273
0.18923330307006836
0.19097977876663208
0.19250616431236267
0.18965286016464233
0.1871863752603531
0.1863316148519516
0.18689139187335968
0.18757420778274536
0.1871073842048645
0.18614685535430908
0.185265451669693
0.18582409620285034
0.18669702112674713
0.18585504591464996
0.18467190861701965
0.18453311920166016
0.18527360260486603
0.18522630631923676
0.18458175659179688
0.18489134311676025
0.18488359451293945
0.1842551827430725
0.1839086413383484
0.1839929223060608
0.18401406705379486
0.18375356495380402
0.18348586559295654
0.1835877001285553
0.18359880149364471
0.18338501453399658
0.1834046095609665
0.18369880318641663
0.18481017649173737
0.1879822462797165
0.19758455455303192
0.2109341025352478
0.23631364107131958
0.21201688051223755
0.19071152806282043
0.19246350228786469
0.20845337212085724
0.2175704836845398
0.19877071678638458
0.19171921908855438
0.19965919852256775
0.20323193073272705
0.20185983180999756
0.19205373525619507
0.19277971982955933
0.19966965913772583
0.19737760722637177
0.19312138855457306
0.19038021564483643
0.191575825214386
0.19306358695030212
0.1921595335006714
0.19178378582000732
0.19031579792499542
0.19197538495063782
0.19388696551322937
0.19214646518230438
0.19044896960258484
0.1906014382839203
0.19037491083145142
0.19365066289901733
0.19174209237098694
0.18946360051631927
0.1894044727087021
0.18891358375549316
0.1872217208147049
0.1863870918750763
0.18640266358852386
0.187092587351799
0.187016561627388
0.1863216608762741
0.18640556931495667
0.18657416105270386
0.18650254607200623
0.18532414734363556
0.18522769212722778
0.18497100472450256
0.18443846702575684
0.18415036797523499
0.18366441130638123
0.18363073468208313
0.18376663327217102
0.18336549401283264
0.18327200412750244
0.1834714263677597
0.1838584542274475
0.185310959815979
0.1877460479736328
0.19354084134101868
0.19690559804439545
0.19891828298568726
0.18779318034648895
0.18402858078479767
0.19021396338939667
0.18950073421001434
0.18464252352714539
0.1844884306192398
0.18737906217575073
0.18633142113685608
0.1835097372531891
0.1847609579563141
0.18603990972042084
0.18400275707244873
0.18319062888622284
0.18414834141731262
0.18417152762413025
0.18314555287361145
0.18253161013126373
0.18318775296211243
0.18327447772026062
0.18245086073875427
0.18221229314804077
0.18224285542964935
0.182306170463562
0.18226660788059235
0.181727796792984
0.18154430389404297
0.1816806197166443
0.18160498142242432
0.18153706192970276
0.18131376802921295
0.1810554414987564
0.18103718757629395
0.18100811541080475
0.1809978038072586
0.18105512857437134
0.18113942444324493
0.1816464364528656
0.18358194828033447
0.18739983439445496
0.19573673605918884
0.19728048145771027
0.1932394802570343
0.1839563548564911
0.18918439745903015
0.19249719381332397
0.183536559343338
0.18592219054698944
0.18930651247501373
0.1833077371120453
0.1856209933757782
0.18683867156505585
0.18335020542144775
0.1862267255783081
0.18575793504714966
0.1855272650718689
0.18930216133594513
0.19255498051643372
0.19335421919822693
0.1954101175069809
0.186314657330513
0.18357567489147186
0.1869802325963974
0.1860554963350296
0.1864873170852661
0.18494567275047302
0.18304435908794403
0.18379053473472595
0.18313592672348022
0.1832524836063385
0.18416932225227356
0.18294720351696014
0.1832333505153656
0.1836707890033722
0.18201035261154175
0.18252983689308167
0.18153828382492065
0.18096518516540527
0.1814829260110855
0.1806754469871521
0.18087828159332275
0.18104194104671478
0.18088430166244507
0.18165899813175201
0.1827477067708969
0.184260755777359
0.18764692544937134
0.18784406781196594
0.18628636002540588
0.18143543601036072
0.18074695765972137
0.18359096348285675
0.1834472119808197
0.18138036131858826
0.18024051189422607
0.18163762986660004
0.1822519749403
0.1806623339653015
0.18023943901062012
0.18062090873718262
0.18071044981479645
0.1806759238243103
0.1798590123653412
0.17982541024684906
0.18015235662460327
0.17967350780963898
0.17954231798648834
0.17965169250965118
0.17961741983890533
0.17956525087356567
0.17935442924499512
0.17909835278987885
0.17916133999824524
0.17925167083740234
0.17932888865470886
0.1793215423822403
0.17963850498199463
0.18037183582782745
0.18163658678531647
0.18240539729595184
0.18312968313694
0.18151189386844635
0.18010017275810242
0.1797451376914978
0.1797907054424286
0.17988406121730804
0.18000879883766174
0.17998728156089783
0.17935585975646973
0.17885282635688782
0.17881467938423157
0.17926251888275146
0.1795739084482193
0.17910468578338623
0.17873048782348633
0.17868410050868988
0.17877274751663208
0.17849278450012207
0.17807315289974213
0.17812618613243103
0.1783069372177124
0.17813049256801605
0.17800545692443848
0.17813949286937714
0.17841219902038574
0.1794588565826416
0.18191581964492798
0.18864786624908447
0.19765256345272064
0.21414045989513397
0.2004861980676651
0.18440398573875427
0.18316373229026794
0.19391721487045288
0.19806471467018127
0.1883656084537506
0.1899752914905548
0.19699233770370483
0.19007229804992676
0.18475371599197388
0.18716423213481903
0.18701833486557007
0.18566842377185822
0.18638324737548828
0.19009336829185486
0.19641461968421936
0.21625572443008423
0.2261274755001068
0.2402927428483963
0.19554954767227173
0.1925063580274582
0.21840722858905792
0.20778444409370422
0.20217180252075195
0.20124420523643494
0.20079675316810608
0.19921281933784485
0.19906027615070343
0.20715117454528809
0.20246504247188568
0.20542100071907043
0.19859559834003448
0.19985684752464294
0.2007790356874466
0.19547328352928162
0.18950754404067993
0.1942625343799591
0.19045241177082062
0.19071978330612183
0.1889670044183731
0.1897314488887787
0.19385133683681488
0.20357730984687805
0.21707044541835785
0.2390286773443222
0.2096891701221466
0.18920329213142395
0.19876238703727722
0.20506401360034943
0.1949276179075241
0.18957734107971191
0.19365869462490082
0.19765855371952057
0.1909005343914032
0.1875738650560379
0.19072511792182922
0.1902448832988739
0.18733854591846466
0.18680095672607422
0.1873629093170166
0.1872061938047409
0.1854553371667862
0.1837683618068695
0.18459706008434296
0.1841515600681305
0.18397106230258942
0.18237276375293732
0.1831468641757965
0.1834588646888733
0.18424606323242188
0.18703067302703857
0.1956222653388977
0.20371657609939575
0.2107197493314743
0.18876533210277557
0.1840675175189972
0.1957218050956726
0.18768088519573212
0.18317776918411255
0.18914395570755005
0.1853315830230713
0.1822177618741989
0.18572008609771729
0.18381251394748688
0.18164749443531036
0.183135986328125
0.1827751100063324
0.1814851462841034
0.181157186627388
0.18184250593185425
0.18109813332557678
0.18019862473011017
0.1806698441505432
0.18056857585906982
0.1797829568386078
0.17951056361198425
0.1798505336046219
0.17948660254478455
0.17893782258033752
0.17898797988891602
0.17899110913276672
0.17868773639202118
0.17847700417041779
0.17833495140075684
0.17830181121826172
0.17822511494159698
0.17793574929237366
0.1778412163257599
0.17783096432685852
0.17780034244060516
0.17779874801635742
0.17809855937957764
0.17954283952713013
0.18303102254867554
0.19195052981376648
0.1974991261959076
0.19856107234954834
0.18106746673583984
0.18246611952781677
0.19205591082572937
0.18223115801811218
0.18096403777599335
0.18657930195331573
0.1810806691646576
0.18084050714969635
0.18383672833442688
0.1801396608352661
0.18041008710861206
0.1819920390844345
0.17948082089424133
0.1799307018518448
0.18036937713623047
0.17907001078128815
0.17933781445026398
0.1790393888950348
0.17881160974502563
0.1786089539527893
0.17809730768203735
0.17850345373153687
0.17788711190223694
0.17751166224479675
0.17799760401248932
0.17737725377082825
0.17716321349143982
0.17738579213619232
0.17704837024211884
0.17693991959095
0.1768852323293686
0.17669174075126648
0.17667469382286072
0.17661438882350922
0.1763831079006195
0.17634454369544983
0.17635636031627655
0.17618219554424286
0.17616480588912964
0.1761687994003296
0.1761268973350525
0.1764349639415741
0.17725417017936707
0.17867833375930786
0.18209043145179749
0.18450011312961578
0.18613523244857788
0.1801605075597763
0.17660892009735107
0.17924916744232178
0.1806601583957672
0.17824916541576385
0.1764068901538849
0.17851805686950684
0.1789824515581131
0.17657066881656647
0.17678403854370117
0.1781740039587021
0.17698457837104797
0.17607632279396057
0.17684406042099
0.1768876165151596
0.17613282799720764
0.17596474289894104
0.17627893388271332
0.17625564336776733
0.17579825222492218
0.17558544874191284
0.17582984268665314
0.1758640557527542
0.17546890676021576
0.1752842217683792
0.17543953657150269
0.17544813454151154
0.1752937138080597
0.17516522109508514
0.1750531941652298
0.1750415563583374
0.17508547008037567
0.17503932118415833
0.1749066263437271
0.17480242252349854
0.17478825151920319
0.1748201996088028
0.17489932477474213
0.17525258660316467
0.1762223094701767
0.17896047234535217
0.18348005414009094
0.19143661856651306
0.18777978420257568
0.17948615550994873
0.1768454909324646
0.18242087960243225
0.18165060877799988
0.17675718665122986
0.18002033233642578
0.1809479296207428
0.17670682072639465
0.17871956527233124
0.1797277331352234
0.1767713576555252
0.17877686023712158
0.17903442680835724
0.17715418338775635
0.17925266921520233
0.1799812614917755
0.17872315645217896
0.18053197860717773
0.17853055894374847
0.1763763129711151
0.17712274193763733
0.17650608718395233
0.1763455867767334
0.17722386121749878
0.17667333781719208
0.17640329897403717
0.1764451265335083
0.17545393109321594
0.17554742097854614
0.1755303293466568
0.17509478330612183
0.1754816472530365
0.17545919120311737
0.17537720501422882
0.17582771182060242
0.1761966496706009
0.17623689770698547
0.17669110000133514
0.17625099420547485
0.17550460994243622
0.17480769753456116
0.17457205057144165
0.1747131645679474
0.17510876059532166
0.17531722784042358
0.1749817430973053
0.17471499741077423
0.174429789185524
0.17418333888053894
0.17422112822532654
0.1743590533733368
0.17442166805267334
0.174549400806427
0.17474277317523956
0.1746598780155182
0.17458030581474304
0.1743873506784439
0.17414017021656036
0.17392179369926453
0.17385035753250122
0.1738239824771881
0.17383159697055817
0.17392420768737793
0.17411768436431885
0.17453093826770782
0.1750456541776657
0.17599216103553772
0.1766052544116974
0.17708244919776917
0.17593638598918915
0.1747410148382187
0.1742563545703888
0.17475122213363647
0.17555685341358185
0.17539137601852417
0.17460843920707703
0.17393100261688232
0.17419306933879852
0.17453354597091675
0.1744082272052765
0.17432576417922974
0.17417165637016296
0.17405350506305695
0.17397087812423706
0.17386281490325928
0.17363232374191284
0.17360393702983856
0.1739296019077301
0.17410875856876373
0.17412662506103516
0.1742587834596634
0.1748914122581482
0.1754690706729889
0.1762886345386505
0.17609305679798126
0.17536866664886475
0.17405883967876434
0.17400379478931427
0.17457622289657593
0.17440079152584076
0.1738458126783371
0.17374134063720703
0.17422258853912354
0.17448927462100983
0.1744292974472046
0.17430658638477325
0.17496013641357422
0.17576056718826294
0.17680105566978455
0.17682909965515137
0.17667534947395325
0.17534686625003815
0.17521131038665771
0.17502069473266602
0.17401239275932312
0.17412517964839935
0.17519620060920715
0.1753717064857483
0.17496123909950256
0.1753385066986084
0.17481550574302673
0.17438587546348572
0.17442572116851807
0.17398962378501892
0.17328621447086334
0.17349115014076233
0.1737818866968155
0.17363393306732178
0.17381969094276428
0.17432735860347748
0.17562264204025269
0.1779765486717224
0.18305303156375885
0.18584328889846802
0.18814757466316223
0.18201234936714172
0.1798628568649292
0.18057575821876526
0.18092218041419983
0.18255528807640076
0.18099552392959595
0.18107452988624573
0.1797318160533905
0.17760780453681946
0.17655602097511292
0.17707239091396332
0.17816127836704254
0.17830830812454224
0.17890039086341858
0.18225356936454773
0.18928486108779907
0.18842396140098572
0.18851161003112793
0.1816878765821457
0.1780318170785904
0.1810840666294098
0.18027135729789734
0.17854133248329163
0.18097469210624695
0.1807357668876648
0.17742374539375305
0.17757044732570648
0.17657959461212158
0.17700429260730743
0.1768268346786499
0.17542284727096558
0.17599600553512573
0.17560403048992157
0.1756276786327362
0.17706748843193054
0.17878606915473938
0.18852488696575165
0.2042166292667389
0.2372829020023346
0.213829904794693
0.19112417101860046
0.18603554368019104
0.20295000076293945
0.21444836258888245
0.19438830018043518
0.1932128667831421
0.20410241186618805
0.20049461722373962
0.19223052263259888
0.18573622405529022
0.19175463914871216
0.1915845274925232
0.188386008143425
0.20510098338127136
0.25127214193344116
0.42787522077560425
0.2964768409729004
0.28452789783477783
0.2267540991306305
0.25356030464172363
0.34714484214782715
0.33577150106430054
0.43645626306533813
0.2473336011171341
0.28670889139175415
0.36176860332489014
0.34226274490356445
0.3993249237537384
0.2942121624946594
0.3159579038619995
0.2866731286048889
0.3259425759315491
0.364589124917984
0.35161030292510986
0.3256274461746216
0.27249395847320557
0.27959105372428894
0.30375516414642334
0.2744779884815216
0.2858599126338959
0.25727611780166626
0.25112393498420715
0.23887324333190918
0.24008871614933014
0.24087344110012054
0.24361392855644226
0.27188771963119507
0.29746320843696594
0.3336820602416992
0.23534618318080902
0.25263214111328125
0.2765338718891144
0.23139247298240662
0.24578708410263062
0.24188318848609924
0.2267267256975174
0.23206567764282227
0.22128775715827942
0.22047267854213715
0.22016438841819763
0.21132101118564606
0.21301546692848206
0.20929718017578125
0.20769226551055908
0.20819371938705444
0.20565064251422882
0.20534607768058777
0.20575223863124847
0.20373886823654175
0.20458075404167175
0.20329782366752625
0.19895713031291962
0.19703292846679688
0.19475339353084564
0.19401980936527252
0.19521595537662506
0.19431403279304504
0.19391509890556335
0.1924048364162445
0.19122131168842316
0.18953730165958405
0.18893498182296753
0.18890073895454407
0.18834856152534485
0.18865039944648743
0.18854227662086487
0.1884405016899109
0.18800564110279083
0.18776197731494904
0.1865096539258957
0.18555215001106262
0.18461158871650696
0.1844257265329361
0.18415334820747375
0.18436364829540253
0.18454888463020325
0.18445038795471191
0.1842864751815796
0.18387416005134583
0.18319183588027954
0.18244235217571259
0.18186846375465393
0.18169422447681427
0.18165847659111023
0.18171516060829163
0.1818566769361496
0.18201962113380432
0.1819530427455902
0.18186599016189575
0.18143489956855774
0.1808236688375473
0.18018341064453125
0.17981205880641937
0.17982117831707
0.17994526028633118
0.18011608719825745
0.1801966279745102
0.18024466931819916
0.17993852496147156
0.17953741550445557
0.1790371835231781
0.1786896139383316
0.17853675782680511
0.17853890359401703
0.17867524921894073
0.17884600162506104
0.17907902598381042
0.1791766732931137
0.17929059267044067
0.17898499965667725
0.17849208414554596
0.17783087491989136
0.17751534283161163
0.17761540412902832
0.1778567135334015
0.17804500460624695
0.17800991237163544
0.17786793410778046
0.17748317122459412
0.17708653211593628
0.1768515706062317
0.17687365412712097
0.17702287435531616
0.17715099453926086
0.17732363939285278
0.1774449497461319
0.17758935689926147
0.17735974490642548
0.17696218192577362
0.17646950483322144
0.17624008655548096
0.17625564336776733
0.17634789645671844
0.17650151252746582
0.17667880654335022
0.17690543830394745
0.17681489884853363
0.17655113339424133
0.1761317253112793
0.17589126527309418
0.17576132714748383
0.17567917704582214
0.1757347732782364
0.17594008147716522
0.17621633410453796
0.17630234360694885
0.17641206085681915
0.17639446258544922
0.17636416852474213
0.17587321996688843
0.1752956658601761
0.17508701980113983
0.17533037066459656
0.17557847499847412
0.17557844519615173
0.17565134167671204
0.17571330070495605
0.17563927173614502
0.17517757415771484
0.17481480538845062
0.1747925877571106
0.17486223578453064
0.174770325422287
0.1747051179409027
0.1749260276556015
0.17531539499759674
0.17593084275722504
0.1767304241657257
0.1785046011209488
0.1796582192182541
0.18032899498939514
0.1771603226661682
0.1746884286403656
0.17550380527973175
0.17688165605068207
0.17650024592876434
0.17526154220104218
0.17545399069786072
0.17562036216259003
0.17501196265220642
0.1751338690519333
0.17530089616775513
0.17463001608848572
0.17425160109996796
0.17479945719242096
0.17485365271568298
0.17423905432224274
0.17427405714988708
0.1744401454925537
0.1740315705537796
0.1738308221101761
0.17404583096504211
0.17393448948860168
0.17367342114448547
0.1737549751996994
0.17386595904827118
0.17380888760089874
0.1739877164363861
0.17485523223876953
0.17631404101848602
0.17960327863693237
0.1828695684671402
0.1871771216392517
0.1815752387046814
0.17480477690696716
0.17574915289878845
0.17971523106098175
0.17820480465888977
0.17486143112182617
0.17666375637054443
0.1771940290927887
0.17506296932697296
0.17603614926338196
0.1761208176612854
0.17432940006256104
0.17550669610500336
0.1756281852722168
0.17385974526405334
0.17475999891757965
0.17496542632579803
0.17369294166564941
0.17445017397403717
0.1744237244129181
0.1734648048877716
0.1740918755531311
0.17388024926185608
0.17326396703720093
0.17378123104572296
0.17351596057415009
0.1731155812740326
0.17350178956985474
0.1733047068119049
0.1730683594942093
0.17344950139522552
0.17343425750732422
0.173539936542511
0.17425671219825745
0.17517217993736267
0.17549064755439758
0.17607304453849792
0.17499519884586334
0.17332586646080017
0.1727459728717804
0.173661470413208
0.1741272658109665
0.17352426052093506
0.1731516718864441
0.1728968620300293
0.1727534383535385
0.17307816445827484
0.1732526421546936
0.1728406846523285
0.17238882184028625
0.17250874638557434
0.1725844144821167
0.17246589064598083
0.17261742055416107
0.17269042134284973
0.1724735051393509
0.17226523160934448
0.17227235436439514
0.17217986285686493
0.1720082312822342
0.17196424305438995
0.17201140522956848
0.172003373503685
0.17197129130363464
0.1720847487449646
0.1724075824022293
0.17311738431453705
0.17427586019039154
0.17687059938907623
0.17895707488059998
0.1806889921426773
0.1763145476579666
0.1725102663040161
0.1737094670534134
0.17571699619293213
0.17497704923152924
0.17319726943969727
0.17360395193099976
0.17402179539203644
0.17327387630939484
0.17332717776298523
0.1733180284500122
0.17262953519821167
0.17278164625167847
0.17313267290592194
0.17252177000045776
0.1720459759235382
0.17242909967899323
0.17246627807617188
0.17202803492546082
0.17209622263908386
0.1722264438867569
0.17187391221523285
0.1716974824666977
0.1718924343585968
0.17174579203128815
0.1714957058429718
0.17160677909851074
0.1716410517692566
0.1714305281639099
0.1714022010564804
0.1715293526649475
0.17153769731521606
0.17169085144996643
0.1723124384880066
0.17389602959156036
0.17627841234207153
0.18102434277534485
0.18201573193073273
0.18053679168224335
0.17344769835472107
0.17327487468719482
0.1778860092163086
0.17616161704063416
0.17260511219501495
0.1731663942337036
0.1752619743347168
0.1741446703672409
0.17208054661750793
0.1733417809009552
0.1742667257785797
0.17249956727027893
0.17215518653392792
0.1731470674276352
0.17266914248466492
0.17199063301086426
0.1720813512802124
0.1722397655248642
0.1721199005842209
0.1717112511396408
0.1716213971376419
0.17186079919338226
0.17165659368038177
0.17131446301937103
0.17142289876937866
0.17151856422424316
0.1712409257888794
0.17108675837516785
0.1711629331111908
0.1711306869983673
0.17105555534362793
0.17100630700588226
0.17090047895908356
0.17088571190834045
0.17098796367645264
0.17099279165267944
0.1710599958896637
0.17143474519252777
0.1722993552684784
0.17337873578071594
0.17523260414600372
0.17548105120658875
0.17468971014022827
0.17200076580047607
0.1714743673801422
0.17285241186618805
0.1729487180709839
0.17205528914928436
0.17129966616630554
0.1717296838760376
0.1722109615802765
0.1715891808271408
0.17107222974300385
0.1713620126247406
0.1714981496334076
0.17102184891700745
0.17086461186408997
0.17122294008731842
0.1710820198059082
0.1706782877445221
0.17062094807624817
0.17071275413036346
0.17069895565509796
0.17061178386211395
0.1704888790845871
0.17050990462303162
0.1707151085138321
0.17077799141407013
0.17095360159873962
0.17162901163101196
0.17307494580745697
0.1741718202829361
0.1753315031528473
0.17424708604812622
0.1727059781551361
0.1713932752609253
0.1717780977487564
0.17249268293380737
0.1721123605966568
0.171835795044899
0.17135612666606903
0.17092101275920868
0.17136257886886597
0.17169027030467987
0.171129509806633
0.1704641878604889
0.17063024640083313
0.17088326811790466
0.17089323699474335
0.17088691890239716
0.17059649527072906
0.17049777507781982
0.1705506145954132
0.17028802633285522
0.17005202174186707
0.170238196849823
0.17033135890960693
0.17019377648830414
0.1702907383441925
0.1705358624458313
0.17096710205078125
0.17173703014850616
0.1732332706451416
0.17410039901733398
0.17511413991451263
0.17386767268180847
0.1718837171792984
0.17047801613807678
0.1717934012413025
0.17329783737659454
0.17203141748905182
0.17062810063362122
0.1706308275461197
0.17122268676757812
0.17160683870315552
0.1710861623287201
0.17032459378242493
0.170325368642807
0.1708109974861145
0.170706108212471
0.1703016310930252
0.17037944495677948
0.17029540240764618
0.17008763551712036
0.17015518248081207
0.170064315199852
0.16993305087089539
0.17012937366962433
0.17027884721755981
0.1701168268918991
0.17017576098442078
0.1703578531742096
0.17058967053890228
0.1709434688091278
0.17156101763248444
0.17134255170822144
0.1708018183708191
0.1703118085861206
0.1702374964952469
0.17017410695552826
0.17013691365718842
0.1700555831193924
0.1699083149433136
0.17019560933113098
0.1704953908920288
0.17034029960632324
0.16998820006847382
0.17013835906982422
0.17032946646213531
0.17041432857513428
0.17029346525669098
0.1700996607542038
0.1698383092880249
0.1700042337179184
0.17010818421840668
0.1697932928800583
0.1695094108581543
0.16965678334236145
0.16979043185710907
0.16983315348625183
0.16992934048175812
0.17030319571495056
0.17100870609283447
0.17281335592269897
0.17481963336467743
0.1782045066356659
0.1780168116092682
0.17770639061927795
0.17450051009655
0.17325399816036224
0.17421303689479828
0.17573213577270508
0.17636297643184662
0.1733849048614502
0.17252840101718903
0.17253969609737396
0.17250066995620728
0.17395639419555664
0.1728094518184662
0.170646071434021
0.17099113762378693
0.17177248001098633
0.17149756848812103
0.17187558114528656
0.17176763713359833
0.17040184140205383
0.170545294880867
0.17061907052993774
0.17015428841114044
0.17058855295181274
0.17058394849300385
0.17046114802360535
0.17081552743911743
0.1708817481994629
0.1706419438123703
0.17071257531642914
0.1702500581741333
0.16997212171554565
0.1699119210243225
0.16971006989479065
0.16964392364025116
0.16961798071861267
0.16947396099567413
0.16958844661712646
0.16985425353050232
0.1701483130455017
0.17100343108177185
0.1719237118959427
0.17342522740364075
0.17412301898002625
0.17457595467567444
0.17216837406158447
0.17055048048496246
0.17104093730449677
0.1721959114074707
0.17295092344284058
0.17127841711044312
0.16959333419799805
0.1701270043849945
0.17126871645450592
0.17119517922401428
0.17019213736057281
0.16961005330085754
0.16970011591911316
0.17036761343479156
0.17050917446613312
0.16972994804382324
0.16936711966991425
0.16938242316246033
0.16952654719352722
0.16988295316696167
0.1697694957256317
0.16944968700408936
0.16925320029258728
0.16905666887760162
0.16896773874759674
0.1691695898771286
0.16930921375751495
0.1693723350763321
0.16965585947036743
0.16977261006832123
0.16981849074363708
0.16972167789936066
0.16951043903827667
0.1690722554922104
0.16889725625514984
0.1689831167459488
0.1691695749759674
0.1695609986782074
0.16983895003795624
0.1700669378042221
0.16994106769561768
0.16967886686325073
0.16909222304821014
0.16885024309158325
0.16913747787475586
0.16945461928844452
0.16967235505580902
0.16961486637592316
0.16939513385295868
0.1690886914730072
0.16933582723140717
0.16988420486450195
0.17038461565971375
0.1701444387435913
0.1695542335510254
0.16919687390327454
0.17002277076244354
0.1710556298494339
0.1720525026321411
0.17276422679424286
0.17552953958511353
0.17786122858524323
0.18152935802936554
0.17726808786392212
0.17135098576545715
0.17046688497066498
0.17477959394454956
0.1754685640335083
0.17315064370632172
0.17807917296886444
0.18280811607837677
0.18333549797534943
0.17939531803131104
0.1827409416437149
0.18157517910003662
0.1778479963541031
0.1726580262184143
0.17560753226280212
0.17645268142223358
0.1737860143184662
0.1783783733844757
0.1795213371515274
0.18202964961528778
0.18692798912525177
0.19438019394874573
0.18662667274475098
0.18089014291763306
0.17451420426368713
0.1803135722875595
0.18178299069404602
0.1791790872812271
0.18319661915302277
0.1760282665491104
0.1764480620622635
0.1745070517063141
0.17459559440612793
0.17709453403949738
0.1741197407245636
0.17853926122188568
0.180258646607399
0.18885549902915955
0.1892777979373932
0.18848629295825958
0.17962726950645447
0.17576777935028076
0.1793634444475174
0.17847856879234314
0.1776244342327118
0.17603649199008942
0.17375770211219788
0.17584572732448578
0.17625519633293152
0.17490506172180176
0.17253391444683075
0.1724485456943512
0.17395752668380737
0.17266060411930084
0.17251290380954742
0.17372797429561615
0.17388916015625
0.17341186106204987
0.173679381608963
0.17343665659427643
0.17318959534168243
0.17140796780586243
0.17098256945610046
0.17096899449825287
0.17094874382019043
0.1713458150625229
0.17098164558410645
0.17129305005073547
0.171275794506073
0.17061971127986908
0.17031297087669373
0.17029696702957153
0.16999922692775726
0.16966848075389862
0.1694422960281372
0.16961301863193512
0.1695404052734375
0.1693870723247528
0.16964611411094666
0.16990257799625397
0.17070570588111877
0.17212966084480286
0.17470437288284302
0.17601236701011658
0.17690783739089966
0.17260882258415222
0.16974052786827087
0.17106716334819794
0.17279094457626343
0.1718827337026596
0.1693880558013916
0.17022663354873657
0.17175757884979248
0.1703842133283615
0.16942693293094635
0.16982394456863403
0.17010031640529633
0.1700574904680252
0.16934750974178314
0.16908985376358032
0.16949120163917542
0.16950726509094238
0.16915488243103027
0.1687624752521515
0.16886255145072937
0.16907252371311188
0.168870210647583
0.16881056129932404
0.1687764674425125
0.16853199899196625
0.16850504279136658
0.1685955822467804
0.1684325784444809
0.16833016276359558
0.16836601495742798
0.16835129261016846
0.1684436798095703
0.1686977744102478
0.16927284002304077
0.1701381504535675
0.1717316210269928
0.1729426085948944
0.17439262568950653
0.17241527140140533
0.1702987402677536
0.170057013630867
0.17136290669441223
0.17188885807991028
0.17024201154708862
0.16919150948524475
0.1695779711008072
0.1703283190727234
0.17007696628570557
0.16888479888439178
0.16892752051353455
0.16958090662956238
0.16926388442516327
0.16874468326568604
0.16869664192199707
0.16886939108371735
0.16865450143814087
0.16840223968029022
0.1685885488986969
0.1685251146554947
0.16835901141166687
0.16839216649532318
0.16819871962070465
0.16796821355819702
0.1681309938430786
0.16816911101341248
0.1679861843585968
0.16796201467514038
0.16807526350021362
0.16822335124015808
0.16878831386566162
0.1699228286743164
0.17246994376182556
0.17500022053718567
0.17880551517009735
0.17643707990646362
0.17224392294883728
0.16947071254253387
0.17263785004615784
0.17570272088050842
0.17167748510837555
0.16884006559848785
0.17082838714122772
0.17173823714256287
0.17074349522590637
0.16956114768981934
0.1695154756307602
0.17007841169834137
0.17015735805034637
0.16951987147331238
0.16869379580020905
0.16903285682201385
0.1695859134197235
0.16909681260585785
0.1686675250530243
0.16863977909088135
0.16849206387996674
0.16837480664253235
0.16859892010688782
0.16859892010688782
0.16824769973754883
0.16822612285614014
0.16818220913410187
0.16798774898052216
0.16806599497795105
0.16828440129756927
0.16843195259571075
0.16886675357818604
0.16934223473072052
0.1701638400554657
0.1709420382976532
0.17277878522872925
0.17382857203483582
0.17512187361717224
0.17215894162654877
0.16972580552101135
0.1710560917854309
0.17286410927772522
0.17291629314422607
0.17015402019023895
0.16885793209075928
0.16985684633255005
0.17077438533306122
0.16992969810962677
0.16865527629852295
0.16956453025341034
0.1699172407388687
0.16881613433361053
0.16844651103019714
0.16863898932933807
0.16884946823120117
0.1687382459640503
0.16818265616893768
0.16813749074935913
0.16843026876449585
0.16835656762123108
0.1686248630285263
0.16904722154140472
0.17008468508720398
0.1721058040857315
0.17550316452980042
0.17498347163200378
0.1733238697052002
0.17060929536819458
0.17062163352966309
0.17122724652290344
0.1703585386276245
0.17018836736679077
0.17044520378112793
0.17015022039413452
0.16927571594715118
0.16875013709068298
0.1689254194498062
0.16926917433738708
0.16886122524738312
0.1685817688703537
0.16922470927238464
0.1695612072944641
0.17014670372009277
0.1708870679140091
0.17260104417800903
0.17304083704948425
0.17242449522018433
0.16927486658096313
0.1686757504940033
0.16948533058166504
0.16955052316188812
0.16983230412006378
0.16924813389778137
0.16915225982666016
0.1694975048303604
0.16874685883522034
0.16790913045406342
0.1682409793138504
0.16835758090019226
0.168307363986969
0.16826285421848297
0.16798290610313416
0.16867315769195557
0.16954298317432404
0.17068445682525635
0.17260774970054626
0.17623309791088104
0.1758802831172943
0.17393730580806732
0.16921639442443848
0.16908808052539825
0.17256486415863037
0.17223699390888214
0.17013691365718842
0.16936630010604858
0.17016209661960602
0.17030875384807587
0.1690467894077301
0.16870978474617004
0.16957123577594757
0.16943565011024475
0.16832712292671204
0.16819502413272858
0.16885751485824585
0.16880984604358673
0.16839110851287842
0.16892895102500916
0.16993893682956696
0.17133639752864838
0.1720244288444519
0.1736871749162674
0.1734485775232315
0.1720775067806244
0.16878017783164978
0.16873031854629517
0.17079205811023712
0.1709524691104889
0.16989944875240326
0.16822320222854614
0.1685762256383896
0.16954481601715088
0.16914746165275574
0.1688350886106491
0.16828054189682007
0.16821318864822388
0.16859564185142517
0.16814154386520386
0.16781213879585266
0.16803573071956635
0.1680985689163208
0.16802829504013062
0.1679477095603943
0.1675949990749359
0.16755005717277527
0.16779807209968567
0.1679747998714447
0.16831335425376892
0.1690462827682495
0.16941092908382416
0.170493483543396
0.17120538651943207
0.17156943678855896
0.16967637836933136
0.16794826090335846
0.16791965067386627
0.16938260197639465
0.1701941192150116
0.16896729171276093
0.16824527084827423
0.1682719588279724
0.16838495433330536
0.16828343272209167
0.16786734759807587
0.1677321046590805
0.16787594556808472
0.1680220663547516
0.16787470877170563
0.16754278540611267
0.16734758019447327
0.16776974499225616
0.16814114153385162
0.16836273670196533
0.16888979077339172
0.17068853974342346
0.1720419079065323
0.17316019535064697
0.1709161102771759
0.1686192899942398
0.16818469762802124
0.16924870014190674
0.16937948763370514
0.16853567957878113
0.16883695125579834
0.16910839080810547
0.16929200291633606
0.16926726698875427
0.16870862245559692
0.1689797043800354
0.1705731600522995
0.17019891738891602
0.16964225471019745
0.16954690217971802
0.1695629060268402
0.1685369908809662
0.16772601008415222
0.16764360666275024
0.16811294853687286
0.16859224438667297
0.16833460330963135
0.16857250034809113
0.16942539811134338
0.17045748233795166
0.17068833112716675
0.1710990071296692
0.16942578554153442
0.16846686601638794
0.16875043511390686
0.1684499979019165
0.1677713245153427
0.16779300570487976
0.16838929057121277
0.16889530420303345
0.1690235733985901
0.16916987299919128
0.17066365480422974
0.17100900411605835
0.17101669311523438
0.16983045637607574
0.16850730776786804
0.16748136281967163
0.1682039201259613
0.16902561485767365
0.16859889030456543
0.1686273217201233
0.16877830028533936
0.1692206859588623
0.16923286020755768
0.16836252808570862
0.1676512211561203
0.16802945733070374
0.16771449148654938
0.16776853799819946
0.1681617647409439
0.16770103573799133
0.16773571074008942
0.1690761148929596
0.17054271697998047
0.17416316270828247
0.17696332931518555
0.18140220642089844
0.17887766659259796
0.1759772151708603
0.17135487496852875
0.17476485669612885
0.1811722218990326
0.1795145869255066
0.1805928349494934
0.1767059862613678
0.17373023927211761
0.17384576797485352
0.17570999264717102
0.1775020956993103
0.17615853250026703
0.17987141013145447
0.18598996102809906
0.19794151186943054
0.19036784768104553
0.18920686841011047
0.18102127313613892
0.17795035243034363
0.1831238865852356
0.1843995749950409
0.17976167798042297
0.1890016496181488
0.216030091047287
0.3145943284034729
0.29871875047683716
0.3441075086593628
0.21806371212005615
0.2316763699054718
0.25877314805984497
0.35407692193984985
0.6420101523399353
0.4328914284706116
0.6625211238861084
0.44241058826446533
0.4900582432746887
0.4896681606769562
0.5493727326393127
0.9844589233398438
0.4630427658557892
0.44906172156333923
0.564853847026825
0.5298471450805664
0.6289728879928589
0.42573535442352295
0.4357476234436035
0.4300042390823364
0.4387281537055969
0.5023487210273743
0.39346206188201904
0.36520200967788696
0.3398711681365967
0.3652469217777252
0.3775397539138794
0.3515154719352722
0.32872509956359863
0.29973268508911133
0.2871284484863281
0.28655296564102173
0.2904585003852844
0.28745004534721375
0.2728852927684784
0.26234957575798035
0.24911974370479584
0.2414473295211792
0.23949074745178223
0.24129974842071533
0.24718329310417175
0.24660234153270721
0.25219008326530457
0.2347458153963089
0.22299060225486755
0.21798935532569885
0.2244510054588318
0.22626352310180664
0.21704430878162384
0.2120039314031601
0.21046733856201172
0.21256223320960999
0.21139389276504517
0.20927447080612183
0.2044461965560913
0.20197197794914246
0.20255890488624573
0.2030457854270935
0.20250017940998077
0.20092728734016418
0.19969841837882996
0.19748841226100922
0.19515332579612732
0.19473662972450256
0.19441211223602295
0.19424165785312653
0.19408605992794037
0.19469840824604034
0.19540438055992126
0.19448158144950867
0.19406776130199432
0.19200584292411804
0.1898435801267624
0.18843412399291992
0.188745379447937
0.18940894305706024
0.18913157284259796
0.18862929940223694
0.1876121610403061
0.18637092411518097
0.18559686839580536
0.18567149341106415
0.18580801784992218
0.1857863813638687
0.18584604561328888
0.18576449155807495
0.18541163206100464
0.18440216779708862
0.1837402880191803
0.18310143053531647
0.18273276090621948
0.18259547650814056
0.18277272582054138
0.18302442133426666
0.183035746216774
0.18338418006896973
0.18336907029151917
0.18320858478546143
0.18216072022914886
0.1812261939048767
0.18067839741706848
0.18056724965572357
0.18078777194023132
0.1810293197631836
0.1811513602733612
0.18066874146461487
0.1801159828901291
0.17961089313030243
0.1792895346879959
0.17911376059055328
0.17912226915359497
0.17934246361255646
0.17954884469509125
0.17986813187599182
0.18008922040462494
0.18044352531433105
0.17998850345611572
0.17918916046619415
0.17816416919231415
0.1778509020805359
0.17811939120292664
0.17839623987674713
0.17857301235198975
0.17833475768566132
0.17786771059036255
0.1772478222846985
0.17702418565750122
0.17719265818595886
0.177353635430336
0.17745378613471985
0.17748227715492249
0.17755696177482605
0.17724716663360596
0.17680582404136658
0.1764056533575058
0.1762494146823883
0.17617473006248474
0.1761089563369751
0.17618924379348755
0.17643748223781586
0.17687174677848816
0.17729157209396362
0.17813917994499207
0.17858508229255676
0.17889468371868134
0.1773647665977478
0.17577055096626282
0.17547696828842163
0.17632214725017548
0.1768423467874527
0.1762886941432953
0.1757078468799591
0.17537608742713928
0.17531119287014008
0.1754949986934662
0.17566993832588196
0.1755378395318985
0.1749141961336136
0.1745888590812683
0.17476825416088104
0.17488469183444977
0.17483291029930115
0.174881249666214
0.17511940002441406
0.17503507435321808
0.1748020350933075
0.17460012435913086
0.17456942796707153
0.17431223392486572
0.17396777868270874
0.17384615540504456
0.1739063262939453
0.17386774718761444
0.17377877235412598
0.1739126294851303
0.17428314685821533
0.17502999305725098
0.176239013671875
0.17923344671726227
0.18177014589309692
0.18461734056472778
0.17948848009109497
0.1745857447385788
0.17544934153556824
0.17785897850990295
0.17705155909061432
0.1749456822872162
0.17544199526309967
0.17578424513339996
0.17497199773788452
0.175123393535614
0.17468342185020447
0.17410282790660858
0.17490145564079285
0.1744728982448578
0.17332719266414642
0.17391647398471832
0.17418915033340454
0.17333994805812836
0.17339274287223816
0.17361074686050415
0.1729593127965927
0.1730133295059204
0.1733453869819641
0.172909677028656
0.17285841703414917
0.1730797290802002
0.1728067249059677
0.17263595759868622
0.17285239696502686
0.17270885407924652
0.17254437506198883
0.17269593477249146
0.17281407117843628
0.1726798117160797
0.17282123863697052
0.17297537624835968
0.17295895516872406
0.17266012728214264
0.17251625657081604
0.17222356796264648
0.17185625433921814
0.17174595594406128
0.1719091832637787
0.1720276027917862
0.17207401990890503
0.17234238982200623
0.17262692749500275
0.17287318408489227
0.17272497713565826
0.1725912243127823
0.1721499264240265
0.171627938747406
0.1713598519563675
0.17159999907016754
0.1719641536474228
0.1720118224620819
0.1719784140586853
0.17186018824577332
0.17169219255447388
0.1713016778230667
0.17106802761554718
0.17117992043495178
0.17135122418403625
0.17143167555332184
0.1715565323829651
0.17197605967521667
0.17230908572673798
0.17261451482772827
0.17240464687347412
0.17221121490001678
0.17166192829608917
0.17108064889907837
0.1708713322877884
0.17127439379692078
0.17174747586250305
0.1716366708278656
0.17132939398288727
0.171055406332016
0.1708979457616806
0.17071481049060822
0.1707252413034439
0.17101460695266724
0.17120647430419922
0.17125913500785828
0.1712120920419693
0.17137756943702698
0.1713293492794037
0.1710086613893509
0.17052800953388214
0.17042142152786255
0.17052406072616577
0.17048749327659607
0.17049746215343475
0.17074504494667053
0.1711571216583252
0.17140600085258484
0.1719026267528534
0.1724162995815277
0.1731826364994049
0.17263734340667725
0.1713603138923645
0.17032058537006378
0.17068752646446228
0.17126736044883728
0.1711742877960205
0.17127463221549988
0.17123857140541077
0.17067037522792816
0.17005594074726105
0.1703040897846222
0.17072436213493347
0.1705436259508133
0.17044438421726227
0.17072808742523193
0.17092323303222656
0.17052148282527924
0.1703321635723114
0.1704176962375641
0.17025724053382874
0.16984061896800995
0.16979600489139557
0.1699228286743164
0.1697891801595688
0.16964541375637054
0.16976842284202576
0.16997383534908295
0.17020553350448608
0.17115828394889832
0.17348383367061615
0.17960533499717712
0.18610535562038422
0.1978355348110199
0.1878388673067093
0.17573611438274384
0.17454363405704498
0.18285298347473145
0.18276044726371765
0.1725718379020691
0.17654892802238464
0.1821720004081726
0.17398619651794434
0.1736917346715927
0.17852330207824707
0.17383608222007751
0.17263329029083252
0.1756860464811325
0.1732672154903412
0.1719556599855423
0.17365942895412445
0.17278487980365753
0.1715705692768097
0.1721009910106659
0.17233245074748993
0.17150121927261353
0.17100189626216888
0.17168954014778137
0.17153669893741608
0.1706075817346573
0.17081333696842194
0.1711181253194809
0.17072048783302307
0.1704210340976715
0.1702762246131897
0.1703621745109558
0.1704527586698532
0.1701122522354126
0.1698504239320755
0.1699027717113495
0.1698928326368332
0.16984686255455017
0.16980187594890594
0.16962867975234985
0.1694747656583786
0.1694703847169876
0.1693991720676422
0.16935399174690247
0.1693977266550064
0.16936977207660675
0.1693742573261261
0.16940829157829285
0.16941538453102112
0.16936041414737701
0.1693456470966339
0.1692706197500229
0.16917447745800018
0.1690717190504074
0.16898298263549805
0.16884514689445496
0.16875717043876648
0.1687442511320114
0.1687401980161667
0.16877788305282593
0.16888320446014404
0.1690906584262848
0.1694602370262146
0.170297771692276
0.1712048351764679
0.17239204049110413
0.1717599481344223
0.1702566146850586
0.16871526837348938
0.16923923790454865
0.17048604786396027
0.1700851321220398
0.1690162718296051
0.16878244280815125
0.16942134499549866
0.16959242522716522
0.16891548037528992
0.1685602068901062
0.1688709259033203
0.16908511519432068
0.16877950727939606
0.16837571561336517
0.16850031912326813
0.16874352097511292
0.16857534646987915
0.16827446222305298
0.16825956106185913
0.16840054094791412
0.1684117615222931
0.1682950109243393
0.1682939976453781
0.16856509447097778
0.16923102736473083
0.17010711133480072
0.17190945148468018
0.17374774813652039
0.17661213874816895
0.1747971624135971
0.17136147618293762
0.16910530626773834
0.171514630317688
0.1734626144170761
0.1705261468887329
0.1687367558479309
0.1703738421201706
0.1710255891084671
0.1696503460407257
0.1686345338821411
0.16975745558738708
0.17017436027526855
0.16880904138088226
0.1686275750398636
0.16942350566387177
0.16912361979484558
0.16852214932441711
0.1684323400259018
0.1686823070049286
0.16876420378684998
0.16835369169712067
0.1680884063243866
0.16830337047576904
0.16840630769729614
0.16812723875045776
0.1679261326789856
0.16801825165748596
0.1680506467819214
0.16798818111419678
0.16789677739143372
0.1677558720111847
0.16774149239063263
0.16786161065101624
0.16788022220134735
0.16792520880699158
0.16823452711105347
0.1691163331270218
0.1704941689968109
0.1730121374130249
0.1735960990190506
0.1729598343372345
0.169979989528656
0.16975761950016022
0.17074225842952728
0.16981416940689087
0.16937121748924255
0.16980397701263428
0.16944101452827454
0.1684560626745224
0.16851940751075745
0.1693023443222046
0.16890732944011688
0.16808316111564636
0.16833917796611786
0.16859737038612366
0.16788704693317413
0.16783387959003448
0.16826912760734558
0.16791340708732605
0.1676957905292511
0.16803455352783203
0.16813889145851135
0.16807503998279572
0.16860035061836243
0.16932877898216248
0.1702556610107422
0.1704486608505249
0.17063909769058228
0.16928696632385254
0.1679460108280182
0.16770616173744202
0.1685527265071869
0.16916486620903015
0.1684352159500122
0.16760537028312683
0.16764292120933533
0.16800379753112793
0.1679389476776123
0.1677784025669098
0.16794775426387787
0.16777917742729187
0.16738124191761017
0.16725985705852509
0.1673838198184967
0.16746658086776733
0.16745108366012573
0.16741737723350525
0.1674925535917282
0.1678372323513031
0.16802442073822021
0.1682094782590866
0.16843050718307495
0.16892659664154053
0.16864898800849915
0.16791494190692902
0.16716758906841278
0.16719576716423035
0.1675826609134674
0.16767457127571106
0.16766133904457092
0.1676526665687561
0.16775459051132202
0.16752521693706512
0.16708888113498688
0.16689366102218628
0.1671077013015747
0.1671941876411438
0.16698400676250458
0.1669703722000122
0.167261004447937
0.1676616072654724
0.16810059547424316
0.16921287775039673
0.17058511078357697
0.17300432920455933
0.17307692766189575
0.1718100905418396
0.16795212030410767
0.16773101687431335
0.17000985145568848
0.16966037452220917
0.16855226457118988
0.16862811148166656
0.16931180655956268
0.16868382692337036
0.16764512658119202
0.1676420420408249
0.16817545890808105
0.16801589727401733
0.16736406087875366
0.16749823093414307
0.16789276897907257
0.16770276427268982
0.16759757697582245
0.16849058866500854
0.16936494410037994
0.17056359350681305
0.17149618268013
0.17327959835529327
0.17153477668762207
0.16862568259239197
0.16733881831169128
0.16895261406898499
0.1701040267944336
0.16913281381130219
0.1682504266500473
0.1678570806980133
0.16833455860614777
0.1683221310377121
0.1675242781639099
0.16796347498893738
0.16812071204185486
0.16720446944236755
0.16705146431922913
0.1673983335494995
0.16722029447555542
0.16718728840351105
0.167154461145401
0.16708683967590332
0.1675577163696289
0.16788676381111145
0.1685369908809662
0.16968441009521484
0.1717236340045929
0.17187431454658508
0.17096060514450073
