# lbfgs, lr=0.8, alpha = 1000000, beta = 0.1
# best_iter: 99, best_loss = 0.12630538642406464, imsave period = 10
5.238708019256592
0.6217575073242188
0.3483279347419739
0.2770644426345825
0.24044251441955566
0.21498477458953857
0.20071156322956085
0.1889040172100067
0.1800922453403473
0.17256437242031097
0.1661953330039978
0.16079704463481903
0.15632390975952148
0.15268830955028534
0.14965537190437317
0.146837055683136
0.14464852213859558
0.14291951060295105
0.1413763165473938
0.14024826884269714
0.13919121026992798
0.13831304013729095
0.13753440976142883
0.1367987096309662
0.1361420750617981
0.13556309044361115
0.13503459095954895
0.13451141119003296
0.13398875296115875
0.13354229927062988
0.13313649594783783
0.132757768034935
0.13241183757781982
0.13205978274345398
0.13176651298999786
0.1314849555492401
0.1312222182750702
0.13096952438354492
0.13072793185710907
0.130503848195076
0.13030663132667542
0.1301088184118271
0.12992750108242035
0.1297571212053299
0.12960179150104523
0.12944434583187103
0.12929919362068176
0.12917330861091614
0.12904366850852966
0.12892159819602966
0.128808856010437
0.12869536876678467
0.12859603762626648
0.12849698960781097
0.128404900431633
0.12831592559814453
0.1282307207584381
0.12814804911613464
0.12807002663612366
0.12799441814422607
0.12792080640792847
0.1278524398803711
0.1277843564748764
0.12772056460380554
0.12765800952911377
0.12759807705879211
0.12753981351852417
0.12748460471630096
0.12743031978607178
0.12737815082073212
0.12732696533203125
0.1272776573896408
0.1272290050983429
0.12718255817890167
0.1271381676197052
0.12709373235702515
0.12705175578594208
0.127009779214859
0.1269693523645401
0.1269303262233734
0.12689191102981567
0.1268540620803833
0.12681855261325836
0.12678340077400208
0.12674912810325623
0.12671500444412231
0.1266815960407257
0.12664923071861267
0.12661686539649963
0.12658575177192688
0.12655514478683472
0.1265253871679306
0.1264958530664444
0.1264677345752716
0.12644007802009583
0.12641169130802155
0.12638437747955322
0.12635734677314758
0.12633109092712402
0.12630538642406464
