# lbfgs, lr=0.8, alpha = 1000000, beta = 0.1
# best_iter: 98, best_loss = 0.059475284069776535, imsave period = 10
9.28857707977295
0.5596872568130493
0.2893757224082947
0.20737910270690918
0.16885651648044586
0.14803680777549744
0.13662756979465485
0.12776145339012146
0.12255705893039703
0.11942586302757263
0.11485052108764648
0.11191192269325256
0.10915759205818176
0.10693739354610443
0.10484108328819275
0.10257656872272491
0.10118536651134491
0.09805796295404434
0.09746351838111877
0.09483923017978668
0.09412558376789093
0.09193196892738342
0.09044745564460754
0.0912322998046875
0.08789347112178802
0.08670619875192642
0.08549842238426208
0.0850333645939827
0.08309900760650635
0.08252845704555511
0.08106707781553268
0.08053331077098846
0.0791783556342125
0.07857896387577057
0.07754217833280563
0.07655066251754761
0.07599960267543793
0.0753103494644165
0.0749204158782959
0.0768691897392273
0.0730862021446228
0.07376760244369507
0.07207086682319641
0.07222019881010056
0.07172234356403351
0.07269079238176346
0.07172425836324692
0.0730331689119339
0.07095764577388763
0.07250203937292099
0.07034105807542801
0.069913849234581
0.07589716464281082
0.06987161189317703
0.06913994252681732
0.07893162220716476
0.0693831816315651
0.06911186873912811
0.07054096460342407
0.10592498630285263
0.06880604475736618
0.06807298958301544
1.008693814277649
0.25568026304244995
0.11658594757318497
0.09343073517084122
0.08548551797866821
0.08062300086021423
0.07678888738155365
0.07449859380722046
0.07222948223352432
0.07086428999900818
0.0695677101612091
0.06841973960399628
0.06731760501861572
0.06630432605743408
0.065378338098526
0.06473468989133835
0.06397306174039841
0.06330057233572006
0.06409435719251633
0.062433890998363495
0.06325514614582062
0.06184493750333786
0.06148460507392883
0.06213509663939476
0.06100161373615265
0.06149909645318985
0.06276094913482666
0.06071799248456955
0.060198549181222916
0.05997256562113762
0.06060560792684555
0.059753067791461945
0.06123168021440506
0.05975838005542755
0.0616108737885952
0.059931643307209015
0.059475284069776535
0.059747640043497086
