# adam, lr=0.01, alpha = 1000000, beta = 0.1
# best_iter: 2976, best_loss = 0.17702694237232208, imsave period = 300
9.475364685058594
5.96100378036499
4.636457920074463
3.384012460708618
2.695791482925415
2.198920488357544
1.9277253150939941
1.67997407913208
1.5355912446975708
1.398422122001648
1.291588544845581
1.2057114839553833
1.1238751411437988
1.0610054731369019
0.9988757371902466
0.9464691877365112
0.9016104936599731
0.8592360615730286
0.8233961462974548
0.7877336740493774
0.7563853859901428
0.7274563312530518
0.700425386428833
0.6759955883026123
0.6519839763641357
0.6305994987487793
0.6101875305175781
0.5917515158653259
0.5743412971496582
0.5580889582633972
0.5431890487670898
0.5291587114334106
0.5163761973381042
0.504129946231842
0.493002712726593
0.4824346899986267
0.47275906801223755
0.46350985765457153
0.45499858260154724
0.4469403028488159
0.439508855342865
0.43244343996047974
0.42587804794311523
0.4196607768535614
0.41386112570762634
0.40833625197410583
0.4031553864479065
0.3982117772102356
0.39356285333633423
0.389104425907135
0.3848992884159088
0.38087427616119385
0.37706702947616577
0.3734133541584015
0.3699462413787842
0.36662155389785767
0.36343955993652344
0.3603854775428772
0.35745006799697876
0.35463714599609375
0.35192424058914185
0.3493242859840393
0.34681642055511475
0.344404011964798
0.3420754671096802
0.3398313820362091
0.3376697599887848
0.33557307720184326
0.33354803919792175
0.3315863609313965
0.32968685030937195
0.3278493285179138
0.3260669708251953
0.3243383467197418
0.3226583003997803
0.32102537155151367
0.3194384276866913
0.3178976774215698
0.3164006173610687
0.3149421811103821
0.31352072954177856
0.3121359646320343
0.31078600883483887
0.30946967005729675
0.3081856667995453
0.306930273771286
0.3057035803794861
0.30450746417045593
0.30333954095840454
0.30219578742980957
0.30107563734054565
0.2999808192253113
0.29891207814216614
0.297864705324173
0.29684022068977356
0.2958363890647888
0.29485368728637695
0.2938903570175171
0.29294490814208984
0.29201751947402954
0.2911064624786377
0.29021188616752625
0.28933319449424744
0.2884696125984192
0.2876208424568176
0.28678661584854126
0.2859673500061035
0.285163551568985
0.2843734920024872
0.28359806537628174
0.28283506631851196
0.2820838391780853
0.281343936920166
0.2806151211261749
0.27989959716796875
0.2791959345340729
0.2785034477710724
0.27782243490219116
0.277151882648468
0.2764909267425537
0.2758394181728363
0.27519679069519043
0.27456238865852356
0.2739374041557312
0.2733214497566223
0.2727149724960327
0.2721172869205475
0.2715279459953308
0.2709465026855469
0.2703721225261688
0.2698051929473877
0.2692459225654602
0.2686939835548401
0.2681500017642975
0.26761406660079956
0.2670852243900299
0.2665639817714691
0.2660493552684784
0.2655412256717682
0.26503974199295044
0.2645450234413147
0.2640575170516968
0.2635757327079773
0.2630998492240906
0.2626293897628784
0.26216524839401245
0.2617071866989136
0.2612544298171997
0.2608083486557007
0.26036781072616577
0.25993484258651733
0.2595115303993225
0.2591058015823364
0.2587258517742157
0.2584010362625122
0.25815701484680176
0.25808030366897583
0.25812748074531555
0.2583851218223572
0.25821563601493835
0.2576676309108734
0.2563111484050751
0.25524666905403137
0.2550259232521057
0.2552306056022644
0.255168080329895
0.2544127106666565
0.2535402178764343
0.2530256509780884
0.25293850898742676
0.25293445587158203
0.25263500213623047
0.2521081566810608
0.25143924355506897
0.25093191862106323
0.2506523132324219
0.2505042850971222
0.25039494037628174
0.2501975893974304
0.24994531273841858
0.24950674176216125
0.24901080131530762
0.2484768182039261
0.24804222583770752
0.24772849678993225
0.24750864505767822
0.24736732244491577
0.24729090929031372
0.24736423790454865
0.2474701702594757
0.24771083891391754
0.24750268459320068
0.24697470664978027
0.2458292543888092
0.24495929479599
0.24478676915168762
0.24502727389335632
0.24518899619579315
0.2448117733001709
0.24415218830108643
0.2434198260307312
0.24304690957069397
0.24301917850971222
0.24308833479881287
0.24314168095588684
0.24295005202293396
0.24263089895248413
0.2420283704996109
0.24144136905670166
0.2410145401954651
0.24082574248313904
0.24079668521881104
0.2408275455236435
0.2409532368183136
0.24098961055278778
0.24104443192481995
0.24064821004867554
0.24004310369491577
0.23921707272529602
0.23870354890823364
0.23861746490001678
0.23875556886196136
0.2389361560344696
0.2389017939567566
0.23873156309127808
0.23817208409309387
0.23753954470157623
0.23700293898582458
0.23677420616149902
0.23678800463676453
0.2368990033864975
0.2371157556772232
0.2372649610042572
0.23746630549430847
0.23715567588806152
0.23656460642814636
0.23559647798538208
0.23498676717281342
0.23495548963546753
0.23522037267684937
0.23549523949623108
0.23542332649230957
0.23513026535511017
0.2344372272491455
0.23379242420196533
0.23344489932060242
0.23343929648399353
0.2336212545633316
0.23381273448467255
0.23410293459892273
0.23413605988025665
0.23406094312667847
0.2333398163318634
0.23248496651649475
0.2318693995475769
0.2318345308303833
0.23214083909988403
0.23239122331142426
0.23256325721740723
0.23227602243423462
0.23175862431526184
0.23099957406520844
0.23050665855407715
0.230421781539917
0.23059770464897156
0.23090893030166626
0.23116804659366608
0.23151879012584686
0.23138993978500366
0.23097366094589233
0.22994619607925415
0.22916296124458313
0.22904518246650696
0.2293856143951416
0.2297719120979309
0.22977392375469208
0.2295221984386444
0.22882091999053955
0.2281775176525116
0.22785747051239014
0.22790980339050293
0.22817468643188477
0.22847875952720642
0.22895529866218567
0.22920116782188416
0.22938404977321625
0.22861424088478088
0.22753068804740906
0.22666054964065552
0.22670909762382507
0.2272738516330719
0.2275775671005249
0.22752709686756134
0.22682267427444458
0.22605600953102112
0.22564110159873962
0.2257363647222519
0.2260863333940506
0.226369246840477
0.22666043043136597
0.22653871774673462
0.22622016072273254
0.22541868686676025
0.22472690045833588
0.22445893287658691
0.22461913526058197
0.22497901320457458
0.22528432309627533
0.22565236687660217
0.2256166636943817
0.22537311911582947
0.22449542582035065
0.22367605566978455
0.22334864735603333
0.22356781363487244
0.2240203320980072
0.22434484958648682
0.2246345728635788
0.22437027096748352
0.22384414076805115
0.22295278310775757
0.22240498661994934
0.22242239117622375
0.22277230024337769
0.22325283288955688
0.22356480360031128
0.22386983036994934
0.2235172986984253
0.22284896671772003
0.22185277938842773
0.22138842940330505
0.22160080075263977
0.22204914689064026
0.2225130796432495
0.2226046621799469
0.2224971354007721
0.22176578640937805
0.2209748923778534
0.22051182389259338
0.2205955982208252
0.22097963094711304
0.22138482332229614
0.22193920612335205
0.22215606272220612
0.2222643345594406
0.22139915823936462
0.22034485638141632
0.2196376621723175
0.21979621052742004
0.2204134613275528
0.22080844640731812
0.22096818685531616
0.22042745351791382
0.21967613697052002
0.2189905047416687
0.21885043382644653
0.21914583444595337
0.21957091987133026
0.22014346718788147
0.22049352526664734
0.22092872858047485
0.22045278549194336
0.21954473853111267
0.21833226084709167
0.21802569925785065
0.21858511865139008
0.21914483606815338
0.2194582223892212
0.21907082200050354
0.2184261977672577
0.21761566400527954
0.2173120528459549
0.21757477521896362
0.2180308848619461
0.21859660744667053
0.2190151810646057
0.21966195106506348
0.21942585706710815
0.2185697853565216
0.21709463000297546
0.21666313707828522
0.21717892587184906
0.21757856011390686
0.2178891897201538
0.21791718900203705
0.2176460325717926
0.21660634875297546
0.2159843146800995
0.21612636744976044
0.21625706553459167
0.21626052260398865
0.21674036979675293
0.21812394261360168
0.21961258351802826
0.22254131734371185
0.22449266910552979
0.22691380977630615
0.2210356593132019
0.21600660681724548
0.21765998005867004
0.2206456959247589
0.22017526626586914
0.21779924631118774
0.2176922708749771
0.2170797884464264
0.21702934801578522
0.21833467483520508
0.21673011779785156
0.2152182012796402
0.21602264046669006
0.215809166431427
0.21533909440040588
0.216110497713089
0.2162216305732727
0.21574681997299194
0.2164735049009323
0.21626318991184235
0.21557995676994324
0.21518230438232422
0.2147062122821808
0.21374857425689697
0.2137497365474701
0.21406406164169312
0.21398064494132996
0.2145063281059265
0.21538618206977844
0.21652686595916748
0.21732166409492493
0.2186688482761383
0.21697431802749634
0.21427816152572632
0.21293944120407104
0.2141333669424057
0.21520212292671204
0.21484176814556122
0.2142367959022522
0.21297016739845276
0.21254503726959229
0.21346327662467957
0.21382105350494385
0.21337148547172546
0.21285803616046906
0.2125827968120575
0.21192771196365356
0.21175283193588257
0.21218915283679962
0.2123080939054489
0.2124568521976471
0.2130284309387207
0.2140246480703354
0.21422769129276276
0.21447837352752686
0.21373480558395386
0.21250444650650024
0.2110370695590973
0.2113010585308075
0.21238663792610168
0.212421715259552
0.21221312880516052
0.21183042228221893
0.2111642062664032
0.21043798327445984
0.21066686511039734
0.21118995547294617
0.21121573448181152
0.211631640791893
0.2123132050037384
0.21296022832393646
0.21250134706497192
0.21222618222236633
0.21133294701576233
0.21023894846439362
0.20975840091705322
0.2104543298482895
0.2111162543296814
0.21100535988807678
0.21120119094848633
0.21107685565948486
0.21034210920333862
0.2094155251979828
0.20941096544265747
0.20949184894561768
0.20927344262599945
0.20956450700759888
0.21029216051101685
0.21138766407966614
0.212879478931427
0.216537207365036
0.2185472846031189
0.21966126561164856
0.21330834925174713
0.20972594618797302
0.21171173453330994
0.21353662014007568
0.21366994082927704
0.21193960309028625
0.21061789989471436
0.21016156673431396
0.21152335405349731
0.2122376263141632
0.20993298292160034
0.2090470939874649
0.2098478376865387
0.20967498421669006
0.20975510776042938
0.21005496382713318
0.20973341166973114
0.20889577269554138
0.20865410566329956
0.20851100981235504
0.20813633501529694
0.20781759917736053
0.20791606605052948
0.20791813731193542
0.20769262313842773
0.20810669660568237
0.20926810801029205
0.21223780512809753
0.21837665140628815
0.2334352433681488
0.23537388443946838
0.22958776354789734
0.21118775010108948
0.21751809120178223
0.227758526802063
0.21892794966697693
0.21623313426971436
0.2175077348947525
0.2155798375606537
0.2177133560180664
0.21528597176074982
0.21179388463497162
0.21418608725070953
0.21417389810085297
0.21257509291172028
0.2127346694469452
0.21252092719078064
0.21050627529621124
0.21093079447746277
0.21043893694877625
0.20917126536369324
0.2098916918039322
0.20907339453697205
0.2084542065858841
0.20910558104515076
0.20833998918533325
0.20879009366035461
0.2107962667942047
0.21314260363578796
0.22189661860466003
0.2268088161945343
0.22771692276000977
0.21202857792377472
0.21044087409973145
0.2183568775653839
0.21435853838920593
0.20980393886566162
0.21147912740707397
0.212785542011261
0.21077722311019897
0.20874354243278503
0.21016395092010498
0.21117493510246277
0.20819316804409027
0.20761950314044952
0.209469735622406
0.20828120410442352
0.20711056888103485
0.20738829672336578
0.20685164630413055
0.20679017901420593
0.20718613266944885
0.20639172196388245
0.20575343072414398
0.20590755343437195
0.20561042428016663
0.20538581907749176
0.20558762550354004
0.20557209849357605
0.2055962234735489
0.20577551424503326
0.20622895658016205
0.20634545385837555
0.2064523547887802
0.2060633897781372
0.20540383458137512
0.2043076455593109
0.20407497882843018
0.2045026570558548
0.20463410019874573
0.2047557383775711
0.20468483865261078
0.2042553722858429
0.20364230871200562
0.20346669852733612
0.2034895420074463
0.20351628959178925
0.20368054509162903
0.20391620695590973
0.20432049036026
0.20452308654785156
0.20475342869758606
0.20453642308712006
0.2041444629430771
0.20317654311656952
0.20263689756393433
0.2029193639755249
0.20327666401863098
0.20342124998569489
0.20339149236679077
0.20329585671424866
0.20281736552715302
0.2023792713880539
0.20219649374485016
0.20226503908634186
0.20242398977279663
0.2025465965270996
0.20290619134902954
0.20362289249897003
0.2049075812101364
0.20563216507434845
0.20639649033546448
0.20542290806770325
0.20394736528396606
0.2022542804479599
0.2026219218969345
0.20408347249031067
0.20401690900325775
0.20296114683151245
0.20191878080368042
0.20212121307849884
0.20275776088237762
0.20266754925251007
0.20243822038173676
0.20234230160713196
0.2020418792963028
0.20139369368553162
0.20139482617378235
0.20181015133857727
0.20175331830978394
0.20177191495895386
0.20227059721946716
0.20315726101398468
0.20377832651138306
0.204829603433609
0.20484092831611633
0.20452767610549927
0.20263752341270447
0.20123371481895447
0.20160025358200073
0.202823668718338
0.20305109024047852
0.20198826491832733
0.2017088234424591
0.20156455039978027
0.20096249878406525
0.20107726752758026
0.2016589194536209
0.20168420672416687
0.20138293504714966
0.20158298313617706
0.20165030658245087
0.20162364840507507
0.20123949646949768
0.20090711116790771
0.20077922940254211
0.20068401098251343
0.20022204518318176
0.20004069805145264
0.20022229850292206
0.20009306073188782
0.19982513785362244
0.1998971402645111
0.20007357001304626
0.20032396912574768
0.2017572820186615
0.2063051164150238
0.2210305631160736
0.23989979922771454
0.2751123309135437
0.23273643851280212
0.20975127816200256
0.21698591113090515
0.23664575815200806
0.2595524191856384
0.22931426763534546
0.2123338282108307
0.22321337461471558
0.2328994870185852
0.2304917424917221
0.21482422947883606
0.21672388911247253
0.2235562801361084
0.22095531225204468
0.2178519070148468
0.2121514081954956
0.21536211669445038
0.21717038750648499
0.2107897251844406
0.21165528893470764
0.21227481961250305
0.2113073170185089
0.21145445108413696
0.21044659614562988
0.21297407150268555
0.2195044457912445
0.21830010414123535
0.2194744050502777
0.21167102456092834
0.20726047456264496
0.20983928442001343
0.20985236763954163
0.20920687913894653
0.20612415671348572
0.20570392906665802
0.2081025242805481
0.2059248983860016
0.20436692237854004
0.20423538982868195
0.20446285605430603
0.20487737655639648
0.20356473326683044
0.20323146879673004
0.20282505452632904
0.20221859216690063
0.20237845182418823
0.20230698585510254
0.2023082822561264
0.20202064514160156
0.2016650140285492
0.20155033469200134
0.20140372216701508
0.20090173184871674
0.20064279437065125
0.2003856897354126
0.2002190798521042
0.20003294944763184
0.19976180791854858
0.19961509108543396
0.19955895841121674
0.19941364228725433
0.19931678473949432
0.19931349158287048
0.19955503940582275
0.20041167736053467
0.20290356874465942
0.20703411102294922
0.2152687907218933
0.21402280032634735
0.20685920119285583
0.19948014616966248
0.20552517473697662
0.20842598378658295
0.20080330967903137
0.20191042125225067
0.2057264745235443
0.20097696781158447
0.20064975321292877
0.20338812470436096
0.200540691614151
0.19979608058929443
0.20170243084430695
0.2000550925731659
0.19907346367835999
0.2003425657749176
0.19957244396209717
0.1985480785369873
0.19923938810825348
0.19909031689167023
0.1982579082250595
0.19836151599884033
0.19854742288589478
0.19812677800655365
0.19780075550079346
0.19791236519813538
0.19791516661643982
0.1975547969341278
0.19735439121723175
0.19744868576526642
0.19738250970840454
0.197124645113945
0.19697853922843933
0.19699430465698242
0.19696728885173798
0.1967984288930893
0.19664716720581055
0.1966177225112915
0.1966041624546051
0.1965402513742447
0.19649523496627808
0.19656802713871002
0.1970721334218979
0.1985493004322052
0.20256337523460388
0.20790550112724304
0.21572984755039215
0.20812025666236877
0.19911369681358337
0.20020844042301178
0.20544564723968506
0.2027525007724762
0.1977202296257019
0.2013433426618576
0.20305919647216797
0.198443204164505
0.19883829355239868
0.20142748951911926
0.19886118173599243
0.1976117640733719
0.19934463500976562
0.19877147674560547
0.19718129932880402
0.1976187825202942
0.19826838374137878
0.19733822345733643
0.19662725925445557
0.19723397493362427
0.19739675521850586
0.19660760462284088
0.19626259803771973
0.19654884934425354
0.1966366022825241
0.19629158079624176
0.1958710104227066
0.19587348401546478
0.19602297246456146
0.1959431767463684
0.19575610756874084
0.19552795588970184
0.19544737040996552
0.1954973042011261
0.1954488754272461
0.195278599858284
0.1951301097869873
0.19504959881305695
0.19503003358840942
0.1950991451740265
0.1951768696308136
0.19530272483825684
0.19565606117248535
0.19674734771251678
0.19847947359085083
0.20145589113235474
0.20158548653125763
0.19948819279670715
0.1953456699848175
0.1960848867893219
0.19879475235939026
0.19737888872623444
0.19531477987766266
0.19591505825519562
0.19701966643333435
0.1962689608335495
0.19489982724189758
0.19546790421009064
0.19625020027160645
0.1953645646572113
0.19467532634735107
0.19507746398448944
0.19528451561927795
0.19490134716033936
0.19448009133338928
0.19452045857906342
0.1947464942932129
0.19459965825080872
0.1942191869020462
0.19412975013256073
0.19431227445602417
0.19430357217788696
0.19409751892089844
0.1939990073442459
0.19416703283786774
0.19473761320114136
0.19629259407520294
0.19909504055976868
0.20523382723331451
0.2078816294670105
0.206380695104599
0.19613432884216309
0.1971316784620285
0.2032003402709961
0.19902637600898743
0.19761201739311218
0.200702965259552
0.19821199774742126
0.19568584859371185
0.1973705142736435
0.1969282627105713
0.1954127848148346
0.19609054923057556
0.1960640400648117
0.19506016373634338
0.1952742636203766
0.19547879695892334
0.19479016959667206
0.19479477405548096
0.19538436830043793
0.19583995640277863
0.19765949249267578
0.2033626139163971
0.2084812968969345
0.21542584896087646
0.2059360146522522
0.19816243648529053
0.19892175495624542
0.20283450186252594
0.20265156030654907
0.19818192720413208
0.19849088788032532
0.1995900273323059
0.19895967841148376
0.19898638129234314
0.19658878445625305
0.19659395515918732
0.198229119181633
0.19694696366786957
0.19653134047985077
0.19575393199920654
0.19508452713489532
0.19592146575450897
0.1956557035446167
0.1955244094133377
0.19545990228652954
0.1948927640914917
0.19484353065490723
0.19443371891975403
0.19389721751213074
0.19414372742176056
0.19376704096794128
0.19366902112960815
0.19378894567489624
0.19349589943885803
0.19375097751617432
0.19415639340877533
0.19519580900669098
0.19740194082260132
0.20158162713050842
0.20354434847831726
0.20407167077064514
0.1964830458164215
0.19420185685157776
0.19846369326114655
0.19817528128623962
0.19525045156478882
0.19430020451545715
0.19596636295318604
0.19659413397312164
0.19439198076725006
0.1937379091978073
0.1951848864555359
0.1949068307876587
0.19379566609859467
0.19348174333572388
0.19381824135780334
0.19415885210037231
0.19354328513145447
0.19295211136341095
0.19316348433494568
0.19323861598968506
0.19304636120796204
0.1928807646036148
0.19273220002651215
0.19268912076950073
0.1927301436662674
0.19249723851680756
0.19225093722343445
0.192177414894104
0.1921759396791458
0.19218005239963531
0.1921088844537735
0.19194787740707397
0.1918525993824005
0.19183500111103058
0.19182810187339783
0.1919274777173996
0.19229836761951447
0.1936931163072586
0.19773057103157043
0.2095586657524109
0.22040648758411407
0.23270298540592194
0.20399558544158936
0.19569231569766998
0.21181544661521912
0.21253430843353271
0.20467989146709442
0.19834178686141968
0.2051306664943695
0.21087048947811127
0.20204570889472961
0.197434201836586
0.20171335339546204
0.20314925909042358
0.20186640322208405
0.20073136687278748
0.20461666584014893
0.20681752264499664
0.2035844326019287
0.1979595571756363
0.2020162045955658
0.20252032577991486
0.19888731837272644
0.20069757103919983
0.2030753791332245
0.1990206390619278
0.19944816827774048
0.19890858232975006
0.19708149135112762
0.1958952397108078
0.19606468081474304
0.19593285024166107
0.19484221935272217
0.19564884901046753
0.19592341780662537
0.1959334909915924
0.19803623855113983
0.2013837695121765
0.2026142030954361
0.20398858189582825
0.19797901809215546
0.19494596123695374
0.19578705728054047
0.19758105278015137
0.19747264683246613
0.19370953738689423
0.19462092220783234
0.19606518745422363
0.19509096443653107
0.1944347470998764
0.19311189651489258
0.19416192173957825
0.19412173330783844
0.1935427486896515
0.19360573589801788
0.1926393359899521
0.19287151098251343
0.19265231490135193
0.19286185503005981
0.19305182993412018
0.1923498958349228
0.19231504201889038
0.19189131259918213
0.19189995527267456
0.19175848364830017
0.19141535460948944
0.1915176659822464
0.1914290487766266
0.19149775803089142
0.19163507223129272
0.19197207689285278
0.19299152493476868
0.19509351253509521
0.19720381498336792
0.19975966215133667
0.19671857357025146
0.1927366852760315
0.19192785024642944
0.19418403506278992
0.19491609930992126
0.19235163927078247
0.1916816532611847
0.19317370653152466
0.19283029437065125
0.19175730645656586
0.1915413737297058
0.19195222854614258
0.19207091629505157
0.1913743019104004
0.1911519318819046
0.19139717519283295
0.19122642278671265
0.19096970558166504
0.1907971352338791
0.1909123659133911
0.190958634018898
0.19055750966072083
0.19033236801624298
0.19049525260925293
0.19048763811588287
0.19032353162765503
0.1901884377002716
0.19026288390159607
0.19056199491024017
0.19110161066055298
0.19220884144306183
0.19518889486789703
0.19875378906726837
0.20371058583259583
0.19931569695472717
0.1929590404033661
0.19160756468772888
0.19606736302375793
0.19701708853244781
0.19226862490177155
0.1920272260904312
0.19491469860076904
0.19362999498844147
0.191356360912323
0.1917618066072464
0.19314324855804443
0.19235539436340332
0.19079092144966125
0.19142459332942963
0.1921100914478302
0.19128283858299255
0.1906680017709732
0.1907513439655304
0.191086545586586
0.1908731609582901
0.19021765887737274
0.1902581751346588
0.19051334261894226
0.19030141830444336
0.1900206059217453
0.18988043069839478
0.1898767650127411
0.18996943533420563
0.189854234457016
0.18969672918319702
0.1898644119501114
0.1905137002468109
0.19206926226615906
0.19611957669258118
0.20125487446784973
0.20934244990348816
0.2051353007555008
0.1995200514793396
0.19585998356342316
0.1997600495815277
0.20196828246116638
0.1966213881969452
0.19550497829914093
0.19664761424064636
0.19618533551692963
0.1964251697063446
0.19551540911197662
0.1942266970872879
0.19269123673439026
0.19381488859653473
0.19509130716323853
0.19301548600196838
0.1929650753736496
0.19345194101333618
0.1925216168165207
0.191798135638237
0.1917269080877304
0.19179114699363708
0.1914587914943695
0.1907208412885666
0.19118785858154297
0.1912076771259308
0.1908615231513977
0.1916409730911255
0.19307862222194672
0.1950114220380783
0.19895458221435547
0.19901145994663239
0.19760918617248535
0.19220569729804993
0.19125017523765564
0.19466134905815125
0.1940685510635376
0.19145753979682922
0.19087177515029907
0.19212067127227783
0.19272570312023163
0.1911817193031311
0.19030632078647614
0.190931499004364
0.19107791781425476
0.19086246192455292
0.19029295444488525
0.18963822722434998
0.19001853466033936
0.19036343693733215
0.18997281789779663
0.189730703830719
0.1895739883184433
0.18924851715564728
0.18922579288482666
0.18923026323318481
0.18927516043186188
0.18946680426597595
0.18952186405658722
0.18976090848445892
0.1899956315755844
0.19016462564468384
0.18995697796344757
0.1895923912525177
0.1890033334493637
0.18879514932632446
0.18876904249191284
0.1888377070426941
0.18917997181415558
0.1892804652452469
0.18920427560806274
0.1891045719385147
0.1890571266412735
0.18877075612545013
0.18855607509613037
0.1883893609046936
0.18832772970199585
0.1885073333978653
0.18873634934425354
0.1891135275363922
0.1896544247865677
0.19055505096912384
0.19093108177185059
0.19110015034675598
0.19001200795173645
0.18924297392368317
0.1890459656715393
0.18910561501979828
0.1895202249288559
0.19000476598739624
0.18984933197498322
0.1886829435825348
0.18833494186401367
0.1886068880558014
0.18861934542655945
0.18876522779464722
0.18889588117599487
0.18899200856685638
0.1890087127685547
0.1889396756887436
0.18860289454460144
0.18856464326381683
0.18834520876407623
0.18793390691280365
0.18783576786518097
0.1879500448703766
0.18793663382530212
0.18789607286453247
0.18796703219413757
0.18821845948696136
0.1889951229095459
0.1908567249774933
0.1967722773551941
0.20587024092674255
0.2219991385936737
0.21348166465759277
0.20549824833869934
0.20133087038993835
0.20834502577781677
0.21234652400016785
0.2015029937028885
0.20529891550540924
0.21081045269966125
0.21812979876995087
0.2414674162864685
0.2975020408630371
0.2651541233062744
0.2992416024208069
0.22104686498641968
0.22379103302955627
0.27397987246513367
0.27799826860427856
0.4248732328414917
0.31366783380508423
0.3125354051589966
0.2584696114063263
0.26853662729263306
0.30702149868011475
0.33679455518722534
0.4600948393344879
0.2876472473144531
0.2967643439769745
0.3015328347682953
0.33142775297164917
0.3715810179710388
0.295876145362854
0.3057668209075928
0.27781805396080017
0.2850991487503052
0.29989033937454224
0.29639580845832825
0.31059879064559937
0.269021213054657
0.2506454885005951
0.2537260055541992
0.24863611161708832
0.2531769871711731
0.2467954158782959
0.25309306383132935
0.24442587792873383
0.23741567134857178
0.23163151741027832
0.23129436373710632
0.2255014181137085
0.2210877239704132
0.22071823477745056
0.22002176940441132
0.21748846769332886
0.21652695536613464
0.22071713209152222
0.22801974415779114
0.2542404234409332
0.26723864674568176
0.2768496870994568
0.21496641635894775
0.23694133758544922
0.2564362585544586
0.21288670599460602
0.24132509529590607
0.23515121638774872
0.21692422032356262
0.23544937372207642
0.21454735100269318
0.22233369946479797
0.21865114569664001
0.21048250794410706
0.21864007413387299
0.2082795798778534
0.21234047412872314
0.2111021727323532
0.20649342238903046
0.21049171686172485
0.20532692968845367
0.20655590295791626
0.2059081792831421
0.2028268426656723
0.20485731959342957
0.20221403241157532
0.2022363841533661
0.2021763175725937
0.20067264139652252
0.2006005346775055
0.2003227174282074
0.1989685744047165
0.19953180849552155
0.19851858913898468
0.19806784391403198
0.19816266000270844
0.19742846488952637
0.19717024266719818
0.19716110825538635
0.19665931165218353
0.19651857018470764
0.19671748578548431
0.19668078422546387
0.19704413414001465
0.19778072834014893
0.1977674663066864
0.1974334716796875
0.19617171585559845
0.19478990137577057
0.1942591816186905
0.1949239820241928
0.1953125298023224
0.19469258189201355
0.19395294785499573
0.1934865415096283
0.19348876178264618
0.19374820590019226
0.193739116191864
0.19326545298099518
0.19275622069835663
0.19257456064224243
0.19251413643360138
0.1925242841243744
0.19259628653526306
0.19252505898475647
0.1922835409641266
0.19199120998382568
0.19177545607089996
0.19156399369239807
0.1913975179195404
0.19133727252483368
0.19135335087776184
0.19136536121368408
0.1914387345314026
0.19169765710830688
0.19199588894844055
0.19243423640727997
0.19247028231620789
0.19229374825954437
0.19140367209911346
0.1905888319015503
0.19047164916992188
0.19090598821640015
0.1912255585193634
0.19095703959465027
0.1904766857624054
0.1901027411222458
0.1900620460510254
0.19024255871772766
0.19039317965507507
0.19040240347385406
0.19010818004608154
0.1897638589143753
0.189561665058136
0.1895415037870407
0.1895902454853058
0.18965336680412292
0.1897970288991928
0.1899358034133911
0.19005578756332397
0.18993140757083893
0.18973377346992493
0.18941594660282135
0.18913720548152924
0.1889479011297226
0.18895691633224487
0.1891327053308487
0.1892973929643631
0.18942266702651978
0.18940554559230804
0.18940094113349915
0.18919821083545685
0.1888750195503235
0.1885286271572113
0.18844595551490784
0.1885817050933838
0.18871042132377625
0.1888303905725479
0.18897487223148346
0.18924689292907715
0.18926715850830078
0.1890832930803299
0.188597172498703
0.18828625977039337
0.18819639086723328
0.1881776750087738
0.18820947408676147
0.1883677840232849
0.18862442672252655
0.18866151571273804
0.18854928016662598
0.1883164942264557
0.18820947408676147
0.18801632523536682
0.18774744868278503
0.1876264214515686
0.18775437772274017
0.18792636692523956
0.18799418210983276
0.18819649517536163
0.18859414756298065
0.18924403190612793
0.18942615389823914
0.189308762550354
0.1885974407196045
0.18809202313423157
0.18770760297775269
0.18765126168727875
0.18805347383022308
0.1883426010608673
0.18813490867614746
0.18747060000896454
0.18722695112228394
0.1874275505542755
0.18749643862247467
0.1874547004699707
0.1875680685043335
0.18779152631759644
0.1876409500837326
0.18732349574565887
0.18717162311077118
0.1872124969959259
0.18704302608966827
0.18679986894130707
0.18679369986057281
0.18689477443695068
0.1868589073419571
0.18680813908576965
0.18705059587955475
0.18767115473747253
0.18905991315841675
0.191347137093544
0.19635361433029175
0.19880184531211853
0.1991981714963913
0.19007980823516846
0.18800559639930725
0.19346170127391815
0.19231951236724854
0.1885337084531784
0.18910250067710876
0.19078820943832397
0.18921399116516113
0.1881203055381775
0.18956086039543152
0.18906313180923462
0.1875971555709839
0.1885358691215515
0.18871746957302094
0.18732024729251862
0.18762008845806122
0.1881735920906067
0.1872263103723526
0.18708263337612152
0.18760928511619568
0.18708255887031555
0.1867375671863556
0.18708080053329468
0.18687854707241058
0.1865042895078659
0.18664680421352386
0.18666908144950867
0.18636849522590637
0.18631844222545624
0.18643531203269958
0.18630418181419373
0.18617048859596252
0.18633094429969788
0.18668018281459808
0.1872309148311615
0.18888862431049347
0.19134700298309326
0.19501467049121857
0.19340689480304718
0.18959291279315948
0.18710929155349731
0.1889186054468155
0.18993380665779114
0.18835002183914185
0.18789643049240112
0.18774597346782684
0.1876148134469986
0.18814106285572052
0.18730732798576355
0.18646502494812012
0.18728943169116974
0.1873588114976883
0.18631376326084137
0.186253622174263
0.18670812249183655
0.18631216883659363
0.1861637532711029
0.18643078207969666
0.1859719604253769
0.18568633496761322
0.18595346808433533
0.1858406364917755
0.18561436235904694
0.18576332926750183
0.18582889437675476
0.18562307953834534
0.18566639721393585
0.18582400679588318
0.18582727015018463
0.1857578307390213
0.18594872951507568
0.1859866976737976
0.18582144379615784
0.18555349111557007
0.18545785546302795
0.1852695345878601
0.18503108620643616
0.1850031614303589
0.18514753878116608
0.1852336823940277
0.18529343605041504
0.185604065656662
0.18605077266693115
0.18665355443954468
0.18685530126094818
0.18698439002037048
0.18635833263397217
0.1855601668357849
0.1849633753299713
0.18522770702838898
0.1859094500541687
0.18593959510326385
0.18543294072151184
0.18490776419639587
0.1849198341369629
0.18511249125003815
0.18515269458293915
0.18522673845291138
0.1852295696735382
0.18504998087882996
0.18467561900615692
0.1845431923866272
0.18469396233558655
0.18476104736328125
0.18471379578113556
0.18479204177856445
0.18513530492782593
0.18549111485481262
0.18594446778297424
0.1862224042415619
0.18669633567333221
0.1865503191947937
0.1859602928161621
0.18477162718772888
0.18450944125652313
0.1852273792028427
0.18555276095867157
0.1853606402873993
0.18511579930782318
0.1852521449327469
0.18497367203235626
0.1844370812177658
0.18442769348621368
0.1847994029521942
0.18484064936637878
0.18466119468212128
0.18489250540733337
0.1852511763572693
0.18550363183021545
0.18547694385051727
0.18573340773582458
0.18575872480869293
0.18547530472278595
0.18465173244476318
0.18427774310112
0.1844804733991623
0.18462999165058136
0.18463951349258423
0.1847665011882782
0.18516705930233002
0.1852647066116333
0.18512311577796936
0.18487070500850677
0.1849985420703888
0.18482184410095215
0.18427333235740662
0.18398357927799225
0.1842036247253418
0.18426543474197388
0.18413972854614258
0.18431317806243896
0.18469199538230896
0.185308039188385
0.18613608181476593
0.18788082897663116
0.18927747011184692
0.19130703806877136
0.18985681235790253
0.18670855462551117
0.18438157439231873
0.1864071488380432
0.18820974230766296
0.18680573999881744
0.1864604353904724
0.18661051988601685
0.18560652434825897
0.18506217002868652
0.18543528020381927
0.1856059432029724
0.18539850413799286
0.18511486053466797
0.18482674658298492
0.18497824668884277
0.18484890460968018
0.18458020687103271
0.18452462553977966
0.18463018536567688
0.18466070294380188
0.1847207099199295
0.1849609613418579
0.18580126762390137
0.18642182648181915
0.18747517466545105
0.18774811923503876
0.18736369907855988
0.18532270193099976
0.18440376222133636
0.1846984326839447
0.1853102594614029
0.18605443835258484
0.18529362976551056
0.1841219961643219
0.18406367301940918
0.18443959951400757
0.18458792567253113
0.18478190898895264
0.18463540077209473
0.18406295776367188
0.1840420961380005
0.1839589774608612
0.18369635939598083
0.18386633694171906
0.18403281271457672
0.18415243923664093
0.18442146480083466
0.18469153344631195
0.18467865884304047
0.18486520648002625
0.18469707667827606
0.18438103795051575
0.18385529518127441
0.18347755074501038
0.18348748981952667
0.18385913968086243
0.18417666852474213
0.18424227833747864
0.18442989885807037
0.18435347080230713
0.18427032232284546
0.18405143916606903
0.18364250659942627
0.18321576714515686
0.1833920180797577
0.18381470441818237
0.18393905460834503
0.1842193901538849
0.18467235565185547
0.1855352371931076
0.186101034283638
0.18650078773498535
0.18512263894081116
0.18384341895580292
0.18390199542045593
0.1844351589679718
0.18416211009025574
0.18360662460327148
0.1837780773639679
0.18429110944271088
0.18457728624343872
0.184402734041214
0.18499720096588135
0.18621404469013214
0.1878415048122406
0.18763814866542816
0.18740981817245483
0.18594220280647278
0.18488150835037231
0.18447168171405792
0.18472114205360413
0.18541774153709412
0.18582001328468323
0.18542400002479553
0.18379327654838562
0.18378758430480957
0.18438874185085297
0.1838456392288208
0.1838960349559784
0.1843748688697815
0.18453410267829895
0.18481679260730743
0.18532560765743256
0.18519026041030884
0.1856745481491089
0.1854565292596817
0.18460935354232788
0.18360131978988647
0.1833583414554596
0.18369364738464355
0.18412256240844727
0.1841975599527359
0.184104323387146
0.1845354437828064
0.184278666973114
0.18376384675502777
0.1834535151720047
0.18315526843070984
0.18301229178905487
0.18328410387039185
0.18318502604961395
0.18289664387702942
0.18316487967967987
0.18360914289951324
0.18449918925762177
0.18638625741004944
0.19092360138893127
0.1959265023469925
0.20536211133003235
0.20075061917304993
0.19263626635074615
0.18551047146320343
0.19236737489700317
0.20073078572750092
0.19572915136814117
0.1905730664730072
0.18926095962524414
0.19327412545681
0.19517230987548828
0.18834355473518372
0.18825633823871613
0.19039854407310486
0.18849866092205048
0.1886882483959198
0.18719972670078278
0.18701821565628052
0.18860802054405212
0.18677783012390137
0.186180979013443
0.18758876621723175
0.18779107928276062
0.19054147601127625
0.1912984848022461
0.1936098337173462
0.19266805052757263
0.18888701498508453
0.18570342659950256
0.18755792081356049
0.18900705873966217
0.1879422962665558
0.18585817515850067
0.1851237416267395
0.1867162585258484
0.18613791465759277
0.18548494577407837
0.18586286902427673
0.18522465229034424
0.18498429656028748
0.18428008258342743
0.1842639297246933
0.18485848605632782
0.1842728704214096
0.1842879205942154
0.18448419868946075
0.18494251370429993
0.18579435348510742
0.18656769394874573
0.1869354248046875
0.187516987323761
0.18564224243164062
0.1841961145401001
0.18368247151374817
0.18443143367767334
0.18543630838394165
0.18435704708099365
0.1833503246307373
0.1833697259426117
0.18366342782974243
0.18391136825084686
0.18348336219787598
0.1832883656024933
0.18353606760501862
0.18332892656326294
0.18291303515434265
0.18275713920593262
0.18273815512657166
0.182891845703125
0.1828213483095169
0.18257981538772583
0.18268932402133942
0.18296468257904053
0.18353959918022156
0.18461297452449799
0.18702064454555511
0.1896401196718216
0.19329121708869934
0.18960754573345184
0.18408209085464478
0.18386638164520264
0.18731677532196045
0.1872127801179886
0.1842859387397766
0.18498781323432922
0.18614225089550018
0.18400682508945465
0.1835888773202896
0.18502099812030792
0.18396759033203125
0.1831573098897934
0.18393829464912415
0.1834699958562851
0.1830708086490631
0.1833396553993225
0.18303559720516205
0.18287934362888336
0.18304507434368134
0.18291884660720825
0.18304331600666046
0.1835322380065918
0.184540793299675
0.18562482297420502
0.18782445788383484
0.18837028741836548
0.18752428889274597
0.18353895843029022
0.18305635452270508
0.184964120388031
0.18476444482803345
0.1842917799949646
0.1834646314382553
0.18307992815971375
0.1836628019809723
0.18353159725666046
0.18289503455162048
0.1828271448612213
0.1831042766571045
0.18294648826122284
0.18244211375713348
0.18227124214172363
0.18253223598003387
0.1823779195547104
0.18215596675872803
0.1822434514760971
0.1820576786994934
0.1819957196712494
0.18223822116851807
0.18232308328151703
0.1827782839536667
0.1847122609615326
0.18829330801963806
0.19628745317459106
0.19962254166603088
0.19947868585586548
0.18760044872760773
0.1871422380208969
0.19398073852062225
0.19048398733139038
0.1863192468881607
0.18782328069210052
0.1890726387500763
0.18580695986747742
0.18484002351760864
0.1873936653137207
0.18567314743995667
0.1845833659172058
0.18630294501781464
0.1863839030265808
0.18787488341331482
0.19325709342956543
0.19744479656219482
0.20470765233039856
0.19585761427879333
0.18892665207386017
0.18737293779850006
0.1904006004333496
0.1924729347229004
0.18797561526298523
0.18842115998268127
0.18891113996505737
0.18544048070907593
0.18690037727355957
0.18771909177303314
0.18628078699111938
0.18676656484603882
0.18681439757347107
0.1862974762916565
0.18691635131835938
0.186775341629982
0.1871947944164276
0.18551689386367798
0.18571871519088745
0.1850566864013672
0.1838390827178955
0.18418605625629425
0.18356487154960632
0.18331468105316162
0.18395107984542847
0.18383660912513733
0.18420803546905518
0.18502651154994965
0.18576370179653168
0.18736310303211212
0.18677768111228943
0.18580223619937897
0.18327830731868744
0.182720348238945
0.18426375091075897
0.1842883676290512
0.183617502450943
0.18298481404781342
0.1828559935092926
0.18310114741325378
0.18291234970092773
0.18256092071533203
0.18259292840957642
0.1827615648508072
0.18265381455421448
0.18221360445022583
0.18187391757965088
0.1821179986000061
0.18211576342582703
0.18187284469604492
0.18177366256713867
0.1817299723625183
0.18179483711719513
0.1820114552974701
0.18228816986083984
0.1833227574825287
0.18549427390098572
0.1903895139694214
0.1936495155096054
0.19530057907104492
0.18606549501419067
0.1829693615436554
0.1876746416091919
0.1877567172050476
0.18490004539489746
0.1835576295852661
0.18532666563987732
0.18609055876731873
0.1837787926197052
0.1831158548593521
0.18427248299121857
0.1842166781425476
0.18322226405143738
0.18258190155029297
0.18329495191574097
0.18352673947811127
0.18241973221302032
0.182219460606575
0.18267987668514252
0.18248113989830017
0.18221142888069153
0.18214631080627441
0.18207691609859467
0.18223315477371216
0.18261557817459106
0.18290206789970398
0.18369917571544647
0.1849508136510849
0.18710944056510925
0.1866503655910492
0.18452957272529602
0.18200793862342834
0.18277430534362793
0.18417072296142578
0.1837044358253479
0.18278652429580688
0.18185347318649292
0.18247531354427338
0.18327170610427856
0.18221096694469452
0.18159636855125427
0.1818871647119522
0.18208584189414978
0.1820887178182602
0.18167899549007416
0.18148158490657806
0.18141016364097595
0.1813672035932541
0.18157130479812622
0.18146361410617828
0.18117521703243256
0.18116359412670135
0.18122462928295135
0.1811867505311966
0.18137110769748688
0.1816164255142212
0.1818484365940094
0.1820831447839737
0.18283367156982422
0.18379060924053192
0.18549667298793793
0.185499370098114
0.18447089195251465
0.18196077644824982
0.18165262043476105
0.1833360195159912
0.18395885825157166
0.18321914970874786
0.18201233446598053
0.18271970748901367
0.18316049873828888
0.1820053905248642
0.1814027726650238
0.18178819119930267
0.18208855390548706
0.18176019191741943
0.18117864429950714
0.18121765553951263
0.1814911812543869
0.18126550316810608
0.1811128556728363
0.18116547167301178
0.1813727617263794
0.18193043768405914
0.1831073760986328
0.18474476039409637
0.18871505558490753
0.19111353158950806
0.19210170209407806
0.18496035039424896
0.18178415298461914
0.18510155379772186
0.18662798404693604
0.18569055199623108
0.18335536122322083
0.18326719105243683
0.1840442568063736
0.18404005467891693
0.18397927284240723
0.18252183496952057
0.18189746141433716
0.18302980065345764
0.18280968070030212
0.18219099938869476
0.18255352973937988
0.18234503269195557
0.18198567628860474
0.1829238086938858
0.18328458070755005
0.18342441320419312
0.1833818107843399
0.18298816680908203
0.18257910013198853
0.1835959106683731
0.1844518631696701
0.18499881029129028
0.1834881752729416
0.18244507908821106
0.182562917470932
0.18277442455291748
0.1823451668024063
0.18179896473884583
0.18119734525680542
0.18157896399497986
0.1818375587463379
0.1810947209596634
0.18104323744773865
0.1812998354434967
0.18115007877349854
0.18153727054595947
0.182521790266037
0.18459740281105042
0.19158534705638885
0.1997319459915161
0.21129921078681946
0.19937001168727875
0.18959122896194458
0.1898622363805771
0.196516752243042
0.1988036185503006
0.190268874168396
0.19287914037704468
0.19816569983959198
0.19526714086532593
0.19174127280712128
0.1977849304676056
0.20537319779396057
0.21724042296409607
0.2099473476409912
0.2149966061115265
0.19785436987876892
0.1931890845298767
0.20144540071487427
0.2000795304775238
0.2143176943063736
0.2103571742773056
0.21947135031223297
0.21680894494056702
0.20671088993549347
0.19482368230819702
0.1994180530309677
0.20140105485916138
0.20341312885284424
0.21665504574775696
0.23680654168128967
0.2943122088909149
0.2384733110666275
0.2256183922290802
0.22203080356121063
0.2316606640815735
0.21781298518180847
0.22048982977867126
0.2702479958534241
0.2852168083190918
0.39614856243133545
0.2669525742530823
0.26507699489593506
0.24459117650985718
0.2915182411670685
0.4022495746612549
0.32393312454223633
0.3101420998573303
0.2518234848976135
0.2790597677230835
0.301318496465683
0.3128330111503601
0.34217405319213867
0.28540217876434326
0.26180943846702576
0.25587427616119385
0.26306092739105225
0.2792719602584839
0.27097398042678833
0.2739638686180115
0.24687843024730682
0.2378373146057129
0.23400667309761047
0.23839125037193298
0.25100627541542053
0.24613168835639954
0.24320873618125916
0.221928209066391
0.22003459930419922
0.2227097451686859
0.22727341949939728
0.22408846020698547
0.21628084778785706
0.2102375626564026
0.21181415021419525
0.21150138974189758
0.2122163623571396
0.20981758832931519
0.2081589698791504
0.2055073380470276
0.20334485173225403
0.20170153677463531
0.20148275792598724
0.20315313339233398
0.2037125825881958
0.2049257606267929
0.2051309049129486
0.20651814341545105
0.2020779848098755
0.19763320684432983
0.19623059034347534
0.1983337700366974
0.19941240549087524
0.1963585615158081
0.19454888999462128
0.195064976811409
0.19466693699359894
0.19353923201560974
0.19381991028785706
0.19419175386428833
0.19311752915382385
0.19194501638412476
0.19192934036254883
0.19179347157478333
0.19107243418693542
0.19044268131256104
0.19044330716133118
0.19035480916500092
0.18980538845062256
0.1895299255847931
0.18980790674686432
0.19029530882835388
0.19107872247695923
0.19426225125789642
0.19834578037261963
0.2045881301164627
0.19917787611484528
0.1917835772037506
0.19037818908691406
0.1938890814781189
0.1931842714548111
0.18996228277683258
0.19092056155204773
0.1911129355430603
0.18955717980861664
0.18985052406787872
0.18925942480564117
0.18880712985992432
0.18930959701538086
0.1879892647266388
0.1877932846546173
0.1887574940919876
0.18738850951194763
0.18683746457099915
0.1876126527786255
0.1869858354330063
0.1865447759628296
0.18673868477344513
0.18628376722335815
0.18600939214229584
0.1861295998096466
0.18597155809402466
0.185753732919693
0.1857248693704605
0.18558496236801147
0.18544679880142212
0.18530462682247162
0.1852399855852127
0.185225710272789
0.1851462572813034
0.185135617852211
0.18543113768100739
0.18559537827968597
0.1859149932861328
0.18624860048294067
0.1865025758743286
0.18568377196788788
0.1848069131374359
0.18433135747909546
0.184341162443161
0.18467752635478973
0.18487845361232758
0.1847604215145111
0.18428044021129608
0.1839025318622589
0.18374954164028168
0.18391238152980804
0.18414586782455444
0.18407343327999115
0.18397745490074158
0.18390321731567383
0.1837352216243744
0.18340392410755157
0.18324287235736847
0.18325002491474152
0.1832541972398758
0.18327419459819794
0.18335585296154022
0.18359799683094025
0.18404319882392883
0.1849401295185089
0.18567505478858948
0.18658602237701416
0.18605031073093414
0.1848551332950592
0.18323642015457153
0.18331483006477356
0.18453389406204224
0.18448950350284576
0.18348291516304016
0.18280676007270813
0.18321280181407928
0.183736652135849
0.18349215388298035
0.18291246891021729
0.1825997233390808
0.18286150693893433
0.1830819845199585
0.18286864459514618
0.18269459903240204
0.1825602650642395
0.1823636293411255
0.1823279708623886
0.18249256908893585
0.182608962059021
0.18256232142448425
0.18253546953201294
0.182405486702919
0.18227636814117432
0.18221494555473328
0.1821540743112564
0.18195456266403198
0.18181492388248444
0.18183669447898865
0.18184542655944824
0.18176980316638947
0.181718111038208
0.1817457675933838
0.18186712265014648
0.1823374330997467
0.1836054027080536
0.18719428777694702
0.19274722039699554
0.20312847197055817
0.1990222930908203
0.1886918842792511
0.18355560302734375
0.19184142351150513
0.19267858564853668
0.18433338403701782
0.18779049813747406
0.190640389919281
0.1845339685678482
0.18651200830936432
0.1884525567293167
0.18420438468456268
0.1859746277332306
0.1864567995071411
0.1839607208967209
0.1854761689901352
0.18482941389083862
0.1838599443435669
0.1846855729818344
0.18364274501800537
0.18374384939670563
0.18365253508090973
0.1829887330532074
0.18337638676166534
0.18280062079429626
0.1826545149087906
0.1828066110610962
0.18232303857803345
0.182358980178833
0.18224266171455383
0.18206888437271118
0.18202917277812958
0.18183818459510803
0.18183226883411407
0.18169263005256653
0.18159112334251404
0.18157997727394104
0.18139879405498505
0.1813964694738388
0.1813414990901947
0.18118172883987427
0.18120551109313965
0.18113237619400024
0.18100740015506744
0.18103134632110596
0.18095894157886505
0.18085969984531403
0.1808699518442154
0.18083393573760986
0.18081296980381012
0.18102365732192993
0.18169887363910675
0.18399423360824585
0.18899664282798767
0.20066142082214355
0.20186978578567505
0.1962810754776001
0.18248288333415985
0.18982787430286407
0.19684073328971863
0.184795081615448
0.18615277111530304
0.19278736412525177
0.1846945583820343
0.18506626784801483
0.1895822286605835
0.18400295078754425
0.1844925433397293
0.18736067414283752
0.18338941037654877
0.18399333953857422
0.18569213151931763
0.1829555630683899
0.1834924817085266
0.18434110283851624
0.18259908258914948
0.18300704658031464
0.1831941306591034
0.18231001496315002
0.18257880210876465
0.18226851522922516
0.18199917674064636
0.182218998670578
0.18161840736865997
0.18162617087364197
0.18183118104934692
0.1812766045331955
0.1812436878681183
0.1813628077507019
0.18105848133563995
0.1810147613286972
0.18097183108329773
0.18077795207500458
0.1807854175567627
0.18074588477611542
0.18057076632976532
0.18054400384426117
0.18051043152809143
0.18040831387043
0.18041980266571045
0.18045490980148315
0.18048687279224396
0.18081621825695038
0.1814163774251938
0.18256469070911407
0.1835547536611557
0.18431848287582397
0.18247643113136292
0.18077895045280457
0.18088437616825104
0.1816752851009369
0.18161168694496155
0.18066108226776123
0.18062584102153778
0.18116192519664764
0.18069979548454285
0.1801447868347168
0.18044954538345337
0.18061980605125427
0.1802321970462799
0.17998386919498444
0.1800699234008789
0.18015646934509277
0.18000388145446777
0.17978379130363464
0.17982299625873566
0.17993585765361786
0.17982326447963715
0.17968334257602692
0.17980992794036865
0.17999957501888275
0.18018439412117004
0.18051058053970337
0.18137530982494354
0.18219682574272156
0.18313470482826233
0.18225307762622833
0.1805671751499176
0.17966268956661224
0.18057753145694733
0.1812465339899063
0.18049047887325287
0.180014967918396
0.1801912486553192
0.18023262917995453
0.1800501048564911
0.17980575561523438
0.17989319562911987
0.18000397086143494
0.17965123057365417
0.17937782406806946
0.179600790143013
0.17969387769699097
0.179478257894516
0.17938408255577087
0.1794469803571701
0.17953971028327942
0.1795853078365326
0.17963068187236786
0.17976164817810059
0.1802358776330948
0.18060261011123657
0.18086770176887512
0.1805129051208496
0.18021860718727112
0.17984093725681305
0.1795574575662613
0.17943991720676422
0.17957396805286407
0.17981615662574768
0.17988532781600952
0.17977826297283173
0.17930185794830322
0.1790379136800766
0.1792028248310089
0.17931793630123138
0.17928002774715424
0.17928294837474823
0.17938832938671112
0.179472878575325
0.17959192395210266
0.1794453263282776
0.1792355328798294
0.1792241930961609
0.179389089345932
0.17932318150997162
0.179139643907547
0.1789824515581131
0.1789291501045227
0.1789490431547165
0.1790114790201187
0.17897890508174896
0.17890553176403046
0.17899377644062042
0.17945146560668945
0.18024227023124695
0.18192429840564728
0.1840369701385498
0.18784740567207336
0.18811656534671783
0.1868867576122284
0.1816421002149582
0.18155255913734436
0.1859087347984314
0.1857249140739441
0.18248502910137177
0.18008029460906982
0.1822928786277771
0.18388187885284424
0.18158602714538574
0.18057401478290558
0.1813143640756607
0.1814388632774353
0.18133297562599182
0.1803564578294754
0.17990005016326904
0.1808021515607834
0.18065761029720306
0.17970506846904755
0.17969152331352234
0.17989030480384827
0.1797662228345871
0.1798153817653656
0.1796053946018219
0.1792796552181244
0.1793956756591797
0.1793915331363678
0.17929455637931824
0.17930887639522552
0.17910835146903992
0.17896348237991333
0.1790885180234909
0.1791776567697525
0.17940379679203033
0.1798844039440155
0.18087157607078552
0.18194657564163208
0.1835198700428009
0.182905375957489
0.18107247352600098
0.17916640639305115
0.17999562621116638
0.18157507479190826
0.18066982924938202
0.17942959070205688
0.17962008714675903
0.18004634976387024
0.17976008355617523
0.17919105291366577
0.1791936159133911
0.17957204580307007
0.1794111281633377
0.17877863347530365
0.1788187175989151
0.17915716767311096
0.17890363931655884
0.17866119742393494
0.1787268966436386
0.17867740988731384
0.17869503796100616
0.17868740856647491
0.17855402827262878
0.17874322831630707
0.17938750982284546
0.18046770989894867
0.1832490861415863
0.18651530146598816
0.19138839840888977
0.18787527084350586
0.18241697549819946
0.18011489510536194
0.1843566596508026
0.18696226179599762
0.1827184408903122
0.18096506595611572
0.18315279483795166
0.1832663118839264
0.1812756359577179
0.17993557453155518
0.1816028356552124
0.18208958208560944
0.17992249131202698
0.1798979640007019
0.18088014423847198
0.1802002638578415
0.1797584593296051
0.17966678738594055
0.1796598583459854
0.17982377111911774
0.17932580411434174
0.17908017337322235
0.17937541007995605
0.17922914028167725
0.17915762960910797
0.17940357327461243
0.1801665723323822
0.18211214244365692
0.18651707470417023
0.18999874591827393
0.1940300166606903
0.1873282492160797
0.1826481819152832
0.18426482379436493
0.18526095151901245
0.18410171568393707
0.18267042934894562
0.18255504965782166
0.18256875872612
0.18193039298057556
0.18172520399093628
0.18211866915225983
0.1812141239643097
0.17995452880859375
0.18084365129470825
0.1809403896331787
0.18002043664455414
0.18037982285022736
0.18052823841571808
0.18060079216957092
0.18066716194152832
0.1810172200202942
0.18148604035377502
0.18169263005256653
0.1807485967874527
0.18027444183826447
0.1794271022081375
0.1792917102575302
0.1795426458120346
0.1793287992477417
0.17971351742744446
0.17973044514656067
0.17919060587882996
0.17895665764808655
0.17879748344421387
0.17865632474422455
0.17872370779514313
0.17855089902877808
0.17854923009872437
0.17877408862113953
0.1788560152053833
0.17919015884399414
0.17948845028877258
0.18015040457248688
0.18074478209018707
0.1809709370136261
0.17971646785736084
0.17865581810474396
0.1784142106771469
0.17892254889011383
0.17945639789104462
0.17907725274562836
0.1786402463912964
0.17854782938957214
0.17854472994804382
0.17849640548229218
0.17834967374801636
0.178346186876297
0.17850208282470703
0.17845645546913147
0.17814098298549652
0.1780024766921997
0.17799663543701172
0.178028404712677
0.17804673314094543
0.17789655923843384
0.1777547150850296
0.17785045504570007
0.17796553671360016
0.17807580530643463
0.178458571434021
0.17975947260856628
0.18247191607952118
0.18882232904434204
0.19272229075431824
0.1945990025997162
0.18372207880020142
0.18079650402069092
0.18693315982818604
0.1864052414894104
0.18209858238697052
0.18109562993049622
0.18399959802627563
0.18346509337425232
0.18036694824695587
0.1815967857837677
0.18250992894172668
0.1807595193386078
0.18059837818145752
0.1808924376964569
0.18080569803714752
0.18093526363372803
0.181096613407135
0.18350715935230255
0.1857941746711731
0.19008544087409973
0.19178418815135956
0.19222699105739594
0.18288248777389526
0.18143823742866516
0.18593569099903107
0.1856914609670639
0.1832393854856491
0.1802983283996582
0.18306633830070496
0.1840880960226059
0.1814812421798706
0.1817549765110016
0.1804860532283783
0.1814366579055786
0.18217729032039642
0.1802961230278015
0.18063372373580933
0.17962652444839478
0.17995107173919678
0.1804191917181015
0.17988644540309906
0.18049858510494232
0.17953172326087952
0.1796720176935196
0.17940133810043335
0.1789092868566513
0.17901645600795746
0.1786341369152069
0.178791806101799
0.17867444455623627
0.17866607010364532
0.17909644544124603
0.17949539422988892
0.18029019236564636
0.18150287866592407
0.18165549635887146
0.18147537112236023
0.1794145107269287
0.17847169935703278
0.17919915914535522
0.179907888174057
0.17991065979003906
0.17857882380485535
0.17808321118354797
0.17870821058750153
0.17899201810359955
0.1787400096654892
0.1780654489994049
0.17799293994903564
0.17829807102680206
0.17830407619476318
0.17823733389377594
0.17796967923641205
0.17779161036014557
0.1777856945991516
0.17782846093177795
0.17793062329292297
0.17785444855690002
0.17765355110168457
0.1775370091199875
0.17747855186462402
0.1775064468383789
0.17756688594818115
0.1775621622800827
0.17761753499507904
0.1779007762670517
0.17864391207695007
0.18094857037067413
0.18479567766189575
0.19184327125549316
0.19063176214694977
0.18493618071079254
0.18048937618732452
0.18595433235168457
0.18708141148090363
0.17978203296661377
0.18182609975337982
0.1851789653301239
0.1804174929857254
0.18254908919334412
0.18596869707107544
0.18582551181316376
0.192909836769104
0.20886138081550598
0.20260287821292877
0.19723421335220337
0.18832805752754211
0.1880335509777069
0.19505327939987183
0.19324946403503418
0.18703800439834595
0.18298190832138062
0.18840041756629944
0.19209140539169312
0.18895761668682098
0.19103577733039856
0.18975691497325897
0.18764811754226685
0.18469339609146118
0.18506953120231628
0.1846763789653778
0.18325451016426086
0.1842246800661087
0.1835467517375946
0.18465280532836914
0.18749043345451355
0.19555124640464783
0.20875127613544464
0.22891131043434143
0.20309430360794067
0.1911783516407013
0.19301383197307587
0.20095869898796082
0.20482011139392853
0.18787604570388794
0.19116118550300598
0.1952400505542755
0.19666455686092377
0.19725769758224487
0.19144418835639954
0.19066530466079712
0.1857273280620575
0.18998956680297852
0.18897230923175812
0.1928897500038147
0.19487234950065613
0.19549347460269928
0.19453471899032593
0.1867312788963318
0.18699350953102112
0.1867433488368988
0.19077908992767334
0.18805144727230072
0.18632087111473083
0.18346363306045532
0.18451383709907532
0.18436355888843536
0.18463079631328583
0.18342429399490356
0.18198317289352417
0.18278849124908447
0.18311093747615814
0.1840670257806778
0.18445439636707306
0.1869233399629593
0.19206219911575317
0.19437769055366516
0.19522620737552643
0.1847752034664154
0.1830509603023529
0.18817904591560364
0.18676640093326569
0.18168607354164124
0.18296480178833008
0.18466615676879883
0.1829211413860321
0.18114304542541504
0.1822713166475296
0.18327324092388153
0.1809348165988922
0.18059462308883667
0.18140357732772827
0.18134793639183044
0.1802440583705902
0.17983877658843994
0.1803796887397766
0.1802157759666443
0.1797473281621933
0.17935217916965485
0.17947211861610413
0.17947031557559967
0.17930567264556885
0.17903605103492737
0.17876197397708893
0.17886695265769958
0.17899063229560852
0.1790047585964203
0.17908906936645508
0.17975065112113953
0.18099375069141388
0.1828937828540802
0.1829761564731598
0.18185409903526306
0.1795547604560852
0.1799098700284958
0.18061146140098572
0.17932933568954468
0.17879575490951538
0.17964312434196472
0.1794946789741516
0.17846611142158508
0.17860418558120728
0.17883431911468506
0.17835372686386108
0.178196519613266
0.17831794917583466
0.17825070023536682
0.17801755666732788
0.178063303232193
0.17814959585666656
0.17818662524223328
0.1784180998802185
0.17905716598033905
0.18009445071220398
0.18182893097400665
0.18208901584148407
0.18174611032009125
0.17939363420009613
0.17824172973632812
0.17899346351623535
0.179692804813385
0.1792641282081604
0.1781073808670044
0.1782040148973465
0.17868632078170776
0.1785401701927185
0.17833106219768524
0.17786119878292084
0.177664652466774
0.17804989218711853
0.17809586226940155
0.17763923108577728
0.1774892807006836
0.17768824100494385
0.17750951647758484
0.17731067538261414
0.17739856243133545
0.17736178636550903
0.17728284001350403
0.17737510800361633
0.17749038338661194
0.17751537263393402
0.1777295172214508
0.17803576588630676
0.17848536372184753
0.1788242608308792
0.17926257848739624
0.1785183548927307
0.17748448252677917
0.17714445292949677
0.17748460173606873
0.17772790789604187
0.17779970169067383
0.1778188943862915
0.17737777531147003
0.1771605908870697
0.1774151623249054
0.17743225395679474
0.1771480143070221
0.17703598737716675
0.17704029381275177
0.17702694237232208
0.17720161378383636
0.1772765815258026
0.17718131840229034
0.17727726697921753
0.17786681652069092
0.17853152751922607
0.17967621982097626
0.1803232878446579
0.18054263293743134
0.17863459885120392
0.17745724320411682
0.17813317477703094
0.17873132228851318
0.17838050425052643
0.17764683067798615
0.17762264609336853
0.17784710228443146
0.17789813876152039
0.17753294110298157
0.17708665132522583
0.1771671622991562
0.17736496031284332
0.17709307372570038
