# best_iter: 2999, best_loss = 0.19109642505645752, imsave period = 10
570.4376831054688
8.008565902709961
1.9952704906463623
0.9377884864807129
0.6168742179870605
0.472795307636261
0.39337676763534546
0.3472069501876831
0.3157539367675781
0.29306459426879883
0.2758466303348541
0.26310405135154724
0.25334128737449646
0.24530303478240967
0.23902598023414612
0.23377466201782227
0.22941651940345764
0.22579814493656158
0.22276273369789124
0.22034087777137756
0.21820105612277985
0.21632342040538788
0.2146764099597931
0.21325616538524628
0.21202442049980164
0.2109595686197281
0.21001651883125305
0.20918022096157074
0.20843642950057983
0.20775750279426575
0.2071429044008255
0.20656993985176086
0.2060489058494568
0.205574631690979
0.20513755083084106
0.2047296166419983
0.20435072481632233
0.2039988934993744
0.20367319881916046
0.20336607098579407
0.20307865738868713
0.20280280709266663
0.20254017412662506
0.20229481160640717
0.20206168293952942
0.20184417068958282
0.20163924992084503
0.2014467567205429
0.2012587934732437
0.20108440518379211
0.200919046998024
0.20076072216033936
0.20061175525188446
0.2004699856042862
0.20033441483974457
0.20020337402820587
0.20007769763469696
0.19995684921741486
0.19984209537506104
0.19973096251487732
0.19962412118911743
0.19952024519443512
0.19941948354244232
0.19932380318641663
0.19923193752765656
0.19914287328720093
0.1990559846162796
0.19897110760211945
0.198889821767807
0.1988096833229065
0.1987318992614746
0.19865748286247253
0.19858522713184357
0.19851575791835785
0.1984485387802124
0.19838322699069977
0.19832028448581696
0.19825835525989532
0.1981988400220871
0.1981404721736908
0.1980837732553482
0.19802868366241455
0.19797465205192566
0.19792218506336212
0.19787098467350006
0.1978200525045395
0.19776982069015503
0.19772015511989594
0.19767184555530548
0.19762498140335083
0.19757895171642303
0.1975340098142624
0.19749076664447784
0.1974482387304306
0.1974063217639923
0.1973656415939331
0.19732627272605896
0.1972874253988266
0.19724991917610168
0.19721221923828125
0.19717605412006378
0.19714081287384033
0.19710613787174225
0.19707274436950684
0.1970391869544983
0.19700606167316437
0.19697314500808716
0.19694095849990845
0.19690962135791779
0.1968785673379898
0.19684791564941406
0.19681838154792786
0.196788489818573
0.1967591792345047
0.1967305690050125
0.1967022716999054
0.1966748833656311
0.19664764404296875
0.19662101566791534
0.19659417867660522
0.19656771421432495
0.19654116034507751
0.19651484489440918
0.19648876786231995
0.19646331667900085
0.19643831253051758
0.19641372561454773
0.19638904929161072
0.19636495411396027
0.19634142518043518
0.19631817936897278
0.19629551470279694
0.1962732970714569
0.1962512731552124
0.19622942805290222
0.19620764255523682
0.19618600606918335
0.19616439938545227
0.1961430460214615
0.19612185657024384
0.19610099494457245
0.19608068466186523
0.19606062769889832
0.19604071974754333
0.19602099061012268
0.19600127637386322
0.19598223268985748
0.19596324861049652
0.19594500958919525
0.19592684507369995
0.19590841233730316
0.19588984549045563
0.19587171077728271
0.1958538293838501
0.19583605229854584
0.19581885635852814
0.19580163061618805
0.19578434526920319
0.19576749205589294
0.19575048983097076
0.19573372602462769
0.19571717083454132
0.19570095837116241
0.195685014128685
0.195669487118721
0.19565388560295105
0.19563858211040497
0.1956232339143753
0.1956080049276352
0.19559256732463837
0.19557757675647736
0.19556273519992828
0.19554804265499115
0.19553354382514954
0.19551903009414673
0.19550444185733795
0.19548965990543365
0.19547459483146667
0.19545982778072357
0.19544509053230286
0.19543035328388214
0.1954154670238495
0.19540056586265564
0.19538593292236328
0.19537174701690674
0.19535745680332184
0.19534364342689514
0.19533000886440277
0.19531631469726562
0.19530290365219116
0.19528983533382416
0.19527676701545715
0.19526392221450806
0.1952507346868515
0.19523723423480988
0.19522395730018616
0.19521108269691467
0.1951984167098999
0.195186048746109
0.19517388939857483
0.1951618492603302
0.19515010714530945
0.19513843953609467
0.19512665271759033
0.19511505961418152
0.19510339200496674
0.19509170949459076
0.19507992267608643
0.19506797194480896
0.19505590200424194
0.19504371285438538
0.19503165781497955
0.19501972198486328
0.1950078308582306
0.19499598443508148
0.19498410820960999
0.1949724406003952
0.19496092200279236
0.19494953751564026
0.19493794441223145
0.194926455616951
0.19491472840309143
0.19490322470664978
0.19489231705665588
0.19488173723220825
0.19487138092517853
0.19486123323440552
0.19485095143318176
0.1948407143354416
0.19483064115047455
0.19482053816318512
0.19481050968170166
0.1948002278804779
0.19478997588157654
0.19477973878383636
0.19476932287216187
0.1947588175535202
0.1947484314441681
0.19473834335803986
0.19472822546958923
0.1947181671857834
0.19470801949501038
0.19469793140888214
0.19468781352043152
0.19467775523662567
0.19466765224933624
0.19465728104114532
0.19464711844921112
0.19463707506656647
0.19462670385837555
0.19461590051651
0.19460433721542358
0.1945926547050476
0.1945808380842209
0.1945686787366867
0.1945561170578003
0.1945439577102661
0.19453217089176178
0.1945210099220276
0.19450989365577698
0.19449904561042786
0.19448822736740112
0.19447754323482513
0.19446709752082825
0.1944565773010254
0.1944458782672882
0.1944349706172943
0.19442397356033325
0.19441305100917816
0.1944018006324768
0.19439052045345306
0.19437962770462036
0.19436906278133392
0.19435858726501465
0.19434817135334015
0.19433782994747162
0.19432786107063293
0.1943180114030838
0.19430851936340332
0.1942989081144333
0.19428947567939758
0.19428043067455292
0.19427138566970825
0.19426237046718597
0.19425347447395325
0.19424481689929962
0.19423653185367584
0.19422844052314758
0.1942203789949417
0.19421254098415375
0.19420486688613892
0.19419726729393005
0.19418975710868835
0.1941821426153183
0.1941746473312378
0.19416718184947968
0.19415973126888275
0.19415228068828583
0.19414494931697845
0.194137841463089
0.19413088262081146
0.19412407279014587
0.1941172480583191
0.19411049783229828
0.19410377740859985
0.1940971165895462
0.1940903663635254
0.1940837800502777
0.19407732784748077
0.19407087564468384
0.1940644085407257
0.19405801594257355
0.1940515786409378
0.19404521584510803
0.19403883814811707
0.19403263926506042
0.1940263956785202
0.19402022659778595
0.19401401281356812
0.19400784373283386
0.19400160014629364
0.19399553537368774
0.19398953020572662
0.1939835250377655
0.19397732615470886
0.19397138059139252
0.19396540522575378
0.1939595639705658
0.19395387172698975
0.19394811987876892
0.19394229352474213
0.19393646717071533
0.1939307153224945
0.1939249336719513
0.19391916692256927
0.193913534283638
0.1939079314470291
0.19390228390693665
0.19389663636684418
0.1938910037279129
0.19388534128665924
0.1938796490430832
0.19387386739253998
0.19386810064315796
0.19386230409145355
0.19385667145252228
0.19385108351707458
0.19384567439556122
0.1938401609659195
0.19383475184440613
0.1938294917345047
0.1938241571187973
0.19381877779960632
0.19381345808506012
0.19380812346935272
0.19380292296409607
0.19379757344722748
0.1937922090291977
0.19378694891929626
0.19378186762332916
0.19377683103084564
0.19377189874649048
0.1937669962644577
0.1937621384859085
0.19375735521316528
0.19375257194042206
0.19374781847000122
0.19374331831932068
0.1937386691570282
0.19373413920402527
0.19372965395450592
0.19372516870498657
0.1937207281589508
0.1937163770198822
0.19371207058429718
0.19370777904987335
0.19370359182357788
0.19369937479496002
0.19369524717330933
0.1936911791563034
0.19368712604045868
0.19368308782577515
0.1936790943145752
0.19367501139640808
0.19367094337940216
0.19366687536239624
0.1936628669500351
0.1936587691307068
0.19365473091602325
0.19365064799785614
0.1936465948820114
0.19364257156848907
0.19363850355148315
0.19363456964492798
0.19363048672676086
0.1936264932155609
0.19362260401248932
0.19361868500709534
0.19361475110054016
0.19361087679862976
0.19360697269439697
0.19360315799713135
0.19359922409057617
0.19359537959098816
0.19359147548675537
0.1935874968767166
0.1935836225748062
0.19357970356941223
0.19357579946517944
0.1935717910528183
0.19356772303581238
0.19356375932693481
0.19355975091457367
0.1935558021068573
0.1935519576072693
0.19354809820652008
0.1935441792011261
0.19354021549224854
0.19353607296943665
0.1935320645570755
0.19352810084819794
0.1935240924358368
0.19352012872695923
0.19351620972156525
0.19351233541965485
0.19350840151309967
0.19350454211235046
0.19350078701972961
0.19349715113639832
0.1934935301542282
0.1934899091720581
0.19348619878292084
0.1934826821088791
0.19347919523715973
0.19347569346427917
0.19347216188907623
0.19346857070922852
0.19346493482589722
0.19346123933792114
0.19345752894878387
0.1934538632631302
0.19345013797283173
0.19344651699066162
0.19344304502010345
0.19343961775302887
0.19343608617782593
0.19343245029449463
0.19342881441116333
0.19342517852783203
0.19342158734798431
0.19341805577278137
0.1934145838022232
0.19341115653514862
0.19340772926807404
0.19340427219867706
0.19340083003044128
0.1933973729610443
0.19339391589164734
0.1933906078338623
0.1933872550725937
0.19338393211364746
0.1933807134628296
0.1933775544166565
0.19337446987628937
0.19337135553359985
0.19336821138858795
0.19336512684822083
0.1933620274066925
0.1933588981628418
0.1933557689189911
0.19335263967514038
0.19334957003593445
0.19334650039672852
0.19334331154823303
0.1933402419090271
0.1933370977640152
0.1933339238166809
0.19333074986934662
0.1933276206254959
0.1933245211839676
0.19332139194011688
0.19331829249858856
0.19331517815589905
0.19331201910972595
0.19330888986587524
0.1933058798313141
0.19330285489559174
0.19329990446567535
0.1932968944311142
0.193293958902359
0.19329100847244263
0.19328813254833221
0.19328530132770538
0.19328242540359497
0.19327948987483978
0.19327658414840698
0.19327369332313538
0.19327086210250854
0.19326812028884888
0.19326534867286682
0.19326256215572357
0.19325976073741913
0.1932569444179535
0.19325411319732666
0.19325131177902222
0.19324849545955658
0.19324557483196259
0.1932426244020462
0.1932397186756134
0.19323687255382538
0.19323404133319855
0.1932312697172165
0.1932286024093628
0.19322599470615387
0.19322355091571808
0.1932211071252823
0.19321878254413605
0.19321641325950623
0.1932140290737152
0.1932116597890854
0.19320929050445557
0.19320696592330933
0.1932046264410019
0.19320231676101685
0.1931999921798706
0.19319768249988556
0.19319535791873932
0.19319307804107666
0.1931907683610916
0.19318848848342896
0.1931861937046051
0.1931838095188141
0.19318152964115143
0.19317921996116638
0.19317686557769775
0.1931745558977127
0.19317229092121124
0.1931699961423874
0.19316773116588593
0.19316540658473969
0.19316314160823822
0.19316092133522034
0.19315871596336365
0.19315652549266815
0.19315432012081146
0.19315205514431
0.19314979016780853
0.19314752519130707
0.1931452751159668
0.19314299523830414
0.19314074516296387
0.19313845038414001
0.19313617050647736
0.19313392043113708
0.1931317299604416
0.1931295245885849
0.19312730431556702
0.1931251585483551
0.1931230127811432
0.19312085211277008
0.19311872124671936
0.19311657547950745
0.19311444461345673
0.193112313747406
0.19311018288135529
0.19310802221298218
0.19310587644577026
0.19310374557971954
0.19310155510902405
0.19309940934181213
0.19309720396995544
0.19309507310390472
0.193092942237854
0.19309085607528687
0.19308876991271973
0.1930866241455078
0.19308453798294067
0.19308246672153473
0.19308039546012878
0.19307824969291687
0.19307613372802734
0.1930740624666214
0.19307197630405426
0.19306990504264832
0.19306787848472595
0.1930657923221588
0.19306373596191406
0.19306161999702454
0.19305956363677979
0.19305752217769623
0.19305546581745148
0.1930534392595291
0.19305141270160675
0.1930493414402008
0.19304731488227844
0.1930452585220337
0.19304324686527252
0.19304122030735016
0.1930391788482666
0.19303709268569946
0.19303497672080994
0.1930328607559204
0.19303075969219208
0.19302868843078613
0.19302666187286377
0.1930246353149414
0.19302262365818024
0.19302062690258026
0.19301864504814148
0.1930166631937027
0.19301475584506989
0.1930128037929535
0.19301089644432068
0.19300898909568787
0.19300709664821625
0.19300518929958344
0.19300328195095062
0.1930014044046402
0.19299955666065216
0.19299772381782532
0.1929958611726761
0.19299399852752686
0.19299215078353882
0.19299030303955078
0.19298847019672394
0.1929866075515747
0.1929847002029419
0.19298285245895386
0.19298096001148224
0.192979097366333
0.19297721982002258
0.19297529757022858
0.19297340512275696
0.19297154247760773
0.1929696798324585
0.1929677575826645
0.19296589493751526
0.19296400249004364
0.1929621398448944
0.19296026229858398
0.19295844435691833
0.1929565817117691
0.19295468926429749
0.19295284152030945
0.1929510086774826
0.192949116230011
0.19294722378253937
0.19294537603855133
0.1929435431957245
0.19294176995754242
0.19293999671936035
0.1929382085800171
0.19293633103370667
0.19293445348739624
0.19293257594108582
0.1929306834936142
0.19292879104614258
0.19292689859867096
0.19292497634887695
0.19292312860488892
0.1929212361574173
0.19291938841342926
0.19291752576828003
0.19291558861732483
0.1929137110710144
0.19291183352470398
0.19290995597839355
0.19290804862976074
0.19290617108345032
0.1929042637348175
0.1929023563861847
0.19290044903755188
0.19289854168891907
0.19289672374725342
0.19289493560791016
0.1928931474685669
0.19289135932922363
0.19288960099220276
0.19288784265518188
0.19288605451583862
0.19288426637649536
0.19288252294063568
0.1928807944059372
0.19287903606891632
0.19287726283073425
0.19287551939487457
0.1928737461566925
0.19287200272083282
0.19287027418613434
0.19286851584911346
0.1928667277097702
0.19286493957042694
0.19286316633224487
0.19286134839057922
0.19285956025123596
0.19285781681537628
0.1928560882806778
0.1928543746471405
0.1928526759147644
0.1928509920835495
0.1928492933511734
0.19284765422344208
0.19284601509571075
0.19284437596797943
0.19284266233444214
0.19284094870090485
0.19283924996852875
0.19283750653266907
0.19283583760261536
0.19283419847488403
0.19283251464366913
0.1928308755159378
0.19282925128936768
0.19282764196395874
0.1928260326385498
0.19282440841197968
0.19282275438308716
0.19282115995883942
0.19281955063343048
0.19281792640686035
0.1928163468837738
0.19281476736068726
0.1928132176399231
0.19281159341335297
0.19280998408794403
0.1928083598613739
0.19280672073364258
0.19280508160591125
0.19280347228050232
0.1928018033504486
0.1928001344203949
0.19279848039150238
0.19279682636260986
0.19279514253139496
0.19279348850250244
0.1927918791770935
0.192790225148201
0.19278860092163086
0.19278699159622192
0.192785382270813
0.19278378784656525
0.19278214871883392
0.19278046488761902
0.19277876615524292
0.19277708232402802
0.19277535378932953
0.19277353584766388
0.19277174770832062
0.19277003407478333
0.19276836514472961
0.1927666962146759
0.19276505708694458
0.19276343286037445
0.19276177883148193
0.1927601397037506
0.19275851547718048
0.19275690615177155
0.19275526702404022
0.1927536576986313
0.19275203347206116
0.1927504539489746
0.19274888932704926
0.19274723529815674
0.1927456110715866
0.19274400174617767
0.19274239242076874
0.192740797996521
0.19273920357227325
0.1927376389503479
0.19273608922958374
0.19273453950881958
0.19273295998573303
0.19273141026496887
0.19272984564304352
0.19272831082344055
0.19272677600383759
0.19272516667842865
0.1927236020565033
0.19272205233573914
0.1927204579114914
0.19271889328956604
0.1927172690629959
0.19271570444107056
0.19271409511566162
0.19271254539489746
0.1927110105752945
0.19270950555801392
0.19270795583724976
0.19270643591880798
0.19270487129688263
0.19270333647727966
0.1927018165588379
0.19270028173923492
0.19269879162311554
0.19269727170467377
0.1926957368850708
0.192694291472435
0.1926928013563156
0.19269132614135742
0.19268985092639923
0.19268834590911865
0.19268685579299927
0.19268536567687988
0.1926838904619217
0.1926824301481247
0.1926809698343277
0.1926794797182083
0.19267801940441132
0.19267643988132477
0.1926749348640442
0.19267341494560242
0.19267190992832184
0.19267040491104126
0.19266891479492188
0.19266745448112488
0.1926659196615219
0.19266441464424133
0.19266290962696075
0.19266144931316376
0.19265997409820557
0.19265849888324738
0.192657008767128
0.192655548453331
0.1926540732383728
0.19265256822109222
0.19265107810497284
0.19264957308769226
0.1926480531692505
0.19264651834964752
0.19264501333236694
0.19264350831508636
0.1926419883966446
0.1926405131816864
0.19263900816440582
0.19263753294944763
0.19263611733913422
0.19263459742069244
0.19263313710689545
0.19263164699077606
0.19263017177581787
0.19262871146202087
0.19262725114822388
0.19262579083442688
0.1926243156194687
0.19262287020683289
0.19262142479419708
0.19261997938156128
0.19261851906776428
0.19261707365512848
0.1926155984401703
0.19261415302753448
0.19261275231838226
0.19261132180690765
0.19260990619659424
0.19260846078395844
0.19260701537132263
0.19260556995868683
0.19260413944721222
0.19260264933109283
0.19260117411613464
0.19259971380233765
0.19259822368621826
0.19259676337242126
0.19259530305862427
0.19259385764598846
0.19259239733219147
0.19259098172187805
0.19258955121040344
0.19258809089660645
0.19258663058280945
0.19258518517017365
0.19258372485637665
0.19258227944374084
0.19258081912994385
0.19257932901382446
0.19257788360118866
0.19257645308971405
0.19257494807243347
0.1925734579563141
0.19257201254367828
0.19257056713104248
0.19256910681724548
0.19256770610809326
0.19256627559661865
0.19256487488746643
0.1925634741783142
0.19256208837032318
0.19256073236465454
0.19255933165550232
0.19255796074867249
0.19255658984184265
0.1925552785396576
0.19255392253398895
0.1925526261329651
0.19255129992961884
0.19254998862743378
0.1925486922264099
0.19254739582538605
0.19254609942436218
0.19254480302333832
0.19254353642463684
0.1925421953201294
0.19254092872142792
0.19253966212272644
0.19253842532634735
0.19253714382648468
0.1925358772277832
0.19253459572792053
0.19253332912921906
0.19253207743167877
0.1925307810306549
0.19252952933311462
0.19252823293209076
0.1925269514322281
0.1925256848335266
0.19252440333366394
0.19252318143844604
0.1925218105316162
0.19252058863639832
0.19251930713653564
0.19251808524131775
0.19251687824726105
0.19251567125320435
0.19251447916030884
0.19251328706741333
0.19251206517219543
0.19251087307929993
0.19250966608524323
0.1925085037946701
0.19250737130641937
0.19250617921352386
0.19250501692295074
0.19250386953353882
0.19250264763832092
0.1925014853477478
0.1925002783536911
0.1924990713596344
0.1924978792667389
0.1924966722726822
0.19249549508094788
0.19249434769153595
0.19249318540096283
0.1924920380115509
0.19249089062213898
0.19248975813388824
0.19248856604099274
0.1924874186515808
0.19248627126216888
0.19248512387275696
0.19248399138450623
0.1924828588962555
0.19248172640800476
0.19248062372207642
0.19247950613498688
0.19247838854789734
0.19247722625732422
0.19247610867023468
0.19247499108314514
0.192473903298378
0.19247280061244965
0.1924717128276825
0.19247061014175415
0.1924694925546646
0.19246838986873627
0.19246727228164673
0.192466139793396
0.19246502220630646
0.19246387481689453
0.19246278703212738
0.19246168434619904
0.19246059656143188
0.19245952367782593
0.19245842099189758
0.19245734810829163
0.19245624542236328
0.19245514273643494
0.1924540251493454
0.19245287775993347
0.19245177507400513
0.1924506425857544
0.19244953989982605
0.1924484372138977
0.19244733452796936
0.19244623184204102
0.1924450695514679
0.19244396686553955
0.19244281947612762
0.1924416869878769
0.19244058430194855
0.192439466714859
0.19243837893009186
0.1924372762441635
0.19243614375591278
0.19243499636650085
0.19243383407592773
0.19243265688419342
0.1924315094947815
0.19243037700653076
0.19242924451828003
0.19242806732654572
0.1924269199371338
0.19242577254772186
0.19242462515830994
0.19242343306541443
0.19242225587368011
0.1924211084842682
0.19241996109485626
0.19241882860660553
0.1924176812171936
0.19241654872894287
0.19241543114185333
0.1924143135547638
0.19241316616535187
0.19241204857826233
0.1924109309911728
0.19240982830524445
0.1924087256193161
0.19240760803222656
0.19240650534629822
0.19240540266036987
0.19240431487560272
0.19240319728851318
0.19240209460258484
0.1924009919166565
0.19239985942840576
0.19239872694015503
0.19239762425422668
0.19239644706249237
0.19239534437656403
0.19239415228366852
0.19239303469657898
0.19239188730716705
0.19239073991775513
0.1923895627260208
0.1923883557319641
0.19238722324371338
0.19238610565662384
0.19238495826721191
0.19238385558128357
0.1923827975988388
0.19238170981407166
0.19238059222698212
0.19237954914569855
0.1923784762620926
0.19237740337848663
0.1923762857913971
0.19237522780895233
0.19237414002418518
0.19237306714057922
0.19237197935581207
0.19237090647220612
0.19236978888511658
0.19236871600151062
0.19236764311790466
0.1923666000366211
0.19236552715301514
0.19236445426940918
0.19236338138580322
0.19236227869987488
0.19236122071743011
0.19236013293266296
0.1923590451478958
0.19235797226428986
0.1923568993806839
0.19235582649707794
0.19235476851463318
0.1923537254333496
0.19235265254974365
0.19235166907310486
0.19235049188137054
0.19234943389892578
0.1923484057188034
0.19234733283519745
0.19234628975391388
0.19234523177146912
0.19234418869018555
0.19234317541122437
0.192342147231102
0.1923411339521408
0.19234012067317963
0.19233909249305725
0.19233807921409607
0.1923370659351349
0.19233602285385132
0.19233499467372894
0.19233398139476776
0.19233301281929016
0.19233185052871704
0.19233082234859467
0.1923297941684723
0.19232875108718872
0.19232773780822754
0.19232672452926636
0.19232572615146637
0.19232472777366638
0.1923237144947052
0.19232270121574402
0.19232171773910522
0.19232071936130524
0.19231975078582764
0.19231876730918884
0.19231778383255005
0.19231677055358887
0.19231578707695007
0.19231478869915009
0.1923137605190277
0.19231273233890533
0.19231173396110535
0.19231073558330536
0.19230973720550537
0.19230875372886658
0.1923077553510666
0.1923067569732666
0.1923057734966278
0.1923048198223114
0.192303866147995
0.1923028826713562
0.192301943898201
0.1923009157180786
0.19229991734027863
0.19229891896247864
0.19229793548583984
0.19229696691036224
0.19229598343372345
0.19229501485824585
0.19229403138160706
0.19229306280612946
0.19229206442832947
0.19229108095169067
0.19229011237621307
0.19228912889957428
0.1922881305217743
0.1922871470451355
0.1922861933708191
0.19228523969650269
0.19228427112102509
0.19228331744670868
0.19228236377239227
0.19228142499923706
0.19228047132492065
0.19227953255176544
0.19227860867977142
0.19227764010429382
0.1922767162322998
0.1922757774591446
0.19227482378482819
0.19227388501167297
0.19227293133735657
0.19227202236652374
0.19227106869220734
0.19227014482021332
0.1922692060470581
0.1922682374715805
0.1922672837972641
0.1922663450241089
0.19226539134979248
0.19226446747779846
0.19226348400115967
0.19226256012916565
0.19226163625717163
0.19226068258285522
0.1922597438097
0.1922588348388672
0.19225789606571198
0.19225695729255676
0.19225606322288513
0.1922551542520523
0.19225424528121948
0.19225332140922546
0.19225242733955383
0.19225147366523743
0.1922505646944046
0.19224967062473297
0.19224873185157776
0.19224782288074493
0.1922469437122345
0.19224590063095093
0.1922449767589569
0.1922440528869629
0.19224312901496887
0.19224223494529724
0.19224131107330322
0.1922403872013092
0.19223949313163757
0.19223856925964355
0.19223761558532715
0.19223669171333313
0.1922357678413391
0.1922348439693451
0.1922338902950287
0.19223295152187347
0.19223201274871826
0.19223105907440186
0.19223015010356903
0.192229226231575
0.19222833216190338
0.19222740828990936
0.19222649931907654
0.19222548604011536
0.19222456216812134
0.1922236531972885
0.19222275912761688
0.19222185015678406
0.19222094118595123
0.1922200620174408
0.19221916794776917
0.19221827387809753
0.1922174096107483
0.19221651554107666
0.19221563637256622
0.1922147572040558
0.19221387803554535
0.1922129988670349
0.1922120898962021
0.19221121072769165
0.19221030175685883
0.192209392786026
0.19220851361751556
0.19220758974552155
0.1922067254781723
0.1922057867050171
0.19220490753650665
0.19220395386219025
0.19220298528671265
0.19220206141471863
0.19220107793807983
0.19220012426376343
0.19219914078712463
0.19219814240932465
0.19219715893268585
0.19219616055488586
0.19219516217708588
0.19219419360160828
0.1921931952238083
0.19219225645065308
0.19219128787517548
0.19219020009040833
0.19218923151493073
0.19218820333480835
0.19218720495700836
0.19218619167804718
0.1921852082014084
0.19218425452709198
0.19218331575393677
0.19218233227729797
0.19218137860298157
0.19218038022518158
0.19217941164970398
0.19217844307422638
0.19217747449874878
0.1921764761209488
0.19217549264431
0.1921745091676712
0.19217349588871002
0.19217246770858765
0.19217148423194885
0.19217047095298767
0.19216938316822052
0.19216831028461456
0.1921672523021698
0.19216620922088623
0.19216515123844147
0.1921640932559967
0.19216302037239075
0.19216196238994598
0.19216091930866241
0.19215983152389526
0.19215871393680573
0.192157581448555
0.19215643405914307
0.19215527176856995
0.19215406477451324
0.19215291738510132
0.19215166568756104
0.19215045869350433
0.19214923679828644
0.19214802980422974
0.19214677810668945
0.1921454668045044
0.19214418530464172
0.19214287400245667
0.19214153289794922
0.1921401172876358
0.192138671875
0.19213712215423584
0.1921355426311493
0.19213396310806274
0.1921323835849762
0.1921309232711792
0.1921292245388031
0.1921277940273285
0.19212618470191956
0.19212456047534943
0.1921229511499405
0.19212141633033752
0.19211997091770172
0.19211851060390472
0.1921171098947525
0.19211572408676147
0.19211430847644806
0.19211292266845703
0.19211149215698242
0.1921100616455078
0.1921086460351944
0.19210723042488098
0.19210584461688995
0.19210445880889893
0.19210310280323029
0.19210180640220642
0.19210052490234375
0.19209928810596466
0.19209803640842438
0.1920967549085617
0.19209544360637665
0.1920941323041916
0.19209283590316772
0.19209152460098267
0.1920902281999588
0.19208896160125732
0.19208769500255585
0.19208648800849915
0.19208528101444244
0.19208408892154694
0.1920829564332962
0.1920817792415619
0.19208063185214996
0.1920795440673828
0.19207844138145447
0.19207733869552612
0.1920761913061142
0.19207505881786346
0.19207389652729034
0.19207274913787842
0.19207164645195007
0.19207051396369934
0.192069411277771
0.19206833839416504
0.19206728041172028
0.19206620752811432
0.19206516444683075
0.1920640915632248
0.19206298887729645
0.1920619159936905
0.19206085801124573
0.19205981492996216
0.1920587718486786
0.1920577585697174
0.1920567899942398
0.1920558363199234
0.1920548975467682
0.1920539289712906
0.19205302000045776
0.19205212593078613
0.19205117225646973
0.1920502632856369
0.19204935431480408
0.19204843044281006
0.19204750657081604
0.1920466125011444
0.19204570353031158
0.19204479455947876
0.19204390048980713
0.1920429766178131
0.19204209744930267
0.19204123318195343
0.1920403689146042
0.19203948974609375
0.1920386254787445
0.19203777611255646
0.1920369267463684
0.19203610718250275
0.19203530251979828
0.192034512758255
0.19203373789787292
0.19203294813632965
0.19203215837478638
0.1920313686132431
0.19203060865402222
0.19202981889247894
0.19202907383441925
0.19202829897403717
0.19202755391597748
0.19202680885791779
0.19202609360218048
0.19202536344528198
0.1920246183872223
0.1920238584280014
0.1920231431722641
0.1920223832130432
0.19202163815498352
0.19202090799808502
0.19202011823654175
0.19201932847499847
0.1920185536146164
0.1920178234577179
0.1920170783996582
0.1920163333415985
0.19201557338237762
0.19201482832431793
0.19201408326625824
0.19201335310935974
0.19201259315013885
0.19201186299324036
0.19201114773750305
0.19201043248176575
0.19200973212718964
0.19200904667377472
0.19200831651687622
0.19200760126113892
0.1920068860054016
0.1920061707496643
0.1920054405927658
0.1920047104358673
0.1920039802789688
0.1920032948255539
0.19200260937213898
0.19200192391872406
0.19200122356414795
0.19200055301189423
0.1919998824596405
0.19199921190738678
0.19199852645397186
0.19199788570404053
0.1919972449541092
0.1919965296983719
0.19199585914611816
0.19199523329734802
0.1919945925474167
0.19199398159980774
0.1919933259487152
0.19199270009994507
0.19199207425117493
0.19199146330356598
0.19199079275131226
0.19199013710021973
0.19198951125144958
0.19198885560035706
0.19198822975158691
0.19198758900165558
0.19198693335056305
0.19198627769947052
0.191985622048378
0.19198498129844666
0.19198432564735413
0.19198371469974518
0.19198308885097504
0.1919824481010437
0.19198182225227356
0.1919812262058258
0.19198057055473328
0.19197994470596313
0.1919793039560318
0.19197867810726166
0.19197805225849152
0.191977396607399
0.19197675585746765
0.19197611510753632
0.1919754445552826
0.19197478890419006
0.19197417795658112
0.1919735074043274
0.19197285175323486
0.19197219610214233
0.1919715702533722
0.19197094440460205
0.19197030365467072
0.19196967780590057
0.19196903705596924
0.1919683963060379
0.19196778535842896
0.19196717441082
0.19196653366088867
0.19196592271327972
0.1919652819633484
0.19196467101573944
0.1919640451669693
0.19196341931819916
0.19196277856826782
0.1919621378183365
0.19196146726608276
0.19196082651615143
0.1919601857662201
0.19195957481861115
0.1919589340686798
0.19195829331874847
0.19195762276649475
0.19195695221424103
0.1919563263654709
0.19195570051670074
0.1919550895690918
0.19195450842380524
0.1919538974761963
0.19195328652858734
0.1919526606798172
0.19195206463336945
0.1919514238834381
0.19195082783699036
0.1919502317905426
0.19194960594177246
0.1919490098953247
0.19194841384887695
0.1919478178024292
0.19194719195365906
0.19194656610488892
0.1919459104537964
0.19194529950618744
0.1919446587562561
0.19194401800632477
0.19194336235523224
0.1919427514076233
0.19194209575653076
0.19194145500659943
0.19194084405899048
0.19194021821022034
0.19193962216377258
0.19193899631500244
0.1919384002685547
0.19193777441978455
0.1919371634721756
0.19193655252456665
0.1919359564781189
0.19193534553050995
0.1919347494840622
0.19193416833877563
0.19193358719348907
0.19193297624588013
0.19193239510059357
0.19193175435066223
0.19193115830421448
0.19193056225776672
0.19192995131015778
0.19192935526371002
0.19192877411842346
0.1919281929731369
0.19192758202552795
0.1919269859790802
0.19192641973495483
0.19192585349082947
0.1919252723455429
0.19192470610141754
0.19192415475845337
0.19192355871200562
0.19192300736904144
0.19192244112491608
0.19192185997962952
0.19192127883434296
0.1919206976890564
0.19192013144493103
0.19191956520080566
0.1919189989566803
0.19191841781139374
0.19191788136959076
0.1919173300266266
0.1919167935848236
0.19191628694534302
0.19191573560237885
0.19191521406173706
0.19191467761993408
0.1919141560792923
0.19191361963748932
0.19191311299800873
0.19191257655620575
0.19191202521324158
0.1919114887714386
0.19191096723079681
0.19191041588783264
0.19190987944602966
0.19190934300422668
0.1919087916612625
0.19190827012062073
0.19190773367881775
0.19190718233585358
0.1919066309928894
0.19190610945224762
0.19190557301044464
0.19190505146980286
0.19190451502799988
0.1919039636850357
0.19190345704555511
0.19190295040607452
0.19190242886543274
0.19190192222595215
0.19190137088298798
0.1919008195400238
0.19190028309822083
0.19189974665641785
0.19189921021461487
0.1918986737728119
0.1918981522321701
0.19189764559268951
0.19189712405204773
0.19189660251140594
0.19189608097076416
0.19189557433128357
0.19189505279064178
0.19189457595348358
0.1918940544128418
0.1918935477733612
0.1918930560350418
0.19189250469207764
0.19189199805259705
0.19189147651195526
0.19189095497131348
0.19189044833183289
0.1918899267911911
0.19188940525054932
0.19188886880874634
0.19188833236694336
0.1918877810239792
0.1918872445821762
0.19188667833805084
0.19188615679740906
0.19188560545444489
0.1918850839138031
0.19188454747200012
0.19188405573368073
0.19188353419303894
0.19188302755355835
0.19188250601291656
0.19188199937343597
0.1918814778327942
0.1918809562921524
0.19188041985034943
0.19187989830970764
0.19187937676906586
0.19187885522842407
0.19187834858894348
0.1918778270483017
0.1918773502111435
0.1918768286705017
0.19187632203102112
0.19187581539154053
0.19187527894973755
0.19187474250793457
0.19187423586845398
0.191874161362648
0.19187350571155548
0.1918729990720749
0.1918724924325943
0.19187197089195251
0.19187146425247192
0.19187095761299133
0.19187042117118835
0.19186986982822418
0.1918693482875824
0.1918688267469406
0.19186829030513763
0.19186778366565704
0.19186726212501526
0.19186674058437347
0.1918662190437317
0.1918656975030899
0.1918652057647705
0.19186459481716156
0.19186407327651978
0.19186358153820038
0.1918630301952362
0.19186252355575562
0.19186200201511383
0.19186154007911682
0.19186101853847504
0.19186049699783325
0.19186002016067505
0.19185951352119446
0.19185900688171387
0.19185853004455566
0.19185803830623627
0.19185751676559448
0.19185703992843628
0.1918565183877945
0.1918560266494751
0.1918555200099945
0.19185501337051392
0.19185471534729004
0.19185413420200348
0.19185365736484528
0.1918531358242035
0.19185267388820648
0.1918521672487259
0.1918516606092453
0.1918511688709259
0.1918506622314453
0.1918501853942871
0.19184966385364532
0.19184918701648712
0.19184869527816772
0.19184818863868713
0.19184765219688416
0.19184719026088715
0.19184668362140656
0.1918460875749588
0.1918455958366394
0.19184507429599762
0.19184458255767822
0.19184409081935883
0.19184359908103943
0.19184310734272003
0.19184258580207825
0.19184210896492004
0.19184160232543945
0.19184111058712006
0.19184058904647827
0.19184008240699768
0.19183959066867828
0.1918390691280365
0.1918385624885559
0.19183805584907532
0.19183754920959473
0.19183702766895294
0.19183652102947235
0.19183601438999176
0.19183547794818878
0.19183498620986938
0.1918344646692276
0.19183394312858582
0.19183343648910522
0.19183291494846344
0.19183239340782166
0.19183188676834106
0.19183138012886047
0.19183087348937988
0.19183039665222168
0.1918298304080963
0.19182929396629333
0.19182875752449036
0.19182828068733215
0.19182777404785156
0.19182726740837097
0.19182679057121277
0.19182628393173218
0.1918257772922516
0.1918252855539322
0.19182522594928741
0.19182468950748444
0.19182418286800385
0.19182366132736206
0.19182316958904266
0.19182267785072327
0.1918221414089203
0.1918216347694397
0.1918211132287979
0.19182060658931732
0.19182009994983673
0.19181957840919495
0.19181908667087555
0.1918184608221054
0.191817969083786
0.19181741774082184
0.19181688129901886
0.19181634485721588
0.1918158233165741
0.1918153017759323
0.19181475043296814
0.19181421399116516
0.19181370735168457
0.1918131709098816
0.191812664270401
0.19181212782859802
0.19181160628795624
0.19181109964847565
0.19181054830551147
0.19181004166603088
0.1918095052242279
0.19180896878242493
0.19180844724178314
0.19180786609649658
0.19180729985237122
0.19180673360824585
0.19180619716644287
0.1918056607246399
0.19180509448051453
0.19180452823638916
0.19180399179458618
0.19180342555046082
0.19180288910865784
0.19180232286453247
0.1918017864227295
0.19180123507976532
0.19180065393447876
0.19180013239383698
0.19179990887641907
0.19179925322532654
0.19179868698120117
0.1917981505393982
0.1917976289987564
0.19179707765579224
0.19179651141166687
0.1917959600687027
0.19179540872573853
0.19179487228393555
0.19179432094097137
0.19179373979568481
0.19179315865039825
0.19179263710975647
0.1917920708656311
0.19179153442382812
0.19179096817970276
0.19179043173789978
0.19178986549377441
0.19178934395313263
0.19178879261016846
0.19178825616836548
0.1917876899242401
0.19178715348243713
0.191786527633667
0.19178596138954163
0.19178536534309387
0.1917848438024521
0.19178424775600433
0.19178369641304016
0.1917831301689148
0.19178256392478943
0.19178198277950287
0.1917814016342163
0.19178085029125214
0.19178025424480438
0.1917797178030014
0.1917790174484253
0.19177842140197754
0.19177782535552979
0.19177724421024323
0.19177661836147308
0.19177605211734772
0.19177545607089996
0.19177483022212982
0.19177420437335968
0.19177360832691193
0.1917729526758194
0.19177234172821045
0.1917717158794403
0.19177110493183136
0.19177046418190002
0.19176988303661346
0.19176910817623138
0.19176849722862244
0.1917678564786911
0.19176721572875977
0.19176657497882843
0.1917659491300583
0.19176532328128815
0.1917647123336792
0.19176410138607025
0.1917635053396225
0.19176287949085236
0.1917622834444046
0.19176170229911804
0.1917610913515091
0.19176048040390015
0.19175998866558075
0.19175921380519867
0.1917586624622345
0.19175806641578674
0.191757470369339
0.19175687432289124
0.19175629317760468
0.19175568222999573
0.19175508618354797
0.19175449013710022
0.19175389409065247
0.19175326824188232
0.19175267219543457
0.19175207614898682
0.19175148010253906
0.1917508840560913
0.19175028800964355
0.1917496919631958
0.19174911081790924
0.1917484700679779
0.19174784421920776
0.19174724817276
0.19174666702747345
0.1917460858821869
0.19174550473690033
0.19174490869045258
0.1917443424463272
0.19174374639987946
0.1917431652545929
0.19174259901046753
0.19174203276634216
0.19174139201641083
0.19174079596996307
0.1917402148246765
0.19173963367938995
0.1917390525341034
0.19173851609230042
0.19173792004585266
0.1917373538017273
0.19173681735992432
0.19173622131347656
0.19173601269721985
0.19173529744148254
0.19173473119735718
0.191734179854393
0.19173359870910645
0.19173303246498108
0.1917324662208557
0.19173189997673035
0.19173133373260498
0.19173076748847961
0.19173021614551544
0.19172966480255127
0.1917290985584259
0.19172853231430054
0.19172799587249756
0.1917274296283722
0.19172686338424683
0.19172632694244385
0.19172623753547668
0.19172555208206177
0.191724956035614
0.19172438979148865
0.1917238086462021
0.19172322750091553
0.19172263145446777
0.1917220652103424
0.19172149896621704
0.19172091782093048
0.19172035157680511
0.19171978533267975
0.19171921908855438
0.19171862304210663
0.19171804189682007
0.1917174905538559
0.19171693921089172
0.19171682000160217
0.19171613454818726
0.19171559810638428
0.19171501696109772
0.19171448051929474
0.19171394407749176
0.1917133778333664
0.1917128562927246
0.19171230494976044
0.19171175360679626
0.1917112022638321
0.19171065092086792
0.19171011447906494
0.19170956313610077
0.1917089819908142
0.19170844554901123
0.19170786440372467
0.1917072832584381
0.19170671701431274
0.19170616567134857
0.191705584526062
0.19170501828193665
0.19170446693897247
0.1917039006948471
0.19170337915420532
0.19170299172401428
0.19170230627059937
0.1917017698287964
0.19170120358467102
0.19170065224170685
0.19170011579990387
0.1916995644569397
0.19169901311397552
0.19169844686985016
0.19169792532920837
0.1916973739862442
0.19169685244560242
0.19169630110263824
0.19169576466083527
0.1916951835155487
0.19169458746910095
0.19169405102729797
0.1916934698820114
0.19169293344020844
0.19169239699840546
0.19169186055660248
0.1916913390159607
0.19169078767299652
0.19169028103351593
0.19168971478939056
0.19168920814990997
0.1916886568069458
0.1916881650686264
0.19168761372566223
0.19168709218502045
0.19168658554553986
0.19168606400489807
0.19168555736541748
0.1916850358247757
0.1916845440864563
0.19168396294116974
0.19168342649936676
0.19168291985988617
0.19168239831924438
0.1916818618774414
0.19168135523796082
0.19168084859848022
0.19168031215667725
0.19167979061603546
0.19167929887771606
0.19167877733707428
0.1916782408952713
0.19167771935462952
0.19167721271514893
0.19167667627334595
0.19167616963386536
0.19167561829090118
0.1916751116514206
0.19167457520961761
0.19167402386665344
0.19167350232601166
0.19167296588420868
0.1916723996400833
0.19167186319828033
0.19167129695415497
0.19167089462280273
0.19167032837867737
0.1916697919368744
0.19166924059391022
0.19166873395442963
0.19166818261146545
0.19166764616966248
0.1916671097278595
0.1916666030883789
0.19166606664657593
0.19166556000709534
0.19166500866413116
0.19166450202465057
0.1916639804840088
0.191663458943367
0.19166293740272522
0.19166232645511627
0.19166181981563568
0.1916612684726715
0.1916608214378357
0.19166028499603271
0.19165974855422974
0.19165921211242676
0.19165869057178497
0.191658154129982
0.1916576325893402
0.19165711104869843
0.19165658950805664
0.19165605306625366
0.19165551662445068
0.1916549950838089
0.19165445864200592
0.19165393710136414
0.19165340065956116
0.19165286421775818
0.19165223836898804
0.19165171682834625
0.19165119528770447
0.1916506588459015
0.1916501224040985
0.19164960086345673
0.19164907932281494
0.19164854288101196
0.19164803624153137
0.19164741039276123
0.19164690375328064
0.19164639711380005
0.19164589047431946
0.19164538383483887
0.19164486229419708
0.1916443407535553
0.1916438192129135
0.19164320826530457
0.19164271652698517
0.191642165184021
0.1916416436433792
0.19164112210273743
0.19164061546325684
0.19164009392261505
0.19163957238197327
0.19163906574249268
0.1916390061378479
0.19163893163204193
0.1916382759809494
0.19163775444030762
0.19163721799850464
0.19163669645786285
0.19163618981838226
0.19163568317890167
0.1916351467370987
0.1916346251964569
0.19163411855697632
0.19163359701633453
0.19163310527801514
0.19163256883621216
0.19163216650485992
0.191631481051445
0.1916310042142868
0.1916304975748062
0.19162997603416443
0.19162945449352264
0.19162896275520325
0.19162842631340027
0.19162794947624207
0.1916273981332779
0.19162683188915253
0.19162629544734955
0.19162581861019135
0.19162531197071075
0.19162480533123016
0.19162467122077942
0.19162414968013763
0.19162365794181824
0.19162312150001526
0.19162264466285706
0.19162213802337646
0.19162163138389587
0.19162112474441528
0.1916206181049347
0.1916201114654541
0.1916196048259735
0.19161908328533173
0.19161860644817352
0.19161807000637054
0.19161754846572876
0.1916169822216034
0.191616490483284
0.1916159838438034
0.1916155070066452
0.1916150003671646
0.1916145235300064
0.19161400198936462
0.19161352515220642
0.19161303341388702
0.19161242246627808
0.19161193072795868
0.1916114240884781
0.1916109323501587
0.1916104257106781
0.19160990417003632
0.19160938262939453
0.19160890579223633
0.19160841405391693
0.19160792231559753
0.19160740077495575
0.19160690903663635
0.19160641729831696
0.19160592555999756
0.19160541892051697
0.19160489737987518
0.1916043758392334
0.1916038691997528
0.1916033923625946
0.19160296022891998
0.19160231947898865
0.19160179793834686
0.19160132110118866
0.19160085916519165
0.19160035252571106
0.19159984588623047
0.19159938395023346
0.19159889221191406
0.19159840047359467
0.19159793853759766
0.19159744679927826
0.19159696996212006
0.19159646332263947
0.19159598648548126
0.19159550964832306
0.19159503281116486
0.19159483909606934
0.19159424304962158
0.19159375131130219
0.1915932148694992
0.1915927529335022
0.1915922611951828
0.1915917545557022
0.1915912628173828
0.1915907859802246
0.19159026443958282
0.19158978760242462
0.1915893256664276
0.19158929586410522
0.1915886104106903
0.1915881335735321
0.1915876269340515
0.1915871500968933
0.19158664345741272
0.19158613681793213
0.19158563017845154
0.19158515334129333
0.19158464670181274
0.19158418476581573
0.19158369302749634
0.19158318638801575
0.1915830671787262
0.1915825605392456
0.19158202409744263
0.19158154726028442
0.19158102571964264
0.19158053398132324
0.19158004224300385
0.19157952070236206
0.1915791630744934
0.19157841801643372
0.19157792627811432
0.19157740473747253
0.19157691299915314
0.19157640635967255
0.19157588481903076
0.19157537817955017
0.1915748566389084
0.1915743499994278
0.191573828458786
0.191573366522789
0.19157303869724274
0.19157251715660095
0.19157202541828156
0.19157153367996216
0.19157105684280396
0.191570445895195
0.19156992435455322
0.19156941771507263
0.19156894087791443
0.19156844913959503
0.19156797230243683
0.19156748056411743
0.19156697392463684
0.19156648218631744
0.19156602025032043
0.19156549870967865
0.19156499207019806
0.19156450033187866
0.19156399369239807
0.1915634423494339
0.19156292080879211
0.19156239926815033
0.19156187772750854
0.19156135618686676
0.19156087934970856
0.19156035780906677
0.191559836268425
0.1915593147277832
0.19155877828598022
0.19155825674533844
0.19155775010585785
0.1915571391582489
0.19155655801296234
0.19155605137348175
0.19155550003051758
0.191554993391037
0.19155442714691162
0.19155390560626984
0.19155338406562805
0.19155284762382507
0.19155234098434448
0.1915518343448639
0.1915512979030609
0.19155079126358032
0.19155025482177734
0.19154974818229675
0.19154921174049377
0.191548690199852
0.19154813885688782
0.19154761731624603
0.19154702126979828
0.19154644012451172
0.19154590368270874
0.19154533743858337
0.1915448009967804
0.1915442794561386
0.19154375791549683
0.19154322147369385
0.19154268503189087
0.19154216349124908
0.1915416270494461
0.19154107570648193
0.19154053926467896
0.19154003262519836
0.19153949618339539
0.1915389448404312
0.19153843820095062
0.19153787195682526
0.1915373057126999
0.19153675436973572
0.19153612852096558
0.1915355920791626
0.19153504073619843
0.19153451919555664
0.19153398275375366
0.19153347611427307
0.1915329247713089
0.1915324181318283
0.19153186678886414
0.19153136014938354
0.19153085350990295
0.1915302723646164
0.1915297657251358
0.19152921438217163
0.19152869284152985
0.19152815639972687
0.1915276050567627
0.19152705371379852
0.19152651727199554
0.19152596592903137
0.1915254294872284
0.19152487814426422
0.1915242224931717
0.19152364134788513
0.19152311980724335
0.19152256846427917
0.1915220320224762
0.19152148067951202
0.19152092933654785
0.19152039289474487
0.1915198564529419
0.19151932001113892
0.19151878356933594
0.19151823222637177
0.1915176808834076
0.19151712954044342
0.19151657819747925
0.19151602685451508
0.1915154755115509
0.19151490926742554
0.19151432812213898
0.1915137767791748
0.19151321053504944
0.19151265919208527
0.1915121078491211
0.19151154160499573
0.1915111243724823
0.19151031970977783
0.19150979816913605
0.1915092170238495
0.1915087103843689
0.19150812923908234
0.19150760769844055
0.19150710105895996
0.1915070116519928
0.1915062814950943
0.19150571525096893
0.19150514900684357
0.19150462746620178
0.19150406122207642
0.19150355458259583
0.19150301814079285
0.19150246679782867
0.1915019303560257
0.19150137901306152
0.19150084257125854
0.19150027632713318
0.1914997398853302
0.19149917364120483
0.19149862229824066
0.1914980560541153
0.1914975345134735
0.1914968639612198
0.19149631261825562
0.19149573147296906
0.1914951652288437
0.1914946287870407
0.19149409234523773
0.19149354100227356
0.19149300456047058
0.19149243831634521
0.1914920210838318
0.1914912462234497
0.19149067997932434
0.1914900839328766
0.1914895474910736
0.19148898124694824
0.19148844480514526
0.19148790836334229
0.19148734211921692
0.191486656665802
0.19148606061935425
0.19148549437522888
0.19148492813110352
0.19148437678813934
0.19148384034633636
0.1914832442998886
0.19148267805576324
0.19148209691047668
0.19148153066635132
0.19148097932338715
0.19148041307926178
0.19147983193397522
0.19147971272468567
0.19147877395153046
0.19147822260856628
0.19147764146327972
0.19147706031799316
0.191476508975029
0.19147595763206482
0.19147537648677826
0.1914748102426529
0.19147425889968872
0.19147367775440216
0.191473126411438
0.19147256016731262
0.19147197902202606
0.19147126376628876
0.1914706975221634
0.19147010147571564
0.19146953523159027
0.1914689838886261
0.19146841764450073
0.19146785140037537
0.19146728515625
0.19146667420864105
0.19146610796451569
0.19146552681922913
0.19146496057510376
0.1914643496274948
0.19146378338336945
0.19146321713924408
0.1914626508951187
0.19146206974983215
0.1914615035057068
0.19146092236042023
0.1914604902267456
0.19145962595939636
0.1914590746164322
0.19145846366882324
0.19145788252353668
0.19145731627941132
0.19145673513412476
0.19145609438419342
0.1914554089307785
0.19145485758781433
0.1914542317390442
0.19145366549491882
0.19145308434963226
0.1914525032043457
0.19145192205905914
0.19145135581493378
0.19145075976848602
0.19145020842552185
0.19144964218139648
0.19144907593727112
0.19144849479198456
0.19144782423973083
0.19144724309444427
0.19144664704799652
0.19144608080387115
0.19144552946090698
0.19144493341445923
0.19144436717033386
0.1914438009262085
0.19144321978092194
0.1914425790309906
0.19144199788570404
0.1914414018392563
0.19144080579280853
0.19144019484519958
0.1914394497871399
0.19143885374069214
0.19143827259540558
0.19143764674663544
0.19143706560134888
0.19143648445606232
0.19143588840961456
0.1914353370666504
0.19143472611904144
0.19143401086330414
0.19143341481685638
0.19143281877040863
0.19143225252628326
0.1914316564798355
0.19143106043338776
0.1914304494857788
0.19142985343933105
0.1914292424917221
0.19142863154411316
0.19142794609069824
0.1914272904396057
0.19142667949199677
0.19142606854438782
0.19142544269561768
0.19142481684684753
0.19142422080039978
0.19142352044582367
0.1914229542016983
0.19142229855060577
0.1914222538471222
0.1914215236902237
0.19142094254493713
0.1914202868938446
0.19141972064971924
0.19141912460327148
0.19141854345798492
0.19141791760921478
0.19141732156276703
0.19141671061515808
0.19141608476638794
0.19141551852226257
0.19141489267349243
0.19141429662704468
0.19141368567943573
0.19141310453414917
0.1914123296737671
0.19141171872615814
0.1914111226797104
0.19141051173210144
0.19140994548797607
0.19140933454036713
0.19140878319740295
0.191408172249794
0.19140757620334625
0.19140702486038208
0.19140642881393433
0.19140580296516418
0.19140510261058807
0.1914045363664627
0.19140391051769257
0.1914033442735672
0.19140276312828064
0.19140219688415527
0.19140160083770752
0.19140101969242096
0.1914004534482956
0.19139985740184784
0.19139927625656128
0.19139868021011353
0.19139809906482697
0.1913975179195404
0.19139696657657623
0.19139638543128967
0.1913958191871643
0.19139522314071655
0.19139464199543
0.19139406085014343
0.19139347970485687
0.19139280915260315
0.19139215350151062
0.19139158725738525
0.1913909763097763
0.19139043986797333
0.19138985872268677
0.19138924777507782
0.19138868153095245
0.1913881003856659
0.19138742983341217
0.19138678908348083
0.19138620793819427
0.1913856416940689
0.19138504564762115
0.1913844645023346
0.19138386845588684
0.19138328731060028
0.19138269126415253
0.19138211011886597
0.1913815438747406
0.19138091802597046
0.1913803368806839
0.19137975573539734
0.19137915968894958
0.19137857854366302
0.19137799739837646
0.1913774162530899
0.19137682020664215
0.1913762092590332
0.1913755238056183
0.19137486815452576
0.1913742870092392
0.19137367606163025
0.19137312471866608
0.19137252867221832
0.19137181341648102
0.19137124717235565
0.1913706213235855
0.19137008488178253
0.19136948883533478
0.19136889278888702
0.19136828184127808
0.19136767089366913
0.19136708974838257
0.19136649370193481
0.19136588275432587
0.19136527180671692
0.19136466085910797
0.19136404991149902
0.19136346876621246
0.1913628727197647
0.19136226177215576
0.19136165082454681
0.19136108458042145
0.19136032462120056
0.19135966897010803
0.19135907292366028
0.19135843217372894
0.1913578361272812
0.19135725498199463
0.19135664403438568
0.19135603308677673
0.19135543704032898
0.19135485589504242
0.19135425984859467
0.19135363399982452
0.19135302305221558
0.19135239720344543
0.1913517862558365
0.19135119020938873
0.19135059416294098
0.19134998321533203
0.19134938716888428
0.19134876132011414
0.191348135471344
0.19134749472141266
0.19134677946567535
0.1913461983203888
0.19134555757045746
0.19134493172168732
0.19134432077407837
0.19134370982646942
0.19134306907653809
0.19134245812892914
0.191341832280159
0.19134120643138885
0.19134046137332916
0.19133980572223663
0.1913391500711441
0.19133850932121277
0.19133789837360382
0.19133725762367249
0.19133661687374115
0.1913360059261322
0.19133535027503967
0.19133470952510834
0.191334068775177
0.19133344292640686
0.19133278727531433
0.191332146525383
0.19133150577545166
0.19133086502552032
0.191330224275589
0.19132956862449646
0.19132891297340393
0.1913282871246338
0.19132761657238007
0.19132694602012634
0.1913262903690338
0.19132550060749054
0.19132481515407562
0.1913241297006607
0.19132345914840698
0.19132275879383087
0.19132210314273834
0.19132140278816223
0.1913207471370697
0.19132007658481598
0.19131940603256226
0.19131875038146973
0.19131812453269958
0.19131746888160706
0.19131681323051453
0.1913161277770996
0.19131562113761902
0.19131462275981903
0.1913139820098877
0.19131329655647278
0.19131265580654144
0.1913120150566101
0.19131137430667877
0.19131070375442505
0.1913100630044937
0.19130942225456238
0.1913086175918579
0.19130799174308777
0.19130732119083405
0.1913066953420639
0.19130606949329376
0.19130542874336243
0.1913047730922699
0.19130414724349976
0.19130350649356842
0.1913028061389923
0.19130218029022217
0.19130152463912964
0.1913008689880371
0.19130022823810577
0.19129958748817444
0.19129890203475952
0.191298246383667
0.19129754602909088
0.19129689037799835
0.19129690527915955
0.19129535555839539
0.1912946105003357
0.19129395484924316
0.19129322469234467
0.19129247963428497
0.19129179418087006
0.19129112362861633
0.1912904679775238
0.1912897676229477
0.19128914177417755
0.19128847122192383
0.1912878155708313
0.19128714501857758
0.19128651916980743
0.19128607213497162
0.19128505885601044
0.1912844032049179
0.19128373265266418
0.19128307700157166
0.1912824511528015
0.1912817806005478
0.19128113985061646
0.19128048419952393
0.19127985835075378
0.19127920269966125
0.19127853214740753
0.19127777218818665
0.19127708673477173
0.1912764459848404
0.19127576053142548
0.19127516448497772
0.191274493932724
0.19127388298511505
0.19127324223518372
0.19127264618873596
0.19127202033996582
0.19127124547958374
0.1912706047296524
0.19126994907855988
0.19126930832862854
0.1912686973810196
0.19126807153224945
0.1912674605846405
0.19126681983470917
0.1912662237882614
0.19126558303833008
0.19126497209072113
0.19126436114311218
0.19126376509666443
0.19126304984092712
0.19126233458518982
0.19126173853874207
0.19126108288764954
0.191260427236557
0.19125984609127045
0.1912592202425003
0.19125859439373016
0.19125813245773315
0.19125723838806152
0.19125664234161377
0.19125598669052124
0.1912553757429123
0.19125476479530334
0.1912541687488556
0.19125354290008545
0.1912529319524765
0.19125232100486755
0.1912516951560974
0.19125105440616608
0.19125042855739594
0.19124984741210938
0.1912490278482437
0.19124846160411835
0.19124780595302582
0.19124720990657806
0.19124659895896912
0.1912459433078766
0.19124533236026764
0.19124473631381989
0.19124411046504974
0.1912434697151184
0.19124329090118408
0.19124209880828857
0.19124142825603485
0.1912408173084259
0.19124016165733337
0.19123956561088562
0.19123893976211548
0.19123831391334534
0.1912376880645752
0.19123704731464386
0.1912364661693573
0.19123582541942596
0.1912350356578827
0.19123438000679016
0.19123375415802002
0.1912330985069275
0.19123251736164093
0.1912318766117096
0.19123128056526184
0.1912306398153305
0.19123001396656036
0.1912294179201126
0.19122877717018127
0.19122813642024994
0.191227525472641
0.19122688472270966
0.19122673571109772
0.19122566282749176
0.19122503697872162
0.1912243813276291
0.19122377038002014
0.1912231743335724
0.19122253358364105
0.1912219375371933
0.19122134149074554
0.1912207454442978
0.1912204623222351
0.19121935963630676
0.19121874868869781
0.19121810793876648
0.19121748208999634
0.19121688604354858
0.19121624529361725
0.1912156343460083
0.19121500849723816
0.1912143975496292
0.19121378660202026
0.19121317565441132
0.19121254980564117
0.19121183454990387
0.19121117889881134
0.1912105828523636
0.19120994210243225
0.1912093609571457
0.19120875000953674
0.1912081390619278
0.19120755791664124
0.19120675325393677
0.19120614230632782
0.19120550155639648
0.19120487570762634
0.1912042498588562
0.19120362401008606
0.1912030130624771
0.19120241701602936
0.1912018209695816
0.19120121002197266
0.19120058417320251
0.19119995832443237
0.19119921326637268
0.19119860231876373
0.1911979615688324
0.19119738042354584
0.1911967396736145
0.19119612872600555
0.1911955326795578
0.19119490683078766
0.19119465351104736
0.19119352102279663
0.19119292497634888
0.19119225442409515
0.19119161367416382
0.19119100272655487
0.19119036197662354
0.19118978083133698
0.19118919968605042
0.19118857383728027
0.19118797779083252
0.19118738174438477
0.19118677079677582
0.19118618965148926
0.19118550419807434
0.19118477404117584
0.19118419289588928
0.19118355214595795
0.1911829710006714
0.19118236005306244
0.1911817491054535
0.19118158519268036
0.1911807656288147
0.19118019938468933
0.1911795437335968
0.19117891788482666
0.1911783516407013
0.1911776065826416
0.19117699563503265
0.1911763697862625
0.19117574393749237
0.1911751627922058
0.19117453694343567
0.19117394089698792
0.1911734938621521
0.1911725550889969
0.19117197394371033
0.19117136299610138
0.19117066264152527
0.1911700814962387
0.19116950035095215
0.1911688596010208
0.19116830825805664
0.19116772711277008
0.19116710126399994
0.19116652011871338
0.191165953874588
0.1911652684211731
0.19116462767124176
0.191164031624794
0.19116342067718506
0.1911628544330597
0.19116227328777313
0.1911618411540985
0.19116109609603882
0.19116050004959106
0.1911599189043045
0.19115930795669556
0.19115862250328064
0.19115804135799408
0.19115740060806274
0.19115684926509857
0.19115623831748962
0.19115567207336426
0.1911550760269165
0.19115449488162994
0.1911538988351822
0.19115330278873444
0.19115272164344788
0.19115211069583893
0.1911514848470688
0.1911512166261673
0.19115012884140015
0.1911495327949524
0.19114887714385986
0.1911483108997345
0.19114768505096436
0.1911470592021942
0.19114649295806885
0.1911458969116211
0.19114528596401215
0.1911446899175644
0.19114407896995544
0.19114363193511963
0.19114284217357635
0.1911422163248062
0.19114160537719727
0.19114118814468384
0.19114048779010773
0.19113986194133759
0.19113928079605103
0.19113869965076447
0.1911381036043167
0.19113753736019135
0.19113698601722717
0.1911362260580063
0.19113564491271973
0.19113504886627197
0.19113442301750183
0.19113388657569885
0.1911332756280899
0.19113270938396454
0.1911320835351944
0.19113151729106903
0.19113092124462128
0.1911303550004959
0.19113031029701233
0.19112899899482727
0.19112837314605713
0.19112779200077057
0.19112718105316162
0.19112662971019745
0.19112606346607208
0.1911255121231079
0.19112496078014374
0.19112440943717957
0.19112390279769897
0.1911231428384781
0.19112259149551392
0.19112202525138855
0.19112145900726318
0.1911209374666214
0.19112034142017365
0.19111976027488708
0.19111919403076172
0.19111861288547516
0.1911182403564453
0.19111737608909607
0.19111685454845428
0.19111627340316772
0.19111570715904236
0.191115140914917
0.19111457467079163
0.1911139041185379
0.19111338257789612
0.19111278653144836
0.1911122351884842
0.1911116987466812
0.19111113250255585
0.19111058115959167
0.19110998511314392
0.19110943377017975
0.1911088228225708
0.19110818207263947
0.19110766053199768
0.19110706448554993
0.19110643863677979
0.19110587239265442
0.19110532104969025
0.19110475480556488
0.1911042034626007
0.19110365211963654
0.19110313057899475
0.19110259413719177
0.19110198318958282
0.19110135734081268
0.1911008507013321
0.19110022485256195
0.19109967350959778
0.191099151968956
0.19109857082366943
0.19109801948070526
0.19109752774238586
0.1910969614982605
0.19109642505645752
