# lbfgs, lr=0.8, alpha = 1000000, beta = 0.1
# best_iter: 98, best_loss = 0.24787454307079315, imsave period = 10
190.76596069335938
21.70262336730957
4.887049198150635
1.8477450609207153
1.0055595636367798
0.7160683870315552
0.5695655345916748
0.4945589303970337
0.44917213916778564
0.41866612434387207
0.39350754022598267
0.37376776337623596
0.3636056184768677
0.35093680024147034
0.34158560633659363
0.33294567465782166
0.32534059882164
0.31967484951019287
0.3141247034072876
0.30885064601898193
0.304928183555603
0.3012421131134033
0.29850292205810547
0.29561805725097656
0.2930290400981903
0.2908990979194641
0.2884480655193329
0.2870612144470215
0.2844814658164978
0.28333577513694763
0.28109151124954224
0.2806764841079712
0.2806139886379242
0.2845359146595001
0.27705276012420654
0.2765515148639679
0.27839478850364685
0.27546724677085876
0.27969151735305786
0.273175984621048
0.27096110582351685
0.27008551359176636
0.27440881729125977
0.2722640931606293
0.28386950492858887
0.272540807723999
0.2683590352535248
0.2663456201553345
0.268080472946167
0.2651948034763336
56.01720428466797
3.5488386154174805
0.7682037949562073
0.47138941287994385
0.387891948223114
0.3437137305736542
0.3315039575099945
0.31290265917778015
0.30389663577079773
0.29497823119163513
0.2894539535045624
0.2850342392921448
0.28087130188941956
0.27682581543922424
0.27373334765434265
0.27120301127433777
0.26879918575286865
0.26695242524147034
0.2650449573993683
0.2637646794319153
0.26238536834716797
0.261124849319458
0.2596595287322998
0.2585703730583191
0.25769421458244324
0.2569540739059448
0.2567601799964905
0.2558111846446991
0.2549353837966919
0.2547532618045807
0.2537844479084015
0.25382792949676514
0.25272494554519653
0.2529428005218506
0.25170671939849854
0.2540011405944824
0.25175416469573975
0.25062096118927
0.2514443099498749
0.2500162124633789
0.253936231136322
0.2502354085445404
0.24927204847335815
0.2487816959619522
0.2644599974155426
0.25145596265792847
0.24958446621894836
0.24848678708076477
0.24787454307079315
0.36801677942276
