# adam, lr=0.01, alpha = 1000000, beta = 0.1
# best_iter: 2900, best_loss = 0.12672799825668335, imsave period = 300
5.238707542419434
2.9905147552490234
1.8613293170928955
1.2110437154769897
0.9513223171234131
0.8731073141098022
0.7943524122238159
0.7606192231178284
0.7269272208213806
0.6978155374526978
0.6598700284957886
0.6252655982971191
0.589613139629364
0.5617346167564392
0.5341140627861023
0.5087778568267822
0.4837031960487366
0.4638940691947937
0.44462963938713074
0.42728477716445923
0.40991920232772827
0.3953597843647003
0.38223063945770264
0.37104737758636475
0.360137403011322
0.350588858127594
0.3418814539909363
0.33376389741897583
0.3262261152267456
0.3190042972564697
0.31258249282836914
0.30655884742736816
0.3010562062263489
0.2957645654678345
0.29097843170166016
0.2865418791770935
0.28224050998687744
0.2782682776451111
0.2744992971420288
0.27098676562309265
0.267667293548584
0.2644767761230469
0.2614981532096863
0.2586788535118103
0.25591856241226196
0.25330325961112976
0.2508555054664612
0.24849086999893188
0.24625146389007568
0.24411597847938538
0.24206814169883728
0.24011896550655365
0.23824042081832886
0.23642867803573608
0.23469284176826477
0.23303605616092682
0.231424942612648
0.22986909747123718
0.22837591171264648
0.22693848609924316
0.2255450189113617
0.22420340776443481
0.2229100614786148
0.22165875136852264
0.22044746577739716
0.21927371621131897
0.2181331366300583
0.21702751517295837
0.21595817804336548
0.21491765975952148
0.2139069139957428
0.2129228413105011
0.21196284890174866
0.2110278457403183
0.21012172102928162
0.20924009382724762
0.20838011801242828
0.2075430154800415
0.20672661066055298
0.20593079924583435
0.20515398681163788
0.20439597964286804
0.20365482568740845
0.20293618738651276
0.2022404670715332
0.2015809863805771
0.2009783685207367
0.20050649344921112
0.20027530193328857
0.20062461495399475
0.20150357484817505
0.2032359391450882
0.20220273733139038
0.19924885034561157
0.19613942503929138
0.19707834720611572
0.1983203887939453
0.19578975439071655
0.19406050443649292
0.194929838180542
0.1946338713169098
0.19287368655204773
0.1921786516904831
0.19262248277664185
0.19212010502815247
0.19071367383003235
0.19028279185295105
0.19049227237701416
0.1899247169494629
0.18890024721622467
0.18832996487617493
0.18829122185707092
0.18808987736701965
0.18737533688545227
0.18662488460540771
0.18620148301124573
0.18603327870368958
0.1858443021774292
0.1854112446308136
0.18483667075634003
0.18424399197101593
0.18379169702529907
0.1834821254014969
0.1832573115825653
0.18308806419372559
0.18291941285133362
0.18280671536922455
0.18259268999099731
0.18234306573867798
0.1818002313375473
0.18115147948265076
0.18045371770858765
0.17996744811534882
0.17972087860107422
0.1796252727508545
0.17963407933712006
0.1796504706144333
0.17975883185863495
0.17960873246192932
0.17932064831256866
0.1784525364637375
0.17753586173057556
0.1769484132528305
0.17686814069747925
0.17703689634799957
0.17708688974380493
0.17698243260383606
0.17647036910057068
0.17580646276474
0.17512498795986176
0.17474424839019775
0.17465707659721375
0.17470461130142212
0.17484797537326813
0.17494039237499237
0.17505648732185364
0.17473144829273224
0.17415377497673035
0.17318594455718994
0.17250345647335052
0.17239247262477875
0.1726047694683075
0.1728190928697586
0.17273053526878357
0.17243312299251556
0.1717299073934555
0.17102999985218048
0.17061704397201538
0.1705489605665207
0.17067521810531616
0.17085689306259155
0.1711587905883789
0.17122407257556915
0.17120099067687988
0.17047016322612762
0.16949306428432465
0.16875137388706207
0.16872838139533997
0.1690616011619568
0.16920213401317596
0.16908380389213562
0.16845141351222992
0.16774602234363556
0.16730788350105286
0.1672697812318802
0.16740809381008148
0.16754677891731262
0.1678304374217987
0.16799095273017883
0.16802555322647095
0.16736485064029694
0.16657425463199615
0.1658635437488556
0.1656322181224823
0.1658000499010086
0.16600027680397034
0.16611987352371216
0.16589732468128204
0.16548380255699158
0.16482925415039062
0.16437257826328278
0.1642571985721588
0.1641836166381836
0.16408930718898773
0.16426944732666016
0.1648375689983368
0.16540347039699554
0.16657039523124695
0.16740339994430542
0.16808229684829712
0.16578499972820282
0.16339567303657532
0.16325920820236206
0.1645658016204834
0.16473135352134705
0.16303753852844238
0.1623431146144867
0.16297709941864014
0.16288071870803833
0.16229963302612305
0.16214577853679657
0.16194388270378113
0.1612636148929596
0.16121196746826172
0.16157718002796173
0.16114351153373718
0.16073256731033325
0.16094975173473358
0.16099226474761963
0.1606614887714386
0.16084563732147217
0.16120663285255432
0.16160190105438232
0.16181017458438873
0.162195086479187
0.1613280028104782
0.1604072004556656
0.15953992307186127
0.15911400318145752
0.15953736007213593
0.15996375679969788
0.159573033452034
0.15908518433570862
0.15903528034687042
0.15839967131614685
0.15792663395404816
0.15818670392036438
0.15821142494678497
0.15809403359889984
0.15840759873390198
0.1590586155653
0.1597328931093216
0.1611787974834442
0.16147643327713013
0.16111285984516144
0.15879149734973907
0.1575603187084198
0.15770728886127472
0.15846316516399384
0.15865935385227203
0.15709859132766724
0.15633273124694824
0.15721486508846283
0.15726090967655182
0.15672454237937927
0.15643692016601562
0.15606936812400818
0.1557008922100067
0.15593862533569336
0.1560470014810562
0.15581709146499634
0.15586675703525543
0.15565277636051178
0.1552785038948059
0.1552179902791977
0.1552368849515915
0.1548299491405487
0.15460757911205292
0.15468056499958038
0.15461277961730957
0.1546158790588379
0.15504524111747742
0.1556488424539566
0.15728726983070374
0.1597689837217331
0.16395771503448486
0.16226720809936523
0.1579473912715912
0.15482625365257263
0.15693776309490204
0.1580214500427246
0.1559593230485916
0.15535715222358704
0.1554548293352127
0.1553119271993637
0.15485671162605286
0.15445664525032043
0.15441349148750305
0.15377844870090485
0.1536986529827118
0.15395745635032654
0.15323257446289062
0.15281152725219727
0.15328443050384521
0.15274257957935333
0.152264803647995
0.15271463990211487
0.15226808190345764
0.1520623117685318
0.15225306153297424
0.15214097499847412
0.15263456106185913
0.15371935069561005
0.1566549837589264
0.16085800528526306
0.16794103384017944
0.16238351166248322
0.15406349301338196
0.15398849546909332
0.1578245908021927
0.15636985003948212
0.15332002937793732
0.15424154698848724
0.1555141806602478
0.15319830179214478
0.15231744945049286
0.15403856337070465
0.1526990681886673
0.15137779712677002
0.15241476893424988
0.15229418873786926
0.15104901790618896
0.15112310647964478
0.15146508812904358
0.15098512172698975
0.15085946023464203
0.15037958323955536
0.15030954778194427
0.15062634646892548
0.15018056333065033
0.14993439614772797
0.14978504180908203
0.14960621297359467
0.14954505860805511
0.14959897100925446
0.14956092834472656
0.14941653609275818
0.14950330555438995
0.1494348645210266
0.14925029873847961
0.14929521083831787
0.14911682903766632
0.1489524394273758
0.14877820014953613
0.14864587783813477
0.14850468933582306
0.14828450977802277
0.14819353818893433
0.14813187718391418
0.1479734182357788
0.1479281485080719
0.14794418215751648
0.14806227385997772
0.14849749207496643
0.14988486468791962
0.1529826819896698
0.1605890989303589
0.1652570366859436
0.16827282309532166
0.15333214402198792
0.1534413993358612
0.1633986085653305
0.15297898650169373
0.15031684935092926
0.15705959498882294
0.15115264058113098
0.15013235807418823
0.15404166281223297
0.1499353051185608
0.14978908002376556
0.15218091011047363
0.14914461970329285
0.14931271970272064
0.15088340640068054
0.1484568566083908
0.1488082855939865
0.14981238543987274
0.14798767864704132
0.1482415795326233
0.14887583255767822
0.14768140017986298
0.1476016342639923
0.14812617003917694
0.1473136693239212
0.1470370888710022
0.14749442040920258
0.14697402715682983
0.1465931385755539
0.1468590795993805
0.14668260514736176
0.1463175266981125
0.14629139006137848
0.14633893966674805
0.1461535394191742
0.14590133726596832
0.14590275287628174
0.14591872692108154
0.14572186768054962
0.1455782949924469
0.14553764462471008
0.14549534022808075
0.14542394876480103
0.14529167115688324
0.14522919058799744
0.14527520537376404
0.14545713365077972
0.14629043638706207
0.1487724781036377
0.1560492068529129
0.16330160200595856
0.17107778787612915
0.1515042781829834
0.14929434657096863
0.15956908464431763
0.14898355305194855
0.15095026791095734
0.15540136396884918
0.14711028337478638
0.15240278840065002
0.15214616060256958
0.14732323586940765
0.15228642523288727
0.14841429889202118
0.14830833673477173
0.14977505803108215
0.14639858901500702
0.1486501395702362
0.14685426652431488
0.14665739238262177
0.14744910597801208
0.14562009274959564
0.14693276584148407
0.14590094983577728
0.14557574689388275
0.1462251842021942
0.1448991894721985
0.14561127126216888
0.1450943946838379
0.14470700919628143
0.14512097835540771
0.14441876113414764
0.14460839331150055
0.14449140429496765
0.14419595897197723
0.14426061511039734
0.14420965313911438
0.1442025601863861
0.14475151896476746
0.1465587615966797
0.15009236335754395
0.15867266058921814
0.15932469069957733
0.15359342098236084
0.14551344513893127
0.15127727389335632
0.15194235742092133
0.14707638323307037
0.14897188544273376
0.14857715368270874
0.14722105860710144
0.14777331054210663
0.14643245935440063
0.14693933725357056
0.14614257216453552
0.14552344381809235
0.14633747935295105
0.1445595771074295
0.14534889161586761
0.14516809582710266
0.14388573169708252
0.14490264654159546
0.143941730260849
0.14387273788452148
0.14402852952480316
0.14355361461639404
0.14354051649570465
0.14349760115146637
0.143133744597435
0.14321628212928772
0.14305058121681213
0.14281482994556427
0.14287817478179932
0.14272087812423706
0.14258131384849548
0.1426093727350235
0.14260423183441162
0.1426229476928711
0.14303898811340332
0.14358735084533691
0.14479617774486542
0.14604370296001434
0.1472635269165039
0.1453959345817566
0.14291690289974213
0.14222773909568787
0.14376887679100037
0.1441734880208969
0.1426655650138855
0.14197643101215363
0.14283540844917297
0.1430620551109314
0.14208994805812836
0.14169715344905853
0.1422448456287384
0.14242106676101685
0.14181236922740936
0.14143919944763184
0.14171719551086426
0.14186590909957886
0.14166861772537231
0.141371488571167
0.14121372997760773
0.14128781855106354
0.14139463007450104
0.14139968156814575
0.14119240641593933
0.14095069468021393
0.14087319374084473
0.1408987194299698
0.1409340500831604
0.14095032215118408
0.1410207599401474
0.14115490019321442
0.14131098985671997
0.14135248959064484
0.14135800302028656
0.14123743772506714
0.14108078181743622
0.1407352238893509
0.14044472575187683
0.14043372869491577
0.14064429700374603
0.14085690677165985
0.1409694254398346
0.1411990225315094
0.1414502114057541
0.1416563242673874
0.14131532609462738
0.14074045419692993
0.14047223329544067
0.14064213633537292
0.14076608419418335
0.14082588255405426
0.14127209782600403
0.14171266555786133
0.14179453253746033
0.1409633904695511
0.14050063490867615
0.14058926701545715
0.14044281840324402
0.14009925723075867
0.140290766954422
0.1407025307416916
0.1405617594718933
0.14040300250053406
0.1406882107257843
0.14106768369674683
0.14085909724235535
0.1408860981464386
0.1410829871892929
0.14080551266670227
0.1399446725845337
0.1396956741809845
0.14012202620506287
0.14022360742092133
0.14030525088310242
0.14091084897518158
0.1420106589794159
0.14281012117862701
0.1446394920349121
0.14517386257648468
0.1441190391778946
0.1403258740901947
0.14084608852863312
0.1430814564228058
0.14107349514961243
0.14017584919929504
0.1418067365884781
0.14160263538360596
0.14146673679351807
0.14422477781772614
0.1463429033756256
0.14983320236206055
0.15005013346672058
0.14815400540828705
0.14059314131736755
0.14343883097171783
0.14776039123535156
0.1424950808286667
0.14298392832279205
0.14377222955226898
0.14090950787067413
0.14282913506031036
0.14204877614974976
0.14035555720329285
0.14200717210769653
0.14087383449077606
0.140554741024971
0.14130845665931702
0.14014601707458496
0.1407119631767273
0.14086228609085083
0.1409115493297577
0.1422707438468933
0.14410969614982605
0.1452963799238205
0.14740553498268127
0.1438603699207306
0.1403048038482666
0.14068248867988586
0.14231249690055847
0.14221853017807007
0.14069229364395142
0.13988396525382996
0.1407952457666397
0.14097629487514496
0.13975638151168823
0.1395556479692459
0.14012621343135834
0.13989633321762085
0.13942793011665344
0.13943295180797577
0.1392730474472046
0.13928236067295074
0.13939863443374634
0.13889648020267487
0.1387357860803604
0.13895387947559357
0.13882726430892944
0.1387648582458496
0.13869038224220276
0.13879194855690002
0.13917046785354614
0.14001595973968506
0.141999751329422
0.14629492163658142
0.14887163043022156
0.15122424066066742
0.14470559358596802
0.1422901749610901
0.14582785964012146
0.14482513070106506
0.14074581861495972
0.14148931205272675
0.14329083263874054
0.14050140976905823
0.14034944772720337
0.1420542150735855
0.14023630321025848
0.13955232501029968
0.1406286060810089
0.14001721143722534
0.13903936743736267
0.13986368477344513
0.13968130946159363
0.1387065201997757
0.13949882984161377
0.13925080001354218
0.13868026435375214
0.13944214582443237
0.1396275758743286
0.14011383056640625
0.14168891310691833
0.14252547919750214
0.14334340393543243
0.140838623046875
0.13924738764762878
0.13912220299243927
0.13928517699241638
0.14009496569633484
0.13960787653923035
0.13828973472118378
0.13839194178581238
0.13892202079296112
0.13890627026557922
0.13841456174850464
0.13817815482616425
0.13812196254730225
0.13790394365787506
0.13812214136123657
0.13824275135993958
0.13802121579647064
0.13778160512447357
0.13777491450309753
0.13765949010849
0.13747389614582062
0.1373835951089859
0.13739188015460968
0.13740350306034088
0.1373300552368164
0.13739103078842163
0.13767468929290771
0.13838693499565125
0.1397482305765152
0.14296743273735046
0.14628666639328003
0.1500987708568573
0.1438707709312439
0.13824191689491272
0.1404719352722168
0.14309316873550415
0.1409183144569397
0.13863974809646606
0.14048098027706146
0.14050018787384033
0.13864313066005707
0.13937926292419434
0.1395798623561859
0.1382034569978714
0.13866883516311646
0.13897892832756042
0.1378755271434784
0.1378818154335022
0.1384027749300003
0.13777737319469452
0.13749200105667114
0.13797049224376678
0.13753582537174225
0.1371958702802658
0.1375364065170288
0.13731169700622559
0.13699929416179657
0.13720089197158813
0.13715338706970215
0.1369730532169342
0.1371152549982071
0.1374264508485794
0.137861967086792
0.13902848958969116
0.1408584862947464
0.1439119130373001
0.14331455528736115
0.14071431756019592
0.1377018392086029
0.13914349675178528
0.141182541847229
0.13950267434120178
0.13793601095676422
0.13849492371082306
0.13914456963539124
0.13847488164901733
0.13749167323112488
0.13781407475471497
0.13823041319847107
0.1376591920852661
0.1371031105518341
0.1371588408946991
0.1374945044517517
0.137436181306839
0.13676954805850983
0.13662788271903992
0.13701002299785614
0.13697746396064758
0.13670505583286285
0.13647931814193726
0.13645069301128387
0.13652539253234863
0.1365349292755127
0.13647916913032532
0.13645371794700623
0.13643644750118256
0.13632729649543762
0.13632024824619293
0.13674958050251007
0.1376488208770752
0.13979312777519226
0.1426200568675995
0.14656448364257812
0.14431248605251312
0.14040273427963257
0.1378360539674759
0.1409284472465515
0.14254935085773468
0.13803857564926147
0.13781091570854187
0.14050212502479553
0.13862189650535583
0.13770723342895508
0.13921569287776947
0.1398177593946457
0.1395610272884369
0.14000609517097473
0.1412442922592163
0.14160139858722687
0.13834154605865479
0.13809050619602203
0.13845670223236084
0.1377985030412674
0.1383938491344452
0.13793280720710754
0.13755416870117188
0.1368144452571869
0.1369204968214035
0.1375146061182022
0.1367427408695221
0.1367916762828827
0.13677223026752472
0.13664017617702484
0.13651685416698456
0.13616368174552917
0.13642244040966034
0.13631753623485565
0.1361895501613617
0.13646504282951355
0.13665103912353516
0.1374903917312622
0.13812872767448425
0.13942846655845642
0.13999275863170624
0.13968978822231293
0.1372527927160263
0.13619878888130188
0.13734325766563416
0.13824647665023804
0.1375819742679596
0.1360916793346405
0.13636641204357147
0.13690361380577087
0.1365450769662857
0.13631629943847656
0.13630032539367676
0.1362057626247406
0.13576391339302063
0.1358141452074051
0.13621433079242706
0.13591603934764862
0.13560819625854492
0.1355346292257309
0.13564467430114746
0.13564804196357727
0.13542452454566956
0.13556388020515442
0.135864719748497
0.13599054515361786
0.13616250455379486
0.13624171912670135
0.1366676390171051
0.13718241453170776
0.13867932558059692
0.1419009417295456
0.1497424840927124
0.15054696798324585
0.14541524648666382
0.13628104329109192
0.1422063112258911
0.14554482698440552
0.13786254823207855
0.14136654138565063
0.14424528181552887
0.141353577375412
0.1496766209602356
0.16440966725349426
0.15743567049503326
0.15584945678710938
0.14743672311306
0.1461205631494522
0.14987903833389282
0.14406701922416687
0.14260530471801758
0.14569230377674103
0.14294114708900452
0.14003980159759521
0.14457833766937256
0.1426641047000885
0.14554516971111298
0.15687617659568787
0.17895525693893433
0.17497745156288147
0.167738676071167
0.1450779139995575
0.15968848764896393
0.16152650117874146
0.1482248604297638
0.15422728657722473
0.15160535275936127
0.14763695001602173
0.15205346047878265
0.14495885372161865
0.1460702270269394
0.14817987382411957
0.142933189868927
0.14761865139007568
0.14317473769187927
0.14598314464092255
0.14397794008255005
0.1460147649049759
0.14414013922214508
0.14540500938892365
0.1420898735523224
0.14157433807849884
0.13969044387340546
0.1401071399450302
0.1407904028892517
0.14088734984397888
0.14112235605716705
0.13977569341659546
0.1392706334590912
0.13798418641090393
0.13851240277290344
0.1382271647453308
0.13885650038719177
0.13873395323753357
0.13858743011951447
0.13797365128993988
0.13738620281219482
0.13693587481975555
0.1367403268814087
0.13698934018611908
0.13703653216362
0.13722260296344757
0.1371554136276245
0.1370522826910019
0.1367703080177307
0.1363113522529602
0.13607701659202576
0.13577504456043243
0.13586288690567017
0.13588541746139526
0.13613662123680115
0.1362595558166504
0.1363244354724884
0.1364380419254303
0.13619229197502136
0.13600800931453705
0.1355362981557846
0.13532373309135437
0.13520202040672302
0.13529342412948608
0.1355135142803192
0.1356326788663864
0.13575269281864166
0.13550055027008057
0.13520005345344543
0.13485999405384064
0.1347338706254959
0.13481077551841736
0.13490469753742218
0.13498838245868683
0.13498498499393463
0.13499075174331665
0.13506785035133362
0.13535979390144348
0.1356288641691208
0.13573801517486572
0.13516733050346375
0.1345003992319107
0.13442936539649963
0.13481666147708893
0.1348792016506195
0.1344621777534485
0.1342104971408844
0.13437451422214508
0.13451893627643585
0.134373739361763
0.13417485356330872
0.13426759839057922
0.13471925258636475
0.13573503494262695
0.13896678388118744
0.14563140273094177
0.1601947546005249
0.15732058882713318
0.14564207196235657
0.13817311823368073
0.1487846076488495
0.1463872641324997
0.13916365802288055
0.14694221317768097
0.14258471131324768
0.13914641737937927
0.14429360628128052
0.13861411809921265
0.14029330015182495
0.1412264108657837
0.13691352307796478
0.14033125340938568
0.13777118921279907
0.13757893443107605
0.1384832262992859
0.13645881414413452
0.13782250881195068
0.13684576749801636
0.13667938113212585
0.1372949630022049
0.13651420176029205
0.13750538229942322
0.13743194937705994
0.13770505785942078
0.13767188787460327
0.1368473917245865
0.13592131435871124
0.13554129004478455
0.13535645604133606
0.13573677837848663
0.13581646978855133
0.13535183668136597
0.1351068615913391
0.1347041130065918
0.13467377424240112
0.1348547339439392
0.13478907942771912
0.13480481505393982
0.13459007441997528
0.13436537981033325
0.13417929410934448
0.13408532738685608
0.13406625390052795
0.13406506180763245
0.13408461213111877
0.13410352170467377
0.13422612845897675
0.13428017497062683
0.1344956010580063
0.13463936746120453
0.13455258309841156
0.1342644989490509
0.13390986621379852
0.13361620903015137
0.1337038278579712
0.13381007313728333
0.1338154375553131
0.13373041152954102
0.13356852531433105
0.13362547755241394
0.13380908966064453
0.13403818011283875
0.134070485830307
0.1339549422264099
0.1337270438671112
0.133762925863266
0.13402226567268372
0.1344088464975357
0.13427028059959412
0.1337035447359085
0.13330909609794617
0.13353832066059113
0.1337740272283554
0.13355715572834015
0.13310499489307404
0.1331055462360382
0.13336914777755737
0.1333569884300232
0.13313567638397217
0.13312619924545288
0.13344569504261017
0.13406667113304138
0.1349422037601471
0.13707831501960754
0.13971297442913055
0.1438068449497223
0.14148865640163422
0.13712145388126373
0.13500554859638214
0.1386423110961914
0.1396680623292923
0.13518337905406952
0.13555750250816345
0.13764289021492004
0.13506175577640533
0.13459277153015137
0.13636904954910278
0.13474348187446594
0.1339339166879654
0.13521695137023926
0.13423778116703033
0.13368916511535645
0.13444870710372925
0.13389304280281067
0.133500337600708
0.13387346267700195
0.13367360830307007
0.1332848072052002
0.133425772190094
0.13351580500602722
0.13318517804145813
0.13317854702472687
0.1334575116634369
0.13336169719696045
0.1335083544254303
0.13408002257347107
0.13485728204250336
0.13527968525886536
0.13559523224830627
0.13465066254138947
0.13351871073246002
0.13289783895015717
0.133657306432724
0.1342681348323822
0.13340485095977783
0.13282379508018494
0.1330682635307312
0.1333198845386505
0.13316710293293
0.13286545872688293
0.13290566205978394
0.13284829258918762
0.13272127509117126
0.13279308378696442
0.1328078955411911
0.13263899087905884
0.132431298494339
0.132457435131073
0.13262668251991272
0.1325780600309372
0.13254310190677643
0.13281333446502686
0.13347476720809937
0.13458260893821716
0.1369355320930481
0.13872139155864716
0.13983795046806335
0.13552090525627136
0.13343067467212677
0.1357806771993637
0.13559773564338684
0.13339920341968536
0.1335269957780838
0.13483558595180511
0.13397644460201263
0.13290143013000488
0.1338869035243988
0.13411620259284973
0.1330835223197937
0.13371387124061584
0.1344294548034668
0.1340107023715973
0.1342328041791916
0.1354142129421234
0.1349077820777893
0.1338324099779129
0.1331404745578766
0.13320386409759521
0.1330493539571762
0.13305114209651947
0.1336512416601181
0.1332596093416214
0.1324661672115326
0.13252264261245728
0.13274440169334412
0.13259556889533997
0.13245272636413574
0.13260537385940552
0.13277798891067505
0.1326342523097992
0.13251984119415283
0.13277962803840637
0.1328006088733673
0.13260598480701447
0.13242392241954803
0.13248823583126068
0.13246196508407593
0.13220176100730896
0.1319897174835205
0.13204160332679749
0.13205751776695251
0.13197258114814758
0.13188587129116058
0.13188551366329193
0.13202574849128723
0.132198303937912
0.13259649276733398
0.13364996016025543
0.13644807040691376
0.14015890657901764
0.14603620767593384
0.1426921933889389
0.13676290214061737
0.1342521756887436
0.1383824646472931
0.13963431119918823
0.13515061140060425
0.1350003033876419
0.1370968371629715
0.13537059724330902
0.1340695321559906
0.1353367567062378
0.13499212265014648
0.13340125977993011
0.1343064308166504
0.13466906547546387
0.13312099874019623
0.13354706764221191
0.13397100567817688
0.13333866000175476
0.1333008110523224
0.1334877759218216
0.13338255882263184
0.1327979564666748
0.13283655047416687
0.13295254111289978
0.13237562775611877
0.13246199488639832
0.1326591819524765
0.13254471123218536
0.1329372227191925
0.1335291564464569
0.13511617481708527
0.13668465614318848
0.13884377479553223
0.13809135556221008
0.13653993606567383
0.13435225188732147
0.1360751986503601
0.13807402551174164
0.13506294786930084
0.13301660120487213
0.13416163623332977
0.1351393163204193
0.13360857963562012
0.13246868550777435
0.13398635387420654
0.13382935523986816
0.1325823962688446
0.13279148936271667
0.13319413363933563
0.1330261081457138
0.13219724595546722
0.13239070773124695
0.13282623887062073
0.13223224878311157
0.13213536143302917
0.13224796950817108
0.13233350217342377
0.13245484232902527
0.13227593898773193
0.132905513048172
0.13385631144046783
0.13528135418891907
0.1360318660736084
0.1361076533794403
0.13385841250419617
0.1327781230211258
0.1331591010093689
0.13399489223957062
0.133695587515831
0.13214311003684998
0.13240566849708557
0.1332484483718872
0.13298742473125458
0.13224779069423676
0.13173656165599823
0.1324295997619629
0.13262182474136353
0.13200785219669342
0.1317809820175171
0.131696879863739
0.13200819492340088
0.13210265338420868
0.1316538155078888
0.13156361877918243
0.1315346211194992
0.13163916766643524
0.1317879557609558
0.13160665333271027
0.13169944286346436
0.13199028372764587
0.13258996605873108
0.13354606926441193
0.1344071626663208
0.13393515348434448
0.13304764032363892
0.1324370801448822
0.13319805264472961
0.13334248960018158
0.13226212561130524
0.1322225034236908
0.13347138464450836
0.13383126258850098
0.1344803422689438
0.13601449131965637
0.13960133492946625
0.13873492181301117
0.13575173914432526
0.1326678842306137
0.13474340736865997
0.13534878194332123
0.13317826390266418
0.13401801884174347
0.1348520964384079
0.1334383189678192
0.13285894691944122
0.13441187143325806
0.13353705406188965
0.1327541470527649
0.13352927565574646
0.13289260864257812
0.13247254490852356
0.1330457329750061
0.13284331560134888
0.1335023194551468
0.13348692655563354
0.13344916701316833
0.13362368941307068
0.13322433829307556
0.13287878036499023
0.13345684111118317
0.1330622434616089
0.13242347538471222
0.1319839060306549
0.1319754719734192
0.13223260641098022
0.13226710259914398
0.1326291561126709
0.1324542611837387
0.13244229555130005
0.1326829344034195
0.1328703612089157
0.1329154372215271
0.13268786668777466
0.13160952925682068
0.13148464262485504
0.13164672255516052
0.13178090751171112
0.13173890113830566
0.13122372329235077
0.13128989934921265
0.13144776225090027
0.13149860501289368
0.13182619214057922
0.1323135942220688
0.133436918258667
0.1363103687763214
0.13888657093048096
0.1432177573442459
0.1407088339328766
0.135929673910141
0.13344734907150269
0.13765215873718262
0.14095854759216309
0.1357797533273697
0.1336061954498291
0.13640785217285156
0.13660866022109985
0.13465891778469086
0.1329948604106903
0.1341935098171234
0.13482029736042023
0.13319748640060425
0.1328074336051941
0.13348594307899475
0.13321691751480103
0.13233594596385956
0.13236451148986816
0.13268455862998962
0.1324288696050644
0.13234558701515198
0.13257631659507751
0.13378465175628662
0.1365530788898468
0.13872526586055756
0.1431606560945511
0.14080581068992615
0.1366226077079773
0.13510754704475403
0.13724365830421448
0.13720351457595825
0.13462971150875092
0.1343272179365158
0.1355980932712555
0.1346062570810318
0.13270598649978638
0.13399279117584229
0.13396410644054413
0.13227073848247528
0.13287347555160522
0.13285399973392487
0.13253352046012878
0.13236886262893677
0.13187050819396973
0.13248707354068756
0.13258962333202362
0.1327974796295166
0.13533563911914825
0.13974428176879883
0.1504649817943573
0.15187987685203552
0.1491255909204483
0.1355258673429489
0.1413518190383911
0.14883995056152344
0.13663212954998016
0.13782191276550293
0.1427348405122757
0.1365273892879486
0.13666793704032898
0.13831686973571777
0.13639917969703674
0.1349177360534668
0.1361696720123291
0.13556982576847076
0.13389845192432404
0.1353311836719513
0.13543127477169037
0.1369030624628067
0.14582066237926483
0.15995733439922333
0.1854938566684723
0.15669503808021545
0.14917102456092834
0.1610008180141449
0.1510685235261917
0.14057862758636475
0.14707288146018982
0.14685149490833282
0.13863804936408997
0.14411698281764984
0.1445920318365097
0.15312182903289795
0.17196866869926453
0.2297593653202057
0.17530035972595215
0.15039527416229248
0.16393166780471802
0.15349623560905457
0.15514852106571198
0.15884575247764587
0.15694615244865417
0.149028480052948
0.1587797850370407
0.15382203459739685
0.15488474071025848
0.16157232224941254
0.1654496192932129
0.153079092502594
0.1550459861755371
0.14626416563987732
0.14801335334777832
0.15163758397102356
0.1485336720943451
0.14532114565372467
0.14554601907730103
0.14168459177017212
0.14143849909305573
0.14205171167850494
0.14158180356025696
0.14223718643188477
0.14497260749340057
0.14483313262462616
0.14727485179901123
0.14570201933383942
0.14204567670822144
0.13773438334465027
0.13926200568675995
0.1419021189212799
0.13888272643089294
0.1386713981628418
0.1370348334312439
0.1374439299106598
0.1379091590642929
0.1373693197965622
0.13614040613174438
0.13609479367733002
0.13586477935314178
0.1350187361240387
0.13543497025966644
0.13569556176662445
0.13497859239578247
0.1348164826631546
0.13473652303218842
0.13439205288887024
0.13411031663417816
0.1338944286108017
0.1338353306055069
0.13336102664470673
0.13341033458709717
0.13339853286743164
0.13315916061401367
0.13314354419708252
0.1332738995552063
0.13383641839027405
0.13474518060684204
0.1370622217655182
0.13942569494247437
0.14219889044761658
0.13791301846504211
0.13357272744178772
0.13413521647453308
0.13640175759792328
0.1350298374891281
0.1330699622631073
0.1342962682247162
0.13457909226417542
0.1332363486289978
0.13324981927871704
0.1336582899093628
0.1330430507659912
0.1329246163368225
0.13289448618888855
0.132561594247818
0.13269945979118347
0.1325676441192627
0.13202327489852905
0.13221296668052673
0.13238486647605896
0.13188901543617249
0.13172444701194763
0.13189753890037537
0.1318798065185547
0.13159459829330444
0.1316385716199875
0.13166508078575134
0.13138830661773682
0.13131940364837646
0.13139134645462036
0.13132795691490173
0.13119514286518097
0.13119125366210938
0.13126768171787262
0.1312963217496872
0.13134950399398804
0.13168637454509735
0.13230670988559723
0.13329988718032837
0.1338978409767151
0.13427916169166565
0.13293606042861938
0.13155147433280945
0.13135799765586853
0.1323021501302719
0.13264937698841095
0.13150522112846375
0.13091237843036652
0.13156285881996155
0.1318497508764267
0.13130435347557068
0.13081587851047516
0.1310770958662033
0.13131362199783325
0.13105647265911102
0.13085785508155823
0.13087764382362366
0.13084277510643005
0.13076409697532654
0.130767822265625
0.13080574572086334
0.13072030246257782
0.13051952421665192
0.1304444670677185
0.13055342435836792
0.13059762120246887
0.13050305843353271
0.1304125040769577
0.13044270873069763
0.13055570423603058
0.13063426315784454
0.13080506026744843
0.13127131760120392
0.13249677419662476
0.13389542698860168
0.13569042086601257
0.13427838683128357
0.13200949132442474
0.1311710774898529
0.13253101706504822
0.1326938271522522
0.13113899528980255
0.13142803311347961
0.13209658861160278
0.13100692629814148
0.13081562519073486
0.13153940439224243
0.13107341527938843
0.13055966794490814
0.1309569776058197
0.13101822137832642
0.1307581067085266
0.13083209097385406
0.13113223016262054
0.13124682009220123
0.13145706057548523
0.1316542625427246
0.13200746476650238
0.1315496563911438
0.13073746860027313
0.13036325573921204
0.1305600255727768
0.13062846660614014
0.13064786791801453
0.13089391589164734
0.13067059218883514
0.13019974529743195
0.13009710609912872
0.1302219182252884
0.13019010424613953
0.1301950067281723
0.13024458289146423
0.13025927543640137
0.1304289847612381
0.13044920563697815
0.1303524523973465
0.13035067915916443
0.13046687841415405
0.13028521835803986
0.13001036643981934
0.12988340854644775
0.12984207272529602
0.1298498511314392
0.12991046905517578
0.1298762857913971
0.1298423409461975
0.13002602756023407
0.13028712570667267
0.13062340021133423
0.13116976618766785
0.13249807059764862
0.13396506011486053
0.13629372417926788
0.1349692940711975
0.13194097578525543
0.1302916556596756
0.13259026408195496
0.13389208912849426
0.1321951448917389
0.1328367441892624
0.13427823781967163
0.1323181390762329
0.1305617392063141
0.131949782371521
0.13182762265205383
0.13029545545578003
0.13115422427654266
0.1314796656370163
0.13043639063835144
0.13098527491092682
0.13145741820335388
0.13072679936885834
0.13120074570178986
0.1314951479434967
0.1311797946691513
0.1310080885887146
0.13087895512580872
0.13028886914253235
0.1300792098045349
0.1300840526819229
0.1301804482936859
0.13022440671920776
0.13016489148139954
0.1303199976682663
0.1302294135093689
0.13017700612545013
0.13023805618286133
0.1302507221698761
0.1302211731672287
0.13007652759552002
0.1297672837972641
0.1297280490398407
0.1296236515045166
0.12947210669517517
0.12963366508483887
0.1297123283147812
0.1296931505203247
0.12986226379871368
0.13026075065135956
0.13109277188777924
0.13324517011642456
0.13567981123924255
0.1394241452217102
0.13659459352493286
0.13234995305538177
0.13129447400569916
0.1339946687221527
0.1341446489095688
0.1311081051826477
0.13137537240982056
0.13289448618888855
0.13157710433006287
0.13067835569381714
0.13179774582386017
0.13186416029930115
0.13081586360931396
0.1319747269153595
0.1332547813653946
0.1337776929140091
0.13427403569221497
0.1350536197423935
0.13219057023525238
0.13042843341827393
0.13161605596542358
0.13222511112689972
0.1310599148273468
0.1306937038898468
0.13159045577049255
0.13042938709259033
0.13001851737499237
0.13084767758846283
0.1302213817834854
0.13005834817886353
0.13026241958141327
0.13023336231708527
0.13031600415706635
0.13021886348724365
0.13055160641670227
0.13113188743591309
0.13107658922672272
0.13152605295181274
0.13131514191627502
0.13080772757530212
0.12994925677776337
0.12949103116989136
0.13006804883480072
0.13033299148082733
0.13006992638111115
0.12998908758163452
0.12983635067939758
0.12951527535915375
0.1295061707496643
0.12946853041648865
0.12959279119968414
0.1297450065612793
0.1295337677001953
0.12945884466171265
0.1294669210910797
0.12949368357658386
0.1294826865196228
0.12929613888263702
0.12916406989097595
0.1292087882757187
0.1291772574186325
0.12919095158576965
0.12918439507484436
0.1291574239730835
0.12937329709529877
0.1299389749765396
0.1308225840330124
0.13253670930862427
0.13421282172203064
0.1366662234067917
0.1357741355895996
0.13441428542137146
0.1322566717863083
0.13373298943042755
0.13640514016151428
0.13401105999946594
0.13134585320949554
0.1310572624206543
0.1328718513250351
0.13295570015907288
0.13016580045223236
0.13082121312618256
0.13233798742294312
0.1307642161846161
0.13014934957027435
0.13050881028175354
0.13070005178451538
0.13054953515529633
0.12971650063991547
0.13003970682621002
0.13020920753479004
0.12984983623027802
0.12985779345035553
0.12946686148643494
0.12971878051757812
0.12988728284835815
0.12950865924358368
0.12980438768863678
0.130214124917984
0.1311074197292328
0.13336409628391266
0.1344684660434723
0.13522353768348694
0.13209934532642365
0.12956485152244568
0.13114291429519653
0.13229545950889587
0.1309904158115387
0.1297053098678589
0.13022901117801666
0.13100102543830872
0.1302889585494995
0.12943248450756073
0.12985852360725403
0.1301708221435547
0.12967230379581451
0.1292957365512848
0.12941260635852814
0.1296892911195755
0.1295442432165146
0.1290835738182068
0.12909182906150818
0.12926240265369415
0.1291939616203308
0.12914997339248657
0.1290023922920227
0.1289086639881134
0.12913846969604492
0.12927165627479553
0.12944956123828888
0.12990139424800873
0.13086479902267456
0.1322125494480133
0.13442020118236542
0.13401901721954346
0.13181233406066895
0.12953466176986694
0.13088051974773407
0.13272380828857422
0.13101784884929657
0.1291641891002655
0.1300644874572754
0.13092418015003204
0.13008053600788116
0.12922611832618713
0.12976470589637756
0.13031697273254395
0.1297849416732788
0.12911352515220642
0.12950249016284943
0.12995630502700806
0.12956035137176514
0.12918226420879364
0.12950997054576874
0.1297321319580078
0.12958300113677979
0.1291775107383728
0.12890097498893738
0.12920264899730682
0.12948410212993622
0.12923693656921387
0.12908394634723663
0.12915605306625366
0.12938928604125977
0.1295095831155777
0.1292058825492859
0.12879304587841034
0.1287127286195755
0.12884975969791412
0.1289745569229126
0.12887568771839142
0.12861090898513794
0.12860485911369324
0.12891225516796112
0.12941613793373108
0.13028135895729065
0.13242974877357483
0.13507024943828583
0.1397562026977539
0.13767898082733154
0.13282741606235504
0.13068929314613342
0.13571381568908691
0.13766136765480042
0.13243044912815094
0.13318440318107605
0.1348680853843689
0.13201572000980377
0.1315239518880844
0.13388733565807343
0.13514140248298645
0.13779284060001373
0.14032593369483948
0.14402048289775848
0.13881176710128784
0.1403036117553711
0.14091317355632782
0.13701172173023224
0.13422954082489014
0.1342926323413849
0.1347813457250595
0.13433228433132172
0.13311755657196045
0.13548170030117035
0.13815410435199738
0.14413008093833923
0.1632712483406067
0.15729182958602905
0.15165609121322632
0.13833944499492645
0.145274817943573
0.14836308360099792
0.14149433374404907
0.1453379988670349
0.1384827196598053
0.14116701483726501
0.13820603489875793
0.1403728425502777
0.14268940687179565
0.14235535264015198
0.15409302711486816
0.1536872237920761
0.15820813179016113
0.13855108618736267
0.14290307462215424
0.14530757069587708
0.14318495988845825
0.1379828155040741
0.14207668602466583
0.13826945424079895
0.13931632041931152
0.1414603292942047
0.1447264552116394
0.14830639958381653
0.15156665444374084
0.15507018566131592
0.14259034395217896
0.13920919597148895
0.14416757225990295
0.1411370486021042
0.13813351094722748
0.13999223709106445
0.1360546052455902
0.1358552724123001
0.13696931302547455
0.1364685595035553
0.13482043147087097
0.13643237948417664
0.1345236599445343
0.1347924768924713
0.13433843851089478
0.13445614278316498
0.13307805359363556
0.13374722003936768
0.13272474706172943
0.13290010392665863
0.13229283690452576
0.1327066719532013
0.13193939626216888
0.13209156692028046
0.1318957507610321
0.13236203789710999
0.13216327130794525
0.13272953033447266
0.1326179802417755
0.13230998814105988
0.13141149282455444
0.1310289204120636
0.1307767927646637
0.13061338663101196
0.13073307275772095
0.1306939423084259
0.13070082664489746
0.13054347038269043
0.1305844485759735
0.13038232922554016
0.13006775081157684
0.12967729568481445
0.1296660155057907
0.12983804941177368
0.1298353374004364
0.12984487414360046
0.12989363074302673
0.1301380693912506
0.1304638832807541
0.1312241554260254
0.13185518980026245
0.13239166140556335
0.13112376630306244
0.1296304166316986
0.1296219527721405
0.1304931491613388
0.1303282082080841
0.12937451899051666
0.12957406044006348
0.13012182712554932
0.12968075275421143
0.12927304208278656
0.12951341271400452
0.12954944372177124
0.12931400537490845
0.1293463259935379
0.12960529327392578
0.12953141331672668
0.1294545978307724
0.12968045473098755
0.13007044792175293
0.12979890406131744
0.12944293022155762
0.12936362624168396
0.12934210896492004
0.12896378338336945
0.12878848612308502
0.12901996076107025
0.12902282178401947
0.1288323700428009
0.12893766164779663
0.12925118207931519
0.12928694486618042
0.12925715744495392
0.12922483682632446
0.12925384938716888
0.12907175719738007
0.12885263562202454
0.12878790497779846
0.12887859344482422
0.12877628207206726
0.12850148975849152
0.12844190001487732
0.12862814962863922
0.12872499227523804
0.12874045968055725
0.12912742793560028
0.1297939419746399
0.13073621690273285
0.13150712847709656
0.13278436660766602
0.13236857950687408
0.1311631053686142
0.1293599009513855
0.13000933825969696
0.1318383365869522
0.13103345036506653
0.12940458953380585
0.1291363537311554
0.1298840492963791
0.12978607416152954
0.12918250262737274
0.12943966686725616
0.12935282289981842
0.1286553144454956
0.1289081871509552
0.1293422281742096
0.12877541780471802
0.12846577167510986
0.12885241210460663
0.1286637783050537
0.12832559645175934
0.12848275899887085
0.12853318452835083
0.12835337221622467
0.12835319340229034
0.12841446697711945
0.12839911878108978
0.1285046637058258
0.1286853551864624
0.1291249543428421
0.1300593465566635
0.13188934326171875
0.13302399218082428
0.13442979753017426
0.13266795873641968
0.13026155531406403
0.1305406093597412
0.13352853059768677
0.1344999521970749
0.1305174082517624
0.12945875525474548
0.1312141865491867
0.13086481392383575
0.1302589476108551
0.12962956726551056
0.12971971929073334
0.13016359508037567
0.12926729023456573
0.12914416193962097
0.12968729436397552
0.12892214953899384
0.12859360873699188
0.12911605834960938
0.1288856416940689
0.12858456373214722
0.12865519523620605
0.12848874926567078
0.12851981818675995
0.12850308418273926
0.12821748852729797
0.12827877700328827
0.12837617099285126
0.1281585693359375
0.1281476765871048
0.12819232046604156
0.12812970578670502
0.12829864025115967
0.12867040932178497
0.12928345799446106
0.1311054229736328
0.1333511769771576
0.1361253708600998
0.13371914625167847
0.13023997843265533
0.1292685568332672
0.13178099691867828
0.1325043886899948
0.12963815033435822
0.12986908853054047
0.13148602843284607
0.1296706646680832
0.1290660798549652
0.13023965060710907
0.12945814430713654
0.1287369579076767
0.1291184276342392
0.12897241115570068
0.12881365418434143
0.12867173552513123
0.1285242885351181
0.12874828279018402
0.1284729242324829
0.12821128964424133
0.12853321433067322
0.12841923534870148
0.12813955545425415
0.12845174968242645
0.12862809002399445
0.12881319224834442
0.12944269180297852
0.13042987883090973
0.13076256215572357
0.13076551258563995
0.12925179302692413
0.1281028389930725
0.12869112193584442
0.1292189359664917
0.12885700166225433
0.12853297591209412
0.1285785436630249
0.12839704751968384
0.1282142698764801
0.1282513439655304
0.12834638357162476
0.1283903419971466
0.12816789746284485
0.12798073887825012
0.12818627059459686
0.12850874662399292
0.12860369682312012
0.1289498209953308
0.1296362578868866
0.1297166496515274
0.1291455179452896
0.12835700809955597
0.12823903560638428
0.1289713829755783
0.13015949726104736
0.1304466873407364
0.13136625289916992
0.13257893919944763
0.13403227925300598
0.13253602385520935
0.13168595731258392
0.13118138909339905
0.13110770285129547
0.1315401792526245
0.13061730563640594
0.13072961568832397
0.13048143684864044
0.129259392619133
0.12953375279903412
0.13000819087028503
0.129014253616333
0.12851352989673615
0.12908533215522766
0.129145547747612
0.1285073608160019
0.12846893072128296
0.12864503264427185
0.12839260697364807
0.12847548723220825
0.12890669703483582
0.12971504032611847
0.13123714923858643
0.13453209400177002
0.136487677693367
0.13847117125988007
0.1322239488363266
0.12853588163852692
0.1320149302482605
0.1326427012681961
0.13059987127780914
0.1302594542503357
0.13100813329219818
0.13066032528877258
0.12984231114387512
0.12986159324645996
0.13011102378368378
0.12957999110221863
0.12910544872283936
0.1293158382177353
0.12989011406898499
0.12969429790973663
0.1301303654909134
0.13130313158035278
0.1327817142009735
0.1322687268257141
0.13133791089057922
0.1294674277305603
0.129110187292099
0.12948451936244965
0.12999899685382843
0.1299166977405548
0.1289215236902237
0.1288834661245346
0.12889479100704193
0.1292898952960968
0.12927378714084625
0.1282445192337036
0.12830626964569092
0.12840710580348969
0.12858116626739502
0.12881436944007874
0.1284674108028412
0.1286788135766983
0.128877192735672
0.12924914062023163
0.12925024330615997
0.12905240058898926
0.12866756319999695
0.12821169197559357
0.12803776562213898
0.1281760036945343
0.1283262073993683
0.12812553346157074
0.1279037892818451
0.12788301706314087
0.12800779938697815
0.12840865552425385
0.12886343896389008
0.12922225892543793
0.13085587322711945
0.1327398717403412
0.135375514626503
0.13339392840862274
0.12947940826416016
0.12838801741600037
0.1311521828174591
0.13173063099384308
0.12928606569766998
0.1291598230600357
0.1306159347295761
0.12977564334869385
0.12834013998508453
0.12901225686073303
0.12945212423801422
0.1284448504447937
0.12813319265842438
0.1287507861852646
0.12860915064811707
0.12797944247722626
0.1282007396221161
0.12850329279899597
0.12835747003555298
0.12859275937080383
0.12905853986740112
0.1301363706588745
0.13048553466796875
0.13065236806869507
0.1300140917301178
0.12921008467674255
0.12811243534088135
0.12827439606189728
0.12905296683311462
0.1289682388305664
0.1282067745923996
0.12775388360023499
0.12817545235157013
0.12847810983657837
0.1282610297203064
0.12792935967445374
0.1278167963027954
0.12800359725952148
0.12830804288387299
0.12857970595359802
0.12903088331222534
0.12954562902450562
0.1299039125442505
0.12876074016094208
0.1279524266719818
0.12805205583572388
0.12839452922344208
0.1285618245601654
0.1280672401189804
0.12807050347328186
0.12850584089756012
0.12834596633911133
0.1277504414319992
0.1275995671749115
0.1278182864189148
0.12779301404953003
0.12739035487174988
0.1273389607667923
0.12753784656524658
0.12746348977088928
0.12728086113929749
0.12726205587387085
0.1273549497127533
0.12735667824745178
0.12737245857715607
0.12750515341758728
0.12782958149909973
0.12853965163230896
0.13006627559661865
0.1321251094341278
0.1376042515039444
0.1448221653699875
0.16255098581314087
0.1550024300813675
0.14757752418518066
0.1574842780828476
0.18464253842830658
0.23406612873077393
0.1723472774028778
0.17860963940620422
0.19676613807678223
0.18677151203155518
0.2516384720802307
0.1966605931520462
0.17060960829257965
0.1646655797958374
0.17579570412635803
0.18539580702781677
0.22983382642269135
0.36041688919067383
0.21641595661640167
0.24207311868667603
0.21123917400836945
0.21686729788780212
0.23239031434059143
0.22715839743614197
0.25728875398635864
0.24832502007484436
0.23431608080863953
0.1983201801776886
0.19621749222278595
0.19960567355155945
0.18216367065906525
0.19100899994373322
0.1924436092376709
0.23613311350345612
0.2534117102622986
0.3325221538543701
0.1963164359331131
0.2218954861164093
0.26978176832199097
0.18200546503067017
0.24417777359485626
0.23758552968502045
0.19169136881828308
0.2234513908624649
0.20744560658931732
0.18880358338356018
0.204514741897583
0.1886364370584488
0.17868822813034058
0.18919378519058228
0.17598788440227509
0.17030733823776245
0.17452313005924225
0.17167514562606812
0.16121697425842285
0.16625484824180603
0.16497714817523956
0.16140705347061157
0.15799227356910706
0.15572717785835266
0.15619397163391113
0.1558324694633484
0.1524624228477478
0.15283598005771637
0.14913609623908997
0.1490268111228943
0.1493554264307022
0.14847582578659058
0.14904700219631195
0.14803546667099
0.14827239513397217
0.14662984013557434
0.14583617448806763
0.14321614801883698
0.1430751532316208
0.1426757574081421
0.14245498180389404
0.1427793949842453
0.14244341850280762
0.14283384382724762
0.1424485296010971
0.14174506068229675
0.14036743342876434
0.13960757851600647
0.13941287994384766
0.13894836604595184
0.13887010514736176
0.1387948840856552
0.13898691534996033
0.13907548785209656
0.13901850581169128
0.13842037320137024
0.13819068670272827
0.1378335803747177
0.13741934299468994
0.1367015242576599
0.13636431097984314
0.13636505603790283
0.1364901065826416
0.1365831047296524
0.1364920437335968
0.13669344782829285
0.13709837198257446
0.13762179017066956
0.13717445731163025
0.13642555475234985
0.1356404423713684
0.13544060289859772
0.13529813289642334
0.13507050275802612
0.13508833944797516
0.13523489236831665
0.13529914617538452
0.13480979204177856
0.13428272306919098
0.1341574788093567
0.13427262008190155
0.1341663897037506
0.13388127088546753
0.1338716745376587
0.13413289189338684
0.1344001442193985
0.13456223905086517
0.1352912038564682
0.13632459938526154
0.13787490129470825
0.13705511391162872
0.1351114958524704
0.13348884880542755
0.13426542282104492
0.13504217565059662
0.13420070707798004
0.13385257124900818
0.13397639989852905
0.13351818919181824
0.13317708671092987
0.1334955096244812
0.1335110068321228
0.1329031139612198
0.1327248215675354
0.13296286761760712
0.1328360140323639
0.13254570960998535
0.132592111825943
0.13272492587566376
0.13256479799747467
0.13245996832847595
0.13259240984916687
0.13281036913394928
0.13283038139343262
0.1329948902130127
0.13325226306915283
0.13364899158477783
0.13330653309822083
0.1326734721660614
0.13206030428409576
0.13202828168869019
0.1321609616279602
0.13212049007415771
0.1321987509727478
0.13227953016757965
0.13211028277873993
0.13164030015468597
0.13147830963134766
0.1316462755203247
0.131635382771492
0.13143441081047058
0.131424218416214
0.13167601823806763
0.13182754814624786
0.13192853331565857
0.13216081261634827
0.13292893767356873
0.13342256844043732
0.13356457650661469
0.13242769241333008
0.13157883286476135
0.13154950737953186
0.1317165642976761
0.13163122534751892
0.13159647583961487
0.1317930817604065
0.13149817287921906
0.1309802532196045
0.1309659481048584
0.1312539279460907
0.1312171220779419
0.13097715377807617
0.13102571666240692
0.13110482692718506
0.13095161318778992
0.13077527284622192
0.13083972036838531
0.13085025548934937
0.13076061010360718
0.1307440847158432
0.1309000551700592
0.13104289770126343
0.13128608465194702
0.1316825896501541
0.13250724971294403
0.13278953731060028
0.1328236162662506
0.13191135227680206
0.1312527358531952
0.13083818554878235
0.1308889538049698
0.13143262267112732
0.1314660608768463
0.13077318668365479
0.13025060296058655
0.13063853979110718
0.1308882236480713
0.13052213191986084
0.13046373426914215
0.1306288242340088
0.13039252161979675
0.13005979359149933
0.13014483451843262
0.13021300733089447
0.13004495203495026
0.13008162379264832
0.13028274476528168
0.13034296035766602
0.1304381936788559
0.1310787945985794
0.13188254833221436
0.13290508091449738
0.13286690413951874
0.13258641958236694
0.13115018606185913
0.13020840287208557
0.13072878122329712
0.13142259418964386
0.13101401925086975
0.13004791736602783
0.13027767837047577
0.13077610731124878
0.1302758753299713
0.12993021309375763
0.13020223379135132
0.1301737129688263
0.12984788417816162
0.12984183430671692
0.1298692375421524
0.1296720802783966
0.1296883523464203
0.12983454763889313
0.12968631088733673
0.1295156329870224
0.12973785400390625
0.13000468909740448
0.1302613466978073
0.13082104921340942
0.13219887018203735
0.13315635919570923
0.13382580876350403
0.13210004568099976
0.13044965267181396
0.13007976114749908
0.13099858164787292
0.131638765335083
0.130594402551651
0.1297196000814438
0.13017039000988007
0.13060052692890167
0.13000836968421936
0.12940961122512817
0.12994346022605896
0.13022229075431824
0.1295289397239685
0.12930327653884888
0.12965184450149536
0.1295660138130188
0.12931959331035614
0.1293354481458664
0.12932440638542175
0.12918385863304138
0.12918953597545624
0.12925928831100464
0.12911999225616455
0.12895753979682922
0.12903748452663422
0.1291528344154358
0.1291605532169342
0.12938383221626282
0.13041453063488007
0.1325535625219345
0.1375550478696823
0.1409301459789276
0.14347565174102783
0.1342296153306961
0.13294517993927002
0.13810721039772034
0.13284239172935486
0.1310376524925232
0.13476742804050446
0.13153588771820068
0.13084366917610168
0.133042573928833
0.13047291338443756
0.13095597922801971
0.1318472921848297
0.1299683302640915
0.1309676170349121
0.13098323345184326
0.1297324001789093
0.13072526454925537
0.13040980696678162
0.12970979511737823
0.13068823516368866
0.1302632838487625
0.1303127259016037
0.13148775696754456
0.13202537596225739
0.13231432437896729
0.1330503672361374
0.13092537224292755
0.12949414551258087
0.12992873787879944
0.13032400608062744
0.13029412925243378
0.13003015518188477
0.12949857115745544
0.1290912926197052
0.129751518368721
0.12979993224143982
0.1291014701128006
0.12916722893714905
0.12910519540309906
0.12892165780067444
0.12917448580265045
0.1291552186012268
0.1288371980190277
0.12872210144996643
0.12876471877098083
0.1286449432373047
0.12858349084854126
0.1286664754152298
0.12872914969921112
0.12870609760284424
0.12869112193584442
0.12886039912700653
0.12886762619018555
0.1287919133901596
0.12873512506484985
0.12868894636631012
0.12852853536605835
0.12834739685058594
0.1282256692647934
0.12825581431388855
0.12831661105155945
0.12833738327026367
0.12840230762958527
0.12856334447860718
0.1288960874080658
0.12912911176681519
0.129414364695549
0.1293749064207077
0.12918996810913086
0.12868206202983856
0.1283053308725357
0.1282595545053482
0.12856529653072357
0.1288825422525406
0.12869131565093994
0.1282641440629959
0.12800437211990356
0.12814342975616455
0.12838062644004822
0.12839901447296143
0.1282884180545807
0.12815922498703003
0.12813343107700348
0.12808758020401
0.1279718279838562
0.12793318927288055
0.12804515659809113
0.12819255888462067
0.1282399743795395
0.1282712072134018
0.1282769739627838
0.12843334674835205
0.12858173251152039
0.12861710786819458
0.12826086580753326
0.12790536880493164
0.12786726653575897
0.12802164256572723
0.12803730368614197
0.12791001796722412
0.12790316343307495
0.1281108260154724
0.12841875851154327
0.12852831184864044
0.12871511280536652
0.12899565696716309
0.12962979078292847
0.12970857322216034
0.1292031854391098
0.12813258171081543
0.1280466467142105
0.1286592185497284
0.12869741022586823
0.12837742269039154
0.12838171422481537
0.12872594594955444
0.12842957675457
0.12779641151428223
0.1278289556503296
0.12822289764881134
0.12804484367370605
0.1277116984128952
0.12785354256629944
0.12803998589515686
0.1279267966747284
0.12788639962673187
0.1283639371395111
0.12902402877807617
0.1300276815891266
0.13092629611492157
0.13287633657455444
0.1328805685043335
0.13147376477718353
0.1287120133638382
0.12947025895118713
0.13179472088813782
0.13036838173866272
0.12865737080574036
0.12920410931110382
0.1295238733291626
0.12869474291801453
0.1285257190465927
0.12904033064842224
0.12860946357250214
0.12807513773441315
0.1285189390182495
0.12858553230762482
0.12792937457561493
0.1280028373003006
0.12837375700473785
0.12806496024131775
0.12790337204933167
0.12841688096523285
0.12865108251571655
0.1289455145597458
0.12972842156887054
0.13094691932201385
0.13037922978401184
0.1293076127767563
0.12826839089393616
0.12829595804214478
0.12858837842941284
0.12859413027763367
0.12865236401557922
0.12828201055526733
0.12783348560333252
0.12796983122825623
0.1282982975244522
0.12801048159599304
0.1275484561920166
0.12766429781913757
0.1278308629989624
0.1276172399520874
0.12755009531974792
0.12765291333198547
0.12753793597221375
0.127425879240036
0.12749779224395752
0.12772278487682343
0.12810808420181274
0.1290118545293808
0.13063926994800568
0.134365975856781
0.13612008094787598
0.1363997906446457
0.13003413379192352
0.12888143956661224
0.13219977915287018
0.13125765323638916
0.12960177659988403
0.1296219676733017
0.1301722675561905
0.12959295511245728
0.1284807324409485
0.12921753525733948
0.12935484945774078
0.12808334827423096
0.12858757376670837
0.12889324128627777
0.12793591618537903
0.12817594408988953
0.12829804420471191
0.1279396414756775
0.12797439098358154
0.12772206962108612
0.1278538852930069
0.12787747383117676
0.12748640775680542
0.12774164974689484
0.12784437835216522
0.1278495490550995
0.12850426137447357
0.1298242211341858
0.13168193399906158
0.13513469696044922
0.13453030586242676
0.13186131417751312
0.1283579170703888
0.12994042038917542
0.1320924162864685
0.12955079972743988
0.12801489233970642
0.12970077991485596
0.12953732907772064
0.12803414463996887
0.12827260792255402
0.12895694375038147
0.1283874809741974
0.12771019339561462
0.12813827395439148
0.12838390469551086
0.12773571908473969
0.12763378024101257
0.12802253663539886
0.1278543919324875
0.12756291031837463
0.12770414352416992
0.12794771790504456
0.12812960147857666
0.128187358379364
0.12851954996585846
0.12874671816825867
0.12848439812660217
0.1275596022605896
0.12738633155822754
0.12760266661643982
0.12756332755088806
0.1274832785129547
0.12743982672691345
0.12756547331809998
0.12754882872104645
0.12730082869529724
0.12720029056072235
0.12740099430084229
0.12732887268066406
0.12707149982452393
0.12701377272605896
0.127033993601799
0.12703055143356323
0.12700949609279633
0.12691757082939148
0.12695243954658508
0.1271444857120514
0.12736141681671143
0.12773767113685608
0.12893536686897278
0.13082128763198853
0.13441994786262512
0.1352592259645462
0.13446207344532013
0.129452183842659
0.13039810955524445
0.134408101439476
0.1319216638803482
0.12977485358715057
0.13086482882499695
0.13073790073394775
0.12913668155670166
0.12893544137477875
0.12981155514717102
0.12885276973247528
0.1281307339668274
0.12918856739997864
0.12859399616718292
0.12755219638347626
0.12834839522838593
0.1282305270433426
0.12745824456214905
0.1279490888118744
0.12791375815868378
0.12744395434856415
0.12763169407844543
0.12758731842041016
0.12744523584842682
0.12737789750099182
0.1274387240409851
0.12754447758197784
0.12747569382190704
0.1275697499513626
0.1279352605342865
0.12788169085979462
0.12788009643554688
0.12795844674110413
0.1278267800807953
0.12739671766757965
0.12743954360485077
0.1275641769170761
0.12761524319648743
0.12763932347297668
0.12735269963741302
0.12728489935398102
0.12724661827087402
0.12714692950248718
0.12724453210830688
0.12728531658649445
0.12699176371097565
0.12674659490585327
0.12672799825668335
0.12684254348278046
0.1269611120223999
0.12689250707626343
0.12679153680801392
0.12690073251724243
0.1271827667951584
0.12757152318954468
0.12867309153079987
0.1301528364419937
0.13235554099082947
0.13166089355945587
0.12939000129699707
0.12762737274169922
0.1293349266052246
0.13034547865390778
0.12822309136390686
0.12786640226840973
0.12882335484027863
0.12789584696292877
0.12734384834766388
0.12801602482795715
0.12780340015888214
0.1271163374185562
0.12727144360542297
0.12755532562732697
0.12714883685112
0.12698017060756683
0.12737606465816498
0.12736839056015015
0.12723471224308014
0.12803858518600464
0.12871992588043213
0.1294405162334442
0.1298610270023346
0.1301732212305069
0.12820418179035187
0.12694892287254333
0.12764577567577362
0.12835118174552917
0.12805896997451782
0.12709090113639832
0.12706387042999268
0.1274840086698532
0.12720802426338196
0.12707197666168213
0.12717914581298828
0.1268935352563858
0.12673918902873993
0.12689092755317688
0.12696337699890137
0.1269436478614807
0.12693265080451965
0.12721294164657593
0.12823261320590973
0.1292363852262497
0.1305343210697174
0.13054601848125458
0.13010390102863312
0.12838998436927795
0.12887442111968994
0.1298496574163437
0.12865649163722992
0.12715235352516174
0.12758950889110565
0.1282484233379364
0.12768030166625977
0.12685590982437134
0.12731494009494781
0.12771306931972504
0.12693804502487183
0.12681853771209717
0.1273389607667923
0.12726762890815735
0.1273345649242401
0.12849390506744385
0.13034766912460327
0.134417325258255
0.13686373829841614
0.13942591845989227
0.1329386830329895
0.12885597348213196
0.131408229470253
0.13357333838939667
0.13147878646850586
0.12784183025360107
0.1305045783519745
0.13139910995960236
0.12842443585395813
0.12955494225025177
0.13001848757266998
0.12857498228549957
0.1284634917974472
0.1282830834388733
0.128652885556221
0.1280430257320404
0.1274949014186859
0.12828007340431213
0.1276228427886963
0.1274338662624359
