# adam, lr=0.01, alpha = 1000000, beta = 0.1
# best_iter: 2990, best_loss = 0.9562423229217529, imsave period = 300
295.2833557128906
276.5880126953125
249.94073486328125
217.22531127929688
184.04981994628906
157.21749877929688
138.11219787597656
121.47888946533203
106.67861938476562
95.08123016357422
85.75923156738281
77.9930648803711
71.69158172607422
66.5324935913086
62.004093170166016
57.85240173339844
54.02556228637695
50.46975326538086
47.147239685058594
44.072044372558594
41.292022705078125
38.81130599975586
36.60188293457031
34.63514709472656
32.886478424072266
31.329830169677734
29.927915573120117
28.655319213867188
27.494962692260742
26.433643341064453
25.453718185424805
24.54099464416504
23.686996459960938
22.88640594482422
22.13327407836914
21.421598434448242
20.748014450073242
20.11081886291504
19.507831573486328
18.937143325805664
18.394563674926758
17.87809181213379
17.387012481689453
16.91887664794922
16.472396850585938
16.04587173461914
15.638420104980469
15.248723983764648
14.875961303710938
14.519082069396973
14.176664352416992
13.84886360168457
13.534619331359863
13.232719421386719
12.942569732666016
12.663992881774902
12.396657943725586
12.139429092407227
11.892163276672363
11.654562950134277
11.425958633422852
11.205621719360352
10.992833137512207
10.787697792053223
10.589493751525879
10.398069381713867
10.213376998901367
10.034893035888672
9.862210273742676
9.695274353027344
9.533714294433594
9.3772611618042
9.225992202758789
9.079519271850586
8.93721866607666
8.799001693725586
8.665044784545898
8.535067558288574
8.408719062805176
8.286077499389648
8.166963577270508
8.051308631896973
7.938986778259277
7.829771041870117
7.723424911499023
7.619810581207275
7.518944263458252
7.420623779296875
7.324870586395264
7.231532573699951
7.140513896942139
7.051876068115234
6.965313911437988
6.880890369415283
6.798501968383789
6.718079090118408
6.639625549316406
6.563018798828125
6.488201141357422
6.415121078491211
6.3437066078186035
6.273799896240234
6.205593109130859
6.138885974884033
6.073552131652832
6.009669780731201
5.947134017944336
5.886009693145752
5.826259136199951
5.767815589904785
5.710560321807861
5.654458522796631
5.599514961242676
5.545774936676025
5.493072032928467
5.441537380218506
5.390967845916748
5.341368198394775
5.292758464813232
5.245095729827881
5.198365688323975
5.15255880355835
5.1076741218566895
5.06362247467041
5.020378589630127
4.977910041809082
4.936273574829102
4.895391464233398
4.855244159698486
4.815796375274658
4.777027130126953
4.738935470581055
4.701509475708008
4.6647047996521
4.628529071807861
4.59303092956543
4.558156967163086
4.523839950561523
4.490070819854736
4.456845760345459
4.424178600311279
4.3919901847839355
4.360299587249756
4.329145908355713
4.298458576202393
4.268216133117676
4.23845100402832
4.209195137023926
4.180340766906738
4.151949405670166
4.123991012573242
4.096454620361328
4.069359302520752
4.042662620544434
4.0163726806640625
3.9905011653900146
3.9649648666381836
3.939732313156128
3.91487193107605
3.8904051780700684
3.866240978240967
3.8424222469329834
3.8190040588378906
3.7958638668060303
3.773097038269043
3.750601291656494
3.7283782958984375
3.706503391265869
3.6849160194396973
3.6636064052581787
3.642608404159546
3.621853828430176
3.601360559463501
3.5811727046966553
3.5612902641296387
3.5416555404663086
3.5222320556640625
3.503067970275879
3.4841463565826416
3.46549654006958
3.4470925331115723
3.428946018218994
3.4110095500946045
3.3932950496673584
3.3758463859558105
3.358592987060547
3.3415579795837402
3.3247363567352295
3.308145523071289
3.291747808456421
3.2755515575408936
3.2595484256744385
3.2437376976013184
3.2280941009521484
3.212667465209961
3.1974382400512695
3.1823720932006836
3.167484760284424
3.152790069580078
3.1382639408111572
3.123915433883667
3.1097445487976074
3.0957252979278564
3.0818734169006348
3.068176746368408
3.054652690887451
3.04124116897583
3.027989625930786
3.0149006843566895
3.001948356628418
2.9891364574432373
2.976485252380371
2.963974714279175
2.9515814781188965
2.9393205642700195
2.927183151245117
2.9151628017425537
2.903299570083618
2.89155912399292
2.8799357414245605
2.868436574935913
2.8570399284362793
2.84576678276062
2.8346095085144043
2.8235743045806885
2.812652587890625
2.801835060119629
2.7911458015441895
2.7805700302124023
2.77009654045105
2.759722948074341
2.749436855316162
2.7392659187316895
2.7291955947875977
2.719240188598633
2.7093846797943115
2.6996102333068848
2.6899118423461914
2.6803128719329834
2.670799732208252
2.661391258239746
2.6520605087280273
2.6428232192993164
2.6336565017700195
2.624584197998047
2.6156015396118164
2.606705665588379
2.5978660583496094
2.58910870552063
2.580451488494873
2.5718564987182617
2.563338279724121
2.5549118518829346
2.54656982421875
2.5382919311523438
2.5300710201263428
2.5219316482543945
2.5138659477233887
2.5058655738830566
2.497943162918091
2.4900741577148438
2.482272148132324
2.474555492401123
2.466888427734375
2.4592881202697754
2.4517605304718018
2.4443089962005615
2.436908006668091
2.4295833110809326
2.4223241806030273
2.415118455886841
2.4079716205596924
2.400890827178955
2.3938534259796143
2.386890411376953
2.3799924850463867
2.3731446266174316
2.3663604259490967
2.3596255779266357
2.3529508113861084
2.3463244438171387
2.3397700786590576
2.333259344100952
2.3268065452575684
2.3204100131988525
2.31406831741333
2.3077712059020996
2.301523447036743
2.2953317165374756
2.289184808731079
2.283083200454712
2.2770395278930664
2.2710459232330322
2.2650973796844482
2.2592110633850098
2.2533535957336426
2.247544050216675
2.241785764694214
2.2360684871673584
2.2304043769836426
2.224776268005371
2.219188928604126
2.21364164352417
2.208144187927246
2.202678680419922
2.197262763977051
2.191882371902466
2.1865365505218506
2.181241512298584
2.175977945327759
2.170755624771118
2.1655824184417725
2.160440683364868
2.1553356647491455
2.1502811908721924
2.145265817642212
2.1402721405029297
2.1353201866149902
2.1304101943969727
2.1255409717559814
2.120696544647217
2.115891218185425
2.11112117767334
2.106383800506592
2.101682186126709
2.0970096588134766
2.0923731327056885
2.087759017944336
2.083193778991699
2.0786516666412354
2.0741424560546875
2.0696635246276855
2.065215587615967
2.0608057975769043
2.0564115047454834
2.052063465118408
2.0477311611175537
2.043431520462036
2.039163112640381
2.0349280834198
2.03072190284729
2.0265398025512695
2.022395133972168
2.0182723999023438
2.0141794681549072
2.010122060775757
2.006092071533203
2.0020878314971924
1.9981197118759155
1.9941632747650146
1.9902334213256836
1.9863358736038208
1.9824633598327637
1.9786138534545898
1.9747893810272217
1.9709954261779785
1.9672220945358276
1.9634778499603271
1.9597580432891846
1.9560661315917969
1.9523897171020508
1.9487462043762207
1.9451192617416382
1.9415203332901
1.937941551208496
1.9343783855438232
1.9308475255966187
1.9273279905319214
1.9238343238830566
1.9203598499298096
1.9169056415557861
1.9134702682495117
1.9100561141967773
1.9066698551177979
1.903301477432251
1.8999533653259277
1.89662504196167
1.8933181762695312
1.8900338411331177
1.886769413948059
1.88352370262146
1.8802988529205322
1.8770935535430908
1.8739091157913208
1.8707339763641357
1.867580533027649
1.8644535541534424
1.8613336086273193
1.858229637145996
1.855153203010559
1.8520878553390503
1.849047303199768
1.846022367477417
1.8430190086364746
1.840031385421753
1.8370609283447266
1.8341107368469238
1.8311773538589478
1.828265905380249
1.8253600597381592
1.8224717378616333
1.8195984363555908
1.8167455196380615
1.8139147758483887
1.8110957145690918
1.8082945346832275
1.8055062294006348
1.8027344942092896
1.799979567527771
1.7972419261932373
1.7945204973220825
1.7918128967285156
1.78912353515625
1.7864502668380737
1.7837893962860107
1.7811428308486938
1.7785139083862305
1.7759006023406982
1.7733023166656494
1.7707176208496094
1.7681496143341064
1.765595555305481
1.7630534172058105
1.7605279684066772
1.7580140829086304
1.755510926246643
1.7530183792114258
1.7505426406860352
1.7480788230895996
1.7456278800964355
1.7431871891021729
1.7407629489898682
1.7383463382720947
1.735945463180542
1.7335559129714966
1.7311735153198242
1.7288057804107666
1.7264553308486938
1.7241132259368896
1.721785306930542
1.7194702625274658
1.7171635627746582
1.7148749828338623
1.7125945091247559
1.7103264331817627
1.7080715894699097
1.7058302164077759
1.703595757484436
1.70137619972229
1.699163794517517
1.696962833404541
1.6947743892669678
1.6925933361053467
1.6904257535934448
1.6882659196853638
1.6861188411712646
1.6839847564697266
1.681852102279663
1.6797314882278442
1.6776260137557983
1.6755313873291016
1.6734402179718018
1.6713666915893555
1.6693058013916016
1.6672513484954834
1.6652050018310547
1.6631765365600586
1.6611526012420654
1.6591393947601318
1.6571385860443115
1.6551464796066284
1.6531603336334229
1.6511880159378052
1.6492211818695068
1.6472620964050293
1.645317792892456
1.643378734588623
1.6414499282836914
1.639533281326294
1.6376259326934814
1.6357228755950928
1.6338294744491577
1.6319465637207031
1.6300697326660156
1.628200888633728
1.6263409852981567
1.6244897842407227
1.6226489543914795
1.620816946029663
1.618992567062378
1.6171741485595703
1.6153656244277954
1.6135655641555786
1.6117717027664185
1.6099827289581299
1.6082035303115845
1.6064307689666748
1.60466468334198
1.6029095649719238
1.6011570692062378
1.5994142293930054
1.5976817607879639
1.595954418182373
1.5942366123199463
1.5925267934799194
1.5908229351043701
1.5891292095184326
1.5874398946762085
1.585754632949829
1.584080457687378
1.5824127197265625
1.5807547569274902
1.5790996551513672
1.5774526596069336
1.5758161544799805
1.5741840600967407
1.5725619792938232
1.570943832397461
1.5693318843841553
1.5677275657653809
1.566131353378296
1.5645414590835571
1.5629585981369019
1.561385154724121
1.5598164796829224
1.5582540035247803
1.5566983222961426
1.555152177810669
1.553609013557434
1.5520763397216797
1.5505529642105103
1.549032211303711
1.5475168228149414
1.5460113286972046
1.5445120334625244
1.5430221557617188
1.5415388345718384
1.5400567054748535
1.5385818481445312
1.5371153354644775
1.535653829574585
1.5341973304748535
1.5327491760253906
1.5313076972961426
1.5298696756362915
1.5284373760223389
1.527016043663025
1.5255969762802124
1.524182915687561
1.522778034210205
1.5213778018951416
1.5199813842773438
1.5185940265655518
1.517211675643921
1.515834093093872
1.5144658088684082
1.5131036043167114
1.5117459297180176
1.5103923082351685
1.5090457201004028
1.507703185081482
1.506366491317749
1.5050337314605713
1.5037062168121338
1.5023860931396484
1.5010699033737183
1.4997607469558716
1.49845552444458
1.4971548318862915
1.4958610534667969
1.4945725202560425
1.4932852983474731
1.4920039176940918
1.4907310009002686
1.4894587993621826
1.4881961345672607
1.4869379997253418
1.4856797456741333
1.4844279289245605
1.4831829071044922
1.481942892074585
1.4807076454162598
1.479478120803833
1.4782516956329346
1.47703218460083
1.4758161306381226
1.4746041297912598
1.4733953475952148
1.472192406654358
1.470994472503662
1.4697986841201782
1.4686095714569092
1.4674255847930908
1.4662433862686157
1.465065836906433
1.4638935327529907
1.4627249240875244
1.4615620374679565
1.460402011871338
1.4592459201812744
1.4580934047698975
1.4569458961486816
1.4558007717132568
1.454660415649414
1.453521966934204
1.4523873329162598
1.4512598514556885
1.4501357078552246
1.4490153789520264
1.4478977918624878
1.446785569190979
1.445677399635315
1.4445734024047852
1.4434744119644165
1.4423768520355225
1.4412838220596313
1.440195083618164
1.4391106367111206
1.4380288124084473
1.436952829360962
1.4358811378479004
1.4348117113113403
1.4337471723556519
1.43268620967865
1.431628704071045
1.4305760860443115
1.4295296669006348
1.4284849166870117
1.4274423122406006
1.4264042377471924
1.4253711700439453
1.424340009689331
1.4233145713806152
1.4222908020019531
1.4212706089019775
1.4202592372894287
1.4192500114440918
1.4182419776916504
1.4172394275665283
1.4162427186965942
1.4152461290359497
1.414255142211914
1.413267731666565
1.412280797958374
1.4113006591796875
1.4103212356567383
1.409346103668213
1.4083750247955322
1.4074056148529053
1.4064401388168335
1.4054794311523438
1.4045214653015137
1.403566837310791
1.4026148319244385
1.401667594909668
1.400724172592163
1.3997833728790283
1.3988456726074219
1.3979127407073975
1.3969824314117432
1.396054744720459
1.395129680633545
1.3942079544067383
1.3932886123657227
1.3923726081848145
1.3914594650268555
1.3905508518218994
1.389643907546997
1.3887403011322021
1.3878393173217773
1.3869420289993286
1.3860466480255127
1.3851563930511475
1.3842666149139404
1.3833805322647095
1.3824994564056396
1.38162100315094
1.3807435035705566
1.379871129989624
1.3790000677108765
1.3781328201293945
1.3772692680358887
1.3764094114303589
1.3755518198013306
1.374696969985962
1.3738441467285156
1.3729937076568604
1.372145175933838
1.3713014125823975
1.3704591989517212
1.369619369506836
1.3687832355499268
1.3679505586624146
1.3671187162399292
1.3662893772125244
1.3654636144638062
1.3646397590637207
1.3638185262680054
1.362999439239502
1.3621821403503418
1.36136794090271
1.3605577945709229
1.3597490787506104
1.3589423894882202
1.3581373691558838
1.3573369979858398
1.3565373420715332
1.3557381629943848
1.3549420833587646
1.3541516065597534
1.353362798690796
1.3525747060775757
1.3517909049987793
1.351008653640747
1.3502296209335327
1.3494549989700317
1.3486793041229248
1.3479082584381104
1.3471406698226929
1.3463741540908813
1.345609188079834
1.3448468446731567
1.3440876007080078
1.3433289527893066
1.342573642730713
1.3418197631835938
1.341068983078003
1.3403204679489136
1.3395724296569824
1.338828682899475
1.3380866050720215
1.337347388267517
1.3366093635559082
1.3358749151229858
1.3351411819458008
1.3344101905822754
1.3336818218231201
1.3329558372497559
1.3322303295135498
1.331507921218872
1.3307883739471436
1.3300714492797852
1.329355001449585
1.3286393880844116
1.3279259204864502
1.3272154331207275
1.3265067338943481
1.3258002996444702
1.3250964879989624
1.324393391609192
1.323695421218872
1.323000192642212
1.3223050832748413
1.3216135501861572
1.3209224939346313
1.3202354907989502
1.3195490837097168
1.3188667297363281
1.3181853294372559
1.3175065517425537
1.3168317079544067
1.3161578178405762
1.3154850006103516
1.314814805984497
1.3141467571258545
1.3134796619415283
1.3128141164779663
1.3121521472930908
1.311490774154663
1.31083083152771
1.3101727962493896
1.3095180988311768
1.3088634014129639
1.3082109689712524
1.3075621128082275
1.3069143295288086
1.3062664270401
1.3056224584579468
1.3049798011779785
1.3043382167816162
1.30370032787323
1.3030641078948975
1.30242919921875
1.3017957210540771
1.3011629581451416
1.3005338907241821
1.2999062538146973
1.2992786169052124
1.2986533641815186
1.2980302572250366
1.2974083423614502
1.2967889308929443
1.2961705923080444
1.2955540418624878
1.2949397563934326
1.2943285703659058
1.2937177419662476
1.2931091785430908
1.292503833770752
1.2918998003005981
1.2912968397140503
1.290696382522583
1.2900972366333008
1.2894991636276245
1.2889032363891602
1.2883105278015137
1.2877180576324463
1.2871267795562744
1.2865381240844727
1.2859504222869873
1.2853643894195557
1.2847802639007568
1.2841969728469849
1.2836148738861084
1.2830359935760498
1.2824574708938599
1.2818801403045654
1.2813048362731934
1.280731439590454
1.2801597118377686
1.2795896530151367
1.2790203094482422
1.2784526348114014
1.277887225151062
1.2773208618164062
1.2767586708068848
1.2761976718902588
1.2756365537643433
1.2750771045684814
1.2745206356048584
1.2739653587341309
1.2734105587005615
1.2728558778762817
1.2723051309585571
1.2717547416687012
1.2712053060531616
1.2706573009490967
1.2701112031936646
1.2695658206939697
1.2690227031707764
1.2684807777404785
1.2679405212402344
1.2674016952514648
1.2668640613555908
1.2663285732269287
1.2657941579818726
1.2652604579925537
1.2647287845611572
1.264197587966919
1.263668417930603
1.2631402015686035
1.2626142501831055
1.2620893716812134
1.2615655660629272
1.2610427141189575
1.260521411895752
1.2600017786026
1.2594819068908691
1.2589631080627441
1.2584459781646729
1.2579302787780762
1.2574158906936646
1.256901741027832
1.2563893795013428
1.25587797164917
1.2553685903549194
1.2548601627349854
1.2543528079986572
1.2538464069366455
1.2533408403396606
1.2528369426727295
1.252333641052246
1.2518329620361328
1.251333236694336
1.2508336305618286
1.25033700466156
1.2498401403427124
1.249344825744629
1.2488505840301514
1.2483588457107544
1.2478680610656738
1.2473763227462769
1.2468866109848022
1.246399164199829
1.2459123134613037
1.2454270124435425
1.2449426651000977
1.2444608211517334
1.2439796924591064
1.2434996366500854
1.243021011352539
1.2425435781478882
1.242067813873291
1.241593360900879
1.2411199808120728
1.2406474351882935
1.240178108215332
1.2397083044052124
1.2392393350601196
1.2387726306915283
1.2383060455322266
1.2378419637680054
1.2373778820037842
1.2369158267974854
1.2364556789398193
1.2359939813613892
1.235534429550171
1.2350764274597168
1.2346190214157104
1.2341631650924683
1.2337086200714111
1.2332539558410645
1.2328013181686401
1.2323490381240845
1.2318981885910034
1.2314484119415283
1.2310004234313965
1.2305514812469482
1.2301057577133179
1.2296602725982666
1.2292160987854004
1.228772759437561
1.2283296585083008
1.227888584136963
1.2274478673934937
1.2270088195800781
1.2265706062316895
1.2261327505111694
1.2256968021392822
1.2252618074417114
1.2248280048370361
1.2243952751159668
1.223963737487793
1.2235342264175415
1.2231045961380005
1.2226753234863281
1.2222480773925781
1.2218221426010132
1.2213963270187378
1.2209713459014893
1.2205475568771362
1.2201255559921265
1.2197034358978271
1.219282627105713
1.2188644409179688
1.2184460163116455
1.2180278301239014
1.2176111936569214
1.2171951532363892
1.216780185699463
1.216366171836853
1.215952754020691
1.2155416011810303
1.21513032913208
1.2147197723388672
1.2143101692199707
1.213901400566101
1.213492751121521
1.2130860090255737
1.212681531906128
1.2122762203216553
1.2118722200393677
1.2114694118499756
1.2110674381256104
1.2106661796569824
1.2102668285369873
1.209867238998413
1.2094686031341553
1.209071159362793
1.2086741924285889
1.2082778215408325
1.2078831195831299
1.2074882984161377
1.2070953845977783
1.2067031860351562
1.206312656402588
1.2059215307235718
1.2055323123931885
1.2051432132720947
1.2047557830810547
1.2043689489364624
1.2039833068847656
1.2035984992980957
1.2032136917114258
1.2028298377990723
1.2024476528167725
1.20206618309021
1.2016856670379639
1.201305627822876
1.2009273767471313
1.200549602508545
1.200172781944275
1.1997963190078735
1.1994209289550781
1.1990466117858887
1.1986725330352783
1.1982996463775635
1.1979295015335083
1.197558045387268
1.1971867084503174
1.1968175172805786
1.1964495182037354
1.196081519126892
1.1957143545150757
1.1953480243682861
1.1949825286865234
1.1946182250976562
1.19425368309021
1.1938903331756592
1.1935278177261353
1.1931649446487427
1.1928040981292725
1.1924432516098022
1.1920835971832275
1.1917245388031006
1.1913665533065796
1.1910091638565063
1.1906518936157227
1.190295696258545
1.1899418830871582
1.1895872354507446
1.1892340183258057
1.1888813972473145
1.1885309219360352
1.1881799697875977
1.1878300905227661
1.1874815225601196
1.187133550643921
1.1867856979370117
1.1864385604858398
1.1860923767089844
1.1857473850250244
1.1854032278060913
1.1850594282150269
1.1847163438796997
1.1843743324279785
1.1840323209762573
1.1836903095245361
1.183349847793579
1.1830103397369385
1.1826716661453247
1.1823331117630005
1.1819956302642822
1.1816604137420654
1.1813232898712158
1.1809879541397095
1.180653691291809
1.1803197860717773
1.1799852848052979
1.1796520948410034
1.1793196201324463
1.1789883375167847
1.1786572933197021
1.1783267259597778
1.1779977083206177
1.1776691675186157
1.1773409843444824
1.1770137548446655
1.1766873598098755
1.1763615608215332
1.1760358810424805
1.1757107973098755
1.1753876209259033
1.1750640869140625
1.174741268157959
1.174420714378357
1.1740999221801758
1.1737793684005737
1.1734603643417358
1.1731421947479248
1.1728228330612183
1.1725044250488281
1.172188639640808
1.1718716621398926
1.1715551614761353
1.1712403297424316
1.1709250211715698
1.1706104278564453
1.1702969074249268
1.169983983039856
1.1696717739105225
1.1693594455718994
1.1690483093261719
1.1687378883361816
1.1684277057647705
1.1681182384490967
1.1678097248077393
1.1675013303756714
1.1671932935714722
1.166886329650879
1.1665797233581543
1.1662726402282715
1.1659663915634155
1.165662169456482
1.165358066558838
1.1650534868240356
1.164750337600708
1.1644480228424072
1.1641454696655273
1.1638442277908325
1.1635431051254272
1.1632425785064697
1.1629432439804077
1.1626434326171875
1.162345290184021
1.1620466709136963
1.1617482900619507
1.161450982093811
1.1611542701721191
1.160858392715454
1.1605619192123413
1.1602671146392822
1.1599727869033813
1.1596781015396118
1.15938401222229
1.1590917110443115
1.158799648284912
1.1585073471069336
1.1582163572311401
1.157925009727478
1.157634973526001
1.1573450565338135
1.1570558547973633
1.1567676067352295
1.1564788818359375
1.156191110610962
1.1559035778045654
1.1556168794631958
1.155329942703247
1.1550440788269043
1.1547588109970093
1.154474139213562
1.1541898250579834
1.1539061069488525
1.1536223888397217
1.1533403396606445
1.153058409690857
1.1527773141860962
1.1524951457977295
1.1522150039672852
1.1519349813461304
1.1516550779342651
1.151375412940979
1.1510974168777466
1.1508188247680664
1.1505404710769653
1.1502634286880493
1.149986743927002
1.1497094631195068
1.1494336128234863
1.149158000946045
1.1488837003707886
1.1486103534698486
1.148335576057434
1.1480622291564941
1.1477887630462646
1.1475167274475098
1.1472448110580444
1.1469732522964478
1.1467024087905884
1.14643132686615
1.1461619138717651
1.1458923816680908
1.1456232070922852
1.1453534364700317
1.1450856924057007
1.144818902015686
1.1445517539978027
1.1442854404449463
1.1440194845199585
1.1437526941299438
1.1434872150421143
1.1432232856750488
1.1429587602615356
1.1426947116851807
1.1424306631088257
1.142168402671814
1.1419055461883545
1.1416435241699219
1.1413822174072266
1.1411211490631104
1.140860676765442
1.1406011581420898
1.140341877937317
1.1400827169418335
1.1398239135742188
1.1395670175552368
1.1393097639083862
1.1390528678894043
1.1387968063354492
1.138541579246521
1.1382867097854614
1.1380324363708496
1.137778401374817
1.1375254392623901
1.1372727155685425
1.1370205879211426
1.1367679834365845
1.1365160942077637
1.1362656354904175
1.13601553440094
1.1357648372650146
1.1355159282684326
1.1352672576904297
1.1350183486938477
1.134770154953003
1.1345224380493164
1.1342756748199463
1.1340293884277344
1.1337826251983643
1.133536696434021
1.1332910060882568
1.1330461502075195
1.1328015327453613
1.1325569152832031
1.1323128938674927
1.1320695877075195
1.1318259239196777
1.1315827369689941
1.1313400268554688
1.1310980319976807
1.1308562755584717
1.1306151151657104
1.1303749084472656
1.1301350593566895
1.129894733428955
1.1296555995941162
1.1294167041778564
1.1291776895523071
1.1289387941360474
1.128700852394104
1.128462553024292
1.1282250881195068
1.1279881000518799
1.1277505159378052
1.1275144815444946
1.1272786855697632
1.1270431280136108
1.1268080472946167
1.1265734434127808
1.1263383626937866
1.1261050701141357
1.125872015953064
1.1256381273269653
1.1254053115844727
1.12517249584198
1.1249399185180664
1.1247081756591797
1.124476671218872
1.1242454051971436
1.1240144968032837
1.1237844228744507
1.1235541105270386
1.123323917388916
1.1230944395065308
1.1228653192520142
1.1226354837417603
1.122407078742981
1.122178554534912
1.121950626373291
1.12172269821167
1.1214942932128906
1.1212670803070068
1.1210403442382812
1.120814323425293
1.1205885410308838
1.1203625202178955
1.120137333869934
1.1199126243591309
1.119687795639038
1.11946439743042
1.119240641593933
1.1190173625946045
1.1187947988510132
1.1185717582702637
1.118349552154541
1.1181275844573975
1.1179053783416748
1.1176838874816895
1.1174626350402832
1.1172425746917725
1.1170222759246826
1.1168023347854614
1.1165823936462402
1.1163630485534668
1.1161447763442993
1.1159265041351318
1.1157079935073853
1.1154897212982178
1.1152722835540771
1.1150555610656738
1.1148383617401123
1.1146223545074463
1.1144061088562012
1.1141905784606934
1.1139742136001587
1.1137586832046509
1.1135427951812744
1.1133276224136353
1.1131126880645752
1.1128977537155151
1.112683892250061
1.11246919631958
1.1122549772262573
1.1120412349700928
1.1118285655975342
1.1116158962249756
1.1114037036895752
1.111191987991333
1.1109803915023804
1.1107690334320068
1.1105587482452393
1.1103473901748657
1.1101374626159668
1.1099272966384888
1.1097166538238525
1.1095073223114014
1.1092982292175293
1.1090892553329468
1.1088804006576538
1.1086716651916504
1.108463168144226
1.108255386352539
1.1080479621887207
1.1078402996063232
1.1076332330703735
1.1074271202087402
1.1072206497192383
1.1070144176483154
1.106809139251709
1.1066043376922607
1.1063997745513916
1.1061952114105225
1.1059911251068115
1.1057868003845215
1.1055834293365479
1.1053798198699951
1.105177640914917
1.1049754619598389
1.104772925376892
1.1045714616775513
1.1043707132339478
1.1041696071624756
1.1039690971374512
1.1037685871124268
1.103569507598877
1.1033682823181152
1.1031694412231445
1.1029696464538574
1.1027709245681763
1.1025716066360474
1.1023743152618408
1.102175235748291
1.1019777059555054
1.1017794609069824
1.1015821695327759
1.1013847589492798
1.1011892557144165
1.1009917259216309
1.1007969379425049
1.1006004810333252
1.1004055738449097
1.1002094745635986
1.100016474723816
1.099820613861084
1.099626898765564
1.0994319915771484
1.099238395690918
1.099043607711792
1.0988503694534302
1.0986558198928833
1.0984634160995483
1.0982693433761597
1.0980782508850098
1.0978856086730957
1.0976946353912354
1.0975028276443481
1.0973132848739624
1.0971215963363647
1.096932291984558
1.0967411994934082
1.0965526103973389
1.0963622331619263
1.0961743593215942
1.0959839820861816
1.09579598903656
1.0956058502197266
1.0954184532165527
1.0952284336090088
1.0950405597686768
1.0948506593704224
1.0946639776229858
1.0944746732711792
1.0942884683609009
1.0941014289855957
1.0939172506332397
1.0937308073043823
1.093548059463501
1.0933626890182495
1.0931808948516846
1.092995285987854
1.0928137302398682
1.0926289558410645
1.0924469232559204
1.0922611951828003
1.0920778512954712
1.091890573501587
1.09170663356781
1.0915191173553467
1.0913355350494385
1.0911484956741333
1.090965986251831
1.0907810926437378
1.0906007289886475
1.0904178619384766
1.0902398824691772
1.0900599956512451
1.0898857116699219
1.089709758758545
1.0895400047302246
1.089367389678955
1.089199185371399
1.0890251398086548
1.0888535976409912
1.0886743068695068
1.0884957313537598
1.0883089303970337
1.0881232023239136
1.0879321098327637
1.0877457857131958
1.0875576734542847
1.0873748064041138
1.087191104888916
1.0870122909545898
1.0868332386016846
1.0866583585739136
1.086484670639038
1.0863173007965088
1.0861541032791138
1.0860040187835693
1.0858640670776367
1.0857462882995605
1.0856372117996216
1.085544466972351
1.0854277610778809
1.085289716720581
1.0850883722305298
1.0848534107208252
1.0845789909362793
1.0843188762664795
1.0840885639190674
1.0839056968688965
1.0837554931640625
1.0836244821548462
1.083513617515564
1.0834120512008667
1.0833370685577393
1.0832593441009521
1.083186149597168
1.0830628871917725
1.082895040512085
1.082635760307312
1.0823321342468262
1.0820040702819824
1.081736445426941
1.081544041633606
1.0814177989959717
1.081325888633728
1.081233024597168
1.0811443328857422
1.0810303688049316
1.0809056758880615
1.080727458000183
1.0805221796035767
1.0802682638168335
1.08000910282135
1.0797522068023682
1.0795369148254395
1.0793588161468506
1.0792115926742554
1.079087734222412
1.0789762735366821
1.0788965225219727
1.07883882522583
1.0788300037384033
1.0788370370864868
1.0788686275482178
1.0788236856460571
1.0787023305892944
1.0784026384353638
1.0780037641525269
1.0775389671325684
1.0771729946136475
1.0769579410552979
1.0768793821334839
1.0768617391586304
1.0768225193023682
1.0767500400543213
1.0765981674194336
1.076395869255066
1.0761184692382812
1.0758304595947266
1.075547695159912
1.075323462486267
1.0751535892486572
1.0750269889831543
1.0749305486679077
1.0748485326766968
1.074803113937378
1.0747871398925781
1.0748308897018433
1.0748825073242188
1.0749483108520508
1.07491135597229
1.074757695198059
1.074377179145813
1.073879599571228
1.0733513832092285
1.073000192642212
1.0728622674942017
1.0728635787963867
1.0728943347930908
1.072853922843933
1.0727415084838867
1.0725123882293701
1.0722228288650513
1.071887731552124
1.0715991258621216
1.0713824033737183
1.071244478225708
1.0711575746536255
1.071089506149292
1.0710493326187134
1.071020245552063
1.0710361003875732
1.0710515975952148
1.0710914134979248
1.0710545778274536
1.0709456205368042
1.0706477165222168
1.070237159729004
1.0697400569915771
1.0693358182907104
1.0690929889678955
1.0690110921859741
1.0690141916275024
1.0690175294876099
1.069006085395813
1.0689343214035034
1.0688250064849854
1.0686185359954834
1.0683616399765015
1.0680325031280518
1.0677142143249512
1.067431926727295
1.0672332048416138
1.0671032667160034
1.067015528678894
1.0669628381729126
1.0669347047805786
1.066969394683838
1.067061185836792
1.0672637224197388
1.0675075054168701
1.067795991897583
1.0679105520248413
1.0678272247314453
1.0673047304153442
1.066535234451294
1.065677285194397
1.0651426315307617
1.0650349855422974
1.0651979446411133
1.0653791427612305
1.065382719039917
1.0652029514312744
1.0648157596588135
1.0643736124038696
1.063973069190979
1.0637364387512207
1.0636484622955322
1.0636322498321533
1.0636353492736816
1.0636025667190552
1.0635582208633423
1.0634576082229614
1.0633339881896973
1.0631258487701416
1.0628794431686401
1.0625659227371216
1.0622624158859253
1.0619862079620361
1.061781644821167
1.0616378784179688
1.0615369081497192
1.0614714622497559
1.061434268951416
1.0614644289016724
1.0615736246109009
1.0618361234664917
1.0622477531433105
1.0628859996795654
1.0635582208633423
1.0642198324203491
1.06428861618042
1.0637469291687012
1.0623183250427246
1.060796856880188
1.0598077774047852
1.0597871541976929
1.0603368282318115
1.060753583908081
1.0607335567474365
1.0601896047592163
1.0594463348388672
1.0588337182998657
1.0586352348327637
1.0587478876113892
1.0588805675506592
1.058870792388916
1.0586397647857666
1.058292031288147
1.0578908920288086
1.0575757026672363
1.0573813915252686
1.0572954416275024
1.0572700500488281
1.0572518110275269
1.0572470426559448
1.057228446006775
1.0572227239608765
1.0571696758270264
1.0570932626724243
1.0569186210632324
1.0566778182983398
1.0563350915908813
1.0559812784194946
1.055641531944275
1.0553951263427734
1.0552406311035156
1.055158019065857
1.055123209953308
1.0551162958145142
1.0551718473434448
1.0552940368652344
1.0555531978607178
1.0559253692626953
1.0564658641815186
1.056955099105835
1.057349443435669
1.0572059154510498
1.056589126586914
1.0553677082061768
1.0541630983352661
1.0534275770187378
1.053417682647705
1.0538241863250732
1.054160714149475
1.054225206375122
1.0539045333862305
1.0533602237701416
1.0527417659759521
1.0523322820663452
1.0522046089172363
1.0522637367248535
1.0523642301559448
1.052385687828064
1.052333116531372
1.0521619319915771
1.0519263744354248
1.0516085624694824
1.0512843132019043
1.0509803295135498
1.0507571697235107
1.050609827041626
1.0505205392837524
1.0504745244979858
1.0504591464996338
1.050519585609436
1.0506806373596191
1.051046371459961
1.0516505241394043
1.0526450872421265
1.0538444519042969
1.0551966428756714
1.055842638015747
1.0556236505508423
1.0537364482879639
1.0513081550598145
1.0493535995483398
1.0490105152130127
1.049910068511963
1.0508830547332764
1.0511873960494995
1.050516963005066
1.0493639707565308
1.0483478307724
1.048069715499878
1.048392415046692
1.0487334728240967
1.0487436056137085
1.04832923412323
1.0477523803710938
1.0472428798675537
1.0470144748687744
1.0470283031463623
1.0471100807189941
1.0471503734588623
1.047066330909729
1.0468971729278564
1.0466285943984985
1.0463311672210693
1.046022891998291
1.045774221420288
1.0455909967422485
1.0454736948013306
1.0454027652740479
1.0453588962554932
1.045364260673523
1.045430064201355
1.0456279516220093
1.045982003211975
1.0465998649597168
1.0474218130111694
1.0484803915023804
1.0493133068084717
1.0497597455978394
1.0489720106124878
1.0473496913909912
1.0452393293380737
1.043961763381958
1.0439670085906982
1.0447524785995483
1.0454310178756714
1.0453943014144897
1.0447375774383545
1.0437533855438232
1.0430716276168823
1.0429577827453613
1.0432156324386597
1.0434589385986328
1.0434112548828125
1.0431087017059326
1.0426266193389893
1.042189359664917
1.041913390159607
1.0418330430984497
1.0418651103973389
1.041905403137207
1.0419378280639648
1.0419197082519531
1.0418848991394043
1.0417760610580444
1.041625738143921
1.041385531425476
1.0411075353622437
1.040787935256958
1.0405027866363525
1.040266990661621
1.0401073694229126
1.0400065183639526
1.0399450063705444
1.039929986000061
1.039968729019165
1.0401372909545898
1.0405045747756958
1.0412575006484985
1.0424898862838745
1.0444735288619995
1.0468411445617676
1.0494606494903564
1.0503606796264648
1.0494351387023926
1.0452898740768433
1.040938138961792
1.038881540298462
1.0400707721710205
1.0423775911331177
1.0432449579238892
1.0422817468643188
1.040032982826233
1.038468360900879
1.0385241508483887
1.0394841432571411
1.0400301218032837
1.0395159721374512
1.038454532623291
1.037596583366394
1.037487506866455
1.0378574132919312
1.0380927324295044
1.0379376411437988
1.0374209880828857
1.0368725061416626
1.0365138053894043
1.0364364385604858
1.0365159511566162
1.036564826965332
1.0365304946899414
1.0363644361495972
1.0361247062683105
1.0358211994171143
1.0355390310287476
1.03529953956604
1.0351364612579346
1.035031795501709
1.0349633693695068
1.0349293947219849
1.0349222421646118
1.0349841117858887
1.0351229906082153
1.0354151725769043
1.0358508825302124
1.0365262031555176
1.0373032093048096
1.0381392240524292
1.0385053157806396
1.0382840633392334
1.0370060205459595
1.0353500843048096
1.0338830947875977
1.033380389213562
1.033769130706787
1.0344138145446777
1.0347903966903687
1.0346074104309082
1.0340138673782349
1.033210039138794
1.0326437950134277
1.0324926376342773
1.0326478481292725
1.0328679084777832
1.032947063446045
1.0328730344772339
1.032611608505249
1.0322610139846802
1.031867265701294
1.0315512418746948
1.0313469171524048
1.0312597751617432
1.031249761581421
1.0312726497650146
1.0313518047332764
1.0314940214157104
1.031782627105713
1.0322203636169434
1.0329172611236572
1.0337358713150024
1.034666895866394
1.0351837873458862
1.0351862907409668
1.034053921699524
1.0323641300201416
1.0306243896484375
1.029845952987671
1.0301398038864136
1.0308873653411865
1.0314441919326782
1.0314130783081055
1.0308849811553955
1.0300071239471436
1.0292820930480957
1.0289795398712158
1.029094934463501
1.0293655395507812
1.0295279026031494
1.0295339822769165
1.0293341875076294
1.0290123224258423
1.0285923480987549
1.0282132625579834
1.0279302597045898
1.0277880430221558
1.0277527570724487
1.0277754068374634
1.0278611183166504
1.0280134677886963
1.028315544128418
1.0287948846817017
1.02959144115448
1.0306017398834229
1.0319273471832275
1.0330016613006592
1.033638834953308
1.0327963829040527
1.0309734344482422
1.0284221172332764
1.0267566442489624
1.0266296863555908
1.0275821685791016
1.028613805770874
1.0289355516433716
1.0285052061080933
1.0273817777633667
1.0262916088104248
1.0257474184036255
1.025887131690979
1.0263278484344482
1.0266087055206299
1.026605486869812
1.0262550115585327
1.0257381200790405
1.0251835584640503
1.02482271194458
1.024703025817871
1.0247559547424316
1.024878740310669
1.024979591369629
1.0250717401504517
1.0251115560531616
1.025145411491394
1.0250884294509888
1.0249801874160767
1.024724006652832
1.0243895053863525
1.0239660739898682
1.0235847234725952
1.0232906341552734
1.0231388807296753
1.0230971574783325
1.0231200456619263
1.0232083797454834
1.0233640670776367
1.0236754417419434
1.0241894721984863
1.0251030921936035
1.026409387588501
1.0283011198043823
1.0302200317382812
1.0321327447891235
1.0322521924972534
1.030758023262024
1.026916265487671
1.0234700441360474
1.0221173763275146
1.0231786966323853
1.0251308679580688
1.0262888669967651
1.0262178182601929
1.024698257446289
1.0228055715560913
1.0215944051742554
1.0216984748840332
1.0225245952606201
1.0230865478515625
1.023037075996399
1.0223468542099
1.0214731693267822
1.0207992792129517
1.0206271409988403
1.020829200744629
1.0210890769958496
1.021238923072815
1.0211702585220337
1.0209438800811768
1.020552396774292
1.020138144493103
1.0197601318359375
1.0195231437683105
1.0194213390350342
1.0194120407104492
1.0194646120071411
1.0195528268814087
1.0197287797927856
1.0200088024139404
1.0204951763153076
1.0211524963378906
1.022080659866333
1.0229568481445312
1.0237785577774048
1.023805022239685
1.0231026411056519
1.0213035345077515
1.0194251537322998
1.0182204246520996
1.018222451210022
1.0189913511276245
1.01974618434906
1.0201159715652466
1.0198493003845215
1.0191446542739868
1.0181864500045776
1.0174890756607056
1.0172851085662842
1.017484426498413
1.0178076028823853
1.018008828163147
1.018059492111206
1.017898678779602
1.0176048278808594
1.017164945602417
1.0167326927185059
1.0163805484771729
1.0161939859390259
1.016146183013916
1.0161830186843872
1.0162901878356934
1.0164709091186523
1.01681649684906
1.017384648323059
1.01836359500885
1.0197639465332031
1.0217365026474
1.0237219333648682
1.0255467891693115
1.025364637374878
1.023462176322937
1.0194717645645142
1.0162217617034912
1.0152946710586548
1.0166254043579102
1.0185661315917969
1.019562005996704
1.019287347793579
1.0176308155059814
1.0157736539840698
1.0147225856781006
1.0149455070495605
1.015785813331604
1.0162991285324097
1.0161798000335693
1.0154350996017456
1.0145666599273682
1.013964056968689
1.0138691663742065
1.0141141414642334
1.0143756866455078
1.014513373374939
1.0144306421279907
1.0142059326171875
1.0138262510299683
1.013421893119812
1.0130457878112793
1.012801170349121
1.0126864910125732
1.0126686096191406
1.0127171277999878
1.0128071308135986
1.0129966735839844
1.013314962387085
1.0139095783233643
1.0148015022277832
1.0161429643630981
1.0176351070404053
1.019243597984314
1.019793152809143
1.0192852020263672
1.0168142318725586
1.0139225721359253
1.0118707418441772
1.0118153095245361
1.0131018161773682
1.0143239498138428
1.0148128271102905
1.0141873359680176
1.012914776802063
1.0115665197372437
1.0109803676605225
1.011234998703003
1.0117987394332886
1.0121877193450928
1.012120246887207
1.0117086172103882
1.0110446214675903
1.0104591846466064
1.010127067565918
1.0101011991500854
1.0102587938308716
1.0104427337646484
1.010628581047058
1.0107605457305908
1.0108938217163086
1.0109319686889648
1.010892629623413
1.0106513500213623
1.0102871656417847
1.0097715854644775
1.0092928409576416
1.0089234113693237
1.0087546110153198
1.0087472200393677
1.0088319778442383
1.0089985132217407
1.009252905845642
1.0097177028656006
1.010467767715454
1.0117415189743042
1.0134751796722412
1.0158920288085938
1.0180739164352417
1.019912600517273
1.01906418800354
1.0163600444793701
1.0117826461791992
1.0086007118225098
1.0082728862762451
1.0101206302642822
1.0123013257980347
1.0131986141204834
1.0126562118530273
1.010591745376587
1.0084868669509888
1.0075492858886719
1.008072853088379
1.0091242790222168
1.0096346139907837
1.0093899965286255
1.0084491968154907
1.0074448585510254
1.0068230628967285
1.0068092346191406
1.007156252861023
1.0074774026870728
1.0076332092285156
1.007509469985962
1.0072110891342163
1.006740927696228
1.0062761306762695
1.005887746810913
1.00568425655365
1.0056400299072266
1.0056897401809692
1.0058059692382812
1.0059654712677002
1.0062447786331177
1.0066580772399902
1.007323145866394
1.0081794261932373
1.0092804431915283
1.010172963142395
1.010786771774292
1.0102373361587524
1.0088543891906738
1.0066571235656738
1.0049997568130493
1.0045074224472046
1.0050992965698242
1.0060627460479736
1.006706714630127
1.006881833076477
1.0063481330871582
1.0054433345794678
1.004427194595337
1.0038410425186157
1.0038182735443115
1.004144549369812
1.0045288801193237
1.0047625303268433
1.0048407316207886
1.0046663284301758
1.0043410062789917
1.0038453340530396
1.0033578872680664
1.002958059310913
1.002752423286438
1.002713680267334
1.0027780532836914
1.002925157546997
1.003151774406433
1.0035655498504639
1.004248023033142
1.0053836107254028
1.0069811344146729
1.0092461109161377
1.0114445686340332
1.0134142637252808
1.0130107402801514
1.0108942985534668
1.00654935836792
1.0030744075775146
1.0020766258239746
1.00349760055542
1.0057238340377808
1.0071868896484375
1.0075068473815918
1.0060983896255493
1.00393545627594
1.0020142793655396
1.0015673637390137
1.0023634433746338
1.0033366680145264
1.0038135051727295
1.003440260887146
1.0025588274002075
1.0014948844909668
1.0008491277694702
1.00079345703125
1.00111722946167
1.0015090703964233
1.001717448234558
1.001749038696289
1.0015231370925903
1.0011446475982666
1.0006266832351685
1.0001537799835205
0.9998053312301636
0.9996591210365295
0.9996682405471802
0.9997614026069641
0.9999315142631531
1.0001718997955322
1.000592827796936
1.0012233257293701
1.0022324323654175
1.00350821018219
1.0051472187042236
1.0064465999603271
1.0072522163391113
1.0061805248260498
1.0039377212524414
1.0008541345596313
0.9989736676216125
0.9989663362503052
1.0002087354660034
1.0015459060668945
1.0020798444747925
1.001762866973877
1.000500202178955
0.9991077780723572
0.998236894607544
0.9982681274414062
0.9988424181938171
0.9993681311607361
0.9996097087860107
0.9994157552719116
0.9989426136016846
0.9982689619064331
0.9976841807365417
0.9973368048667908
0.9972880482673645
0.9974351525306702
0.9976476430892944
0.9979175329208374
0.9982168674468994
0.998620867729187
0.9990419745445251
0.9995163083076477
0.9997653365135193
0.9997906684875488
0.999244213104248
0.9983674883842468
0.9972686767578125
0.9964550137519836
0.9961466789245605
0.9963203072547913
0.996731698513031
0.9971396327018738
0.9975287914276123
0.9978043437004089
0.9979861974716187
0.9978762865066528
0.997551441192627
0.9969022274017334
0.9961839914321899
0.9955440759658813
0.9952207803726196
0.9952095746994019
0.9953954219818115
0.9957026839256287
0.9961045980453491
0.9967169165611267
0.9975633025169373
0.9988319873809814
1.000306248664856
1.0020909309387207
1.0031691789627075
1.0035873651504517
1.001904010772705
0.9991765022277832
0.99605393409729
0.994573712348938
0.9950631260871887
0.9965668320655823
0.998049795627594
0.9987531900405884
0.998628556728363
0.9973552227020264
0.9957053661346436
0.9943336248397827
0.9939633011817932
0.9944511651992798
0.9951874017715454
0.9957944750785828
0.9959997534751892
0.9958652257919312
0.9952766299247742
0.9945007562637329
0.9936959743499756
0.9931952953338623
0.993064284324646
0.9932150840759277
0.9935150742530823
0.9938554167747498
0.9942963123321533
0.9947993159294128
0.9954730272293091
0.996110737323761
0.9967043995857239
0.9967544674873352
0.9963066577911377
0.9950465559959412
0.9936099648475647
0.9924268126487732
0.9920490384101868
0.9923838376998901
0.9929887056350708
0.9935687184333801
0.9939038157463074
0.994015634059906
0.9937106370925903
0.9931657314300537
0.9923848509788513
0.9917045831680298
0.9912846684455872
0.9912122488021851
0.9913805723190308
0.9916470050811768
0.9920169115066528
0.9925156831741333
0.9933226704597473
0.994462251663208
0.9961763620376587
0.9981124997138977
1.000335693359375
1.0013248920440674
1.0012215375900269
0.9983992576599121
0.9947274327278137
0.9914980530738831
0.990675687789917
0.9919499754905701
0.9939039945602417
0.9956298470497131
0.9962946176528931
0.9958856701850891
0.9940266609191895
0.991844654083252
0.990340530872345
0.9902616739273071
0.9911651611328125
0.992150068283081
0.9928282499313354
0.9928647875785828
0.9923877716064453
0.9913538694381714
0.9902733564376831
0.9895012974739075
0.9893186092376709
0.9895890951156616
0.990013062953949
0.990471363067627
0.990857720375061
0.991253137588501
0.9914611577987671
0.9915115237236023
0.9911348819732666
0.9904776811599731
0.9895394444465637
0.9887450933456421
0.9883015155792236
0.9882966876029968
0.988569974899292
0.988916277885437
0.9893015027046204
0.989676833152771
0.9901208877563477
0.9904863238334656
0.9907995462417603
0.9907503724098206
0.990389347076416
0.9895498156547546
0.9885824918746948
0.9877043962478638
0.9872874617576599
0.9873436093330383
0.9876793622970581
0.9881476759910583
0.9886556267738342
0.989303708076477
0.9900018572807312
0.990815281867981
0.9913681745529175
0.9916896224021912
0.9911911487579346
0.9901218414306641
0.9884750247001648
0.9871101975440979
0.9864675998687744
0.9866681098937988
0.9873413443565369
0.9880702495574951
0.9888019561767578
0.9893621206283569
0.98980313539505
0.9897400736808777
0.9892541766166687
0.9881660342216492
0.9869770407676697
0.9860177040100098
0.9856759309768677
0.9858778715133667
0.9863443970680237
0.9869297742843628
0.9875437617301941
0.9883095622062683
0.9890775084495544
0.9899016618728638
0.9902615547180176
0.990190327167511
0.9891232848167419
0.9876290559768677
0.9859846830368042
0.9850301742553711
0.9849749207496643
0.9855515360832214
0.9863729476928711
0.98713219165802
0.9878917336463928
0.9883652925491333
0.9885834455490112
0.9881373643875122
0.9872477650642395
0.9859095811843872
0.9847713112831116
0.9841681718826294
0.984235405921936
0.9847186207771301
0.9853194355964661
0.9860237240791321
0.9867716431617737
0.9877086877822876
0.9884980916976929
0.989145815372467
0.9890012145042419
0.988193154335022
0.9864530563354492
0.9847080707550049
0.983556866645813
0.9834667444229126
0.9841266870498657
0.9849804639816284
0.9858141541481018
0.9863743782043457
0.9867310523986816
0.9864868521690369
0.9858136773109436
0.984643816947937
0.9835295081138611
0.9827934503555298
0.9826700091362
0.9829927682876587
0.983496904373169
0.9841325283050537
0.9848828315734863
0.9858933687210083
0.9869970679283142
0.9882692694664001
0.9890071749687195
0.9892255067825317
0.9879738092422485
0.9859598875045776
0.9835532307624817
0.9821512699127197
0.9821270704269409
0.9830505847930908
0.9842577576637268
0.9852035045623779
0.9858898520469666
0.9858927726745605
0.9853284358978271
0.9840167760848999
0.9826099276542664
0.9815711975097656
0.9813336133956909
0.9817269444465637
0.9823402166366577
0.9829882979393005
0.9835317730903625
0.9840755462646484
0.9843721985816956
0.9844130277633667
0.983851969242096
0.9829362630844116
0.9817538261413574
0.9808564782142639
0.9804789423942566
0.9806308746337891
0.9810751080513
0.9815787076950073
0.9821815490722656
0.9828482270240784
0.983697772026062
0.9844567775726318
0.9851790070533752
0.9852515459060669
0.9847970604896545
0.983362078666687
0.9817006587982178
0.9802607297897339
0.9797143340110779
0.9800034761428833
0.9807302951812744
0.9816527962684631
0.9826052784919739
0.9837391376495361
0.9847395420074463
0.985619843006134
0.9855072498321533
0.9846115112304688
0.982622504234314
0.9805988073348999
0.9792654514312744
0.9791921973228455
0.9800041317939758
0.981040358543396
0.9820676445960999
0.9828107357025146
0.9833266735076904
0.9830993413925171
0.982290506362915
0.9808171391487122
0.9794161319732666
0.9785354733467102
0.9784806966781616
0.9789947271347046
0.9796863794326782
0.9804723262786865
0.9812362194061279
0.9820958971977234
0.9827226400375366
0.9831223487854004
0.982681155204773
0.9816455245018005
0.9799284934997559
0.9784541726112366
0.9777103066444397
0.9778745770454407
0.9785768985748291
0.9793860912322998
0.9802725315093994
0.9810857772827148
0.9818649291992188
0.9821791648864746
0.9820399880409241
0.9809322953224182
0.9794436097145081
0.9778975248336792
0.9770734906196594
0.9770913124084473
0.9776651859283447
0.9784897565841675
0.9793636798858643
0.9803771376609802
0.9813219308853149
0.9822531938552856
0.9825271964073181
0.982187032699585
0.9806547164916992
0.9787367582321167
0.9770053625106812
0.9763437509536743
0.9767304062843323
0.9776251912117004
0.9786351323127747
0.979489803314209
0.9802068471908569
0.9804270267486572
0.9801503419876099
0.9790563583374023
0.9776699542999268
0.9763386249542236
0.9757016897201538
0.9758122563362122
0.9763655662536621
0.9771105051040649
0.9779016375541687
0.9788932204246521
0.9798761010169983
0.9809417724609375
0.9814063310623169
0.9812465906143188
0.9798202514648438
0.9778476357460022
0.9758926033973694
0.9750341176986694
0.97535240650177
0.9762927293777466
0.9773626923561096
0.9781954288482666
0.978804886341095
0.9787930846214294
0.9782990217208862
0.9770916700363159
0.9757494926452637
0.9746835231781006
0.9743593335151672
0.9746664762496948
0.9752676486968994
0.9760216474533081
0.9768704175949097
0.9779871106147766
0.9791375994682312
0.9804298877716064
0.9810671806335449
0.9810429811477661
0.9794436693191528
0.9772015810012817
0.9748709797859192
0.9738045930862427
0.9741400480270386
0.9752593636512756
0.9766021966934204
0.9777722954750061
0.9788034558296204
0.9791336059570312
0.97880619764328
0.9773344397544861
0.9754805564880371
0.9738281965255737
0.9731982350349426
0.9735555052757263
0.9743962287902832
0.9753915071487427
0.9763167500495911
0.9772640466690063
0.9778462648391724
0.9780851006507874
0.9773757457733154
0.9761041402816772
0.9743356704711914
0.9730022549629211
0.972503662109375
0.9728392362594604
0.9736274480819702
0.9745160341262817
0.9755455851554871
0.9765675663948059
0.9776635766029358
0.978219747543335
0.9782048463821411
0.9769101142883301
0.9750310182571411
0.9730253219604492
0.9719710350036621
0.9720749855041504
0.9729089736938477
0.9739925861358643
0.9749767184257507
0.9759127497673035
0.9764119982719421
0.976483941078186
0.9755980372428894
0.9741833806037903
0.9724986553192139
0.9714494943618774
0.9713174700737
0.9718745350837708
0.9727136492729187
0.9735331535339355
0.9743875861167908
0.9750641584396362
0.9755836129188538
0.9754422903060913
0.9747506976127625
0.9733180403709412
0.9718594551086426
0.9708095788955688
0.9705979824066162
0.9710401892662048
0.9717426300048828
0.9725672006607056
0.973407506942749
0.9743779897689819
0.9752185940742493
0.9759324789047241
0.9757851958274841
0.9749188423156738
0.9731112122535706
0.9713030457496643
0.9701182246208191
0.9700364470481873
0.9707332253456116
0.9716532230377197
0.9726501107215881
0.973547637462616
0.9744096994400024
0.9747423529624939
0.9745996594429016
0.9734506011009216
0.9718914031982422
0.9702763557434082
0.9694334268569946
0.9694796800613403
0.97011399269104
0.9710552096366882
0.9721608757972717
0.9735875129699707
0.9751293659210205
0.9768766164779663
0.9778549671173096
0.9780704975128174
0.9763003587722778
0.9735175371170044
0.9704601764678955
0.9689944982528687
0.9694013595581055
0.9708948135375977
0.9727164506912231
0.9743022322654724
0.9756121635437012
0.9757097363471985
0.9748542904853821
0.9725154638290405
0.9701306819915771
0.968632161617279
0.9686697125434875
0.969738781452179
0.9710448980331421
0.9723612666130066
0.9733002781867981
0.9738725423812866
0.9734074473381042
0.9722212553024292
0.9702776670455933
0.9686581492424011
0.9678863883018494
0.9681232571601868
0.9689464569091797
0.9698896408081055
0.9709303379058838
0.9718625545501709
0.9727569818496704
0.9730199575424194
0.9726903438568115
0.9712954759597778
0.9695265889167786
0.9678926467895508
0.9672202467918396
0.9675127267837524
0.968315601348877
0.9693034291267395
0.9702403545379639
0.9712256193161011
0.9718652367591858
0.9721668362617493
0.9714690446853638
0.9701488614082336
0.9683477878570557
0.9670251607894897
0.9665898084640503
0.9669907093048096
0.9678199887275696
0.9687063097953796
0.9696890115737915
0.9705902934074402
0.9714378118515015
0.9716190099716187
0.9711955785751343
0.9697098731994629
0.9679497480392456
0.9664660096168518
0.9659784436225891
0.9663965106010437
0.9672302603721619
0.9682067632675171
0.9691193103790283
0.9700413346290588
0.970537006855011
0.9706509709358215
0.9698261618614197
0.9684801697731018
0.9668099880218506
0.9656790494918823
0.9653915166854858
0.9658234119415283
0.9666318893432617
0.9675575494766235
0.9687748551368713
0.970133364200592
0.971854567527771
0.9732184410095215
0.9740985035896301
0.973153829574585
0.9710648059844971
0.9678635001182556
0.9655687808990479
0.9650306105613708
0.9660466909408569
0.9677544832229614
0.9694147706031799
0.9710325002670288
0.9719176888465881
0.9720955491065979
0.9705519080162048
0.9682432413101196
0.9658163189888
0.9646250009536743
0.9648537635803223
0.9659392833709717
0.967350423336029
0.9686862230300903
0.970024824142456
0.970808207988739
0.9710640907287598
0.9698617458343506
0.9678789377212524
0.9655202031135559
0.9641695022583008
0.9641726016998291
0.965103268623352
0.966375470161438
0.9675318002700806
0.9685993194580078
0.9691019058227539
0.9690434336662292
0.967891275882721
0.9662052989006042
0.96441650390625
0.9634854793548584
0.9635708332061768
0.9643011093139648
0.9652950167655945
0.9662768244743347
0.9673720598220825
0.9682612419128418
0.9689207077026367
0.9685972332954407
0.9675631523132324
0.9656690955162048
0.963921070098877
0.9629013538360596
0.96295166015625
0.9637143611907959
0.9647059440612793
0.9658670425415039
0.9670221209526062
0.9682645797729492
0.9690011739730835
0.9691349267959595
0.9678727388381958
0.9659227728843689
0.9636966586112976
0.962440013885498
0.9624521732330322
0.9633324146270752
0.9645667672157288
0.9657517671585083
0.9669675230979919
0.9677355289459229
0.9680911302566528
0.9672501087188721
0.9656620025634766
0.9635438323020935
0.9621149301528931
0.9618138074874878
0.9624496698379517
0.9635159969329834
0.9646186828613281
0.9658291339874268
0.9668670296669006
0.9677730798721313
0.9677183628082275
0.9668883085250854
0.9649454355239868
0.9629429578781128
0.9615262746810913
0.9612948894500732
0.9619787931442261
0.9630362391471863
0.9643099308013916
0.9656277894973755
0.9671743512153625
0.9683156609535217
0.9690630435943604
0.9681923985481262
0.9663143157958984
0.9634596109390259
0.961402177810669
0.9608299136161804
0.9616217613220215
0.9630935192108154
0.9646493792533875
0.9663680791854858
0.9677338004112244
0.9686910510063171
0.9680691957473755
0.9662983417510986
0.9634127020835876
0.9611732959747314
0.9604007601737976
0.9611000418663025
0.9625543355941772
0.96409010887146
0.9657325744628906
0.9669632315635681
0.9678231477737427
0.9671328067779541
0.9654698371887207
0.9627974629402161
0.960700511932373
0.9599334001541138
0.9605302810668945
0.9618461728096008
0.9632530808448792
0.9647741317749023
0.9659767746925354
0.9669150114059448
0.9665501117706299
0.9652231335639954
0.962745189666748
0.9605517387390137
0.9594607949256897
0.9597703218460083
0.960914134979248
0.9622292518615723
0.9636521339416504
0.9648312330245972
0.9657890796661377
0.9656203985214233
0.9645673632621765
0.9623486995697021
0.9602248668670654
0.9589928388595581
0.959111213684082
0.9601009488105774
0.9612730741500854
0.962493360042572
0.9634548425674438
0.964212954044342
0.9641015529632568
0.9632711410522461
0.9614920616149902
0.9597002267837524
0.9585147500038147
0.9584086537361145
0.9590880870819092
0.9600592851638794
0.9612152576446533
0.9624044299125671
0.96376633644104
0.9646718502044678
0.9650813937187195
0.9640364646911621
0.9621641635894775
0.9597220420837402
0.9581502676010132
0.9579242467880249
0.9587494730949402
0.9600427746772766
0.9613490104675293
0.9627507925033569
0.9638010859489441
0.9643917083740234
0.9636132121086121
0.9619113206863403
0.9594888687133789
0.9578059315681458
0.9574128985404968
0.9581342935562134
0.9594048261642456
0.9607645869255066
0.9623069167137146
0.9635777473449707
0.9645928144454956
0.9643071889877319
0.9629489183425903
0.9603108763694763
0.9580252170562744
0.9569555521011353
0.9573727250099182
0.9586528539657593
0.9600986242294312
0.9616658687591553
0.9629568457603455
0.9639507532119751
0.9635604619979858
0.9621342420578003
0.9595657587051392
0.9574341773986816
0.9565123319625854
0.9569709897041321
0.9582139253616333
0.9596220850944519
0.9612219333648682
0.9626904726028442
0.9640612006187439
0.964189350605011
0.9632277488708496
0.9605765342712402
0.957892894744873
0.9562423229217529
0.9563307762145996
0.957579493522644
0.9590771794319153
0.9605914354324341
0.9616658687591553
0.9623767733573914
0.9618468284606934
0.9604389667510986
0.958146333694458
