# adam, lr=0.01, alpha = 1000000, beta = 0.1
# best_iter: 2940, best_loss = 0.10128583759069443, imsave period = 300
5.795544147491455
3.27066969871521
2.4410438537597656
2.055420398712158
1.8312900066375732
1.6762560606002808
1.5569428205490112
1.455011010169983
1.363525152206421
1.2798666954040527
1.2035382986068726
1.1338952779769897
1.0701165199279785
1.0114761590957642
0.9572842717170715
0.9071125388145447
0.8606194257736206
0.8175300359725952
0.7774710059165955
0.7403704524040222
0.7058241367340088
0.6737048625946045
0.6438527703285217
0.6160575747489929
0.5902019739151001
0.566138744354248
0.543656051158905
0.5226690173149109
0.5032390356063843
0.4851827025413513
0.4683108925819397
0.4525982737541199
0.4380400776863098
0.424424946308136
0.41170310974121094
0.39981141686439514
0.38866689801216125
0.3782136142253876
0.3684080243110657
0.35922589898109436
0.3505709171295166
0.34240877628326416
0.33474001288414
0.32752490043640137
0.32071220874786377
0.31425741314888
0.30814605951309204
0.30235058069229126
0.2968596816062927
0.29165714979171753
0.28672176599502563
0.2820371985435486
0.277579128742218
0.27332696318626404
0.2692757248878479
0.2654098570346832
0.26172009110450745
0.25819575786590576
0.2548331618309021
0.25161346793174744
0.24852991104125977
0.245572030544281
0.24274170398712158
0.2400233894586563
0.23741112649440765
0.2348979264497757
0.23247836530208588
0.23015058040618896
0.22791090607643127
0.22575588524341583
0.22368007898330688
0.22167348861694336
0.2197336107492447
0.21785864233970642
0.2160479724407196
0.21429824829101562
0.21260309219360352
0.21096128225326538
0.20936641097068787
0.20782247185707092
0.20632529258728027
0.20487087965011597
0.20346088707447052
0.2020905613899231
0.20075623691082
0.19945773482322693
0.19819435477256775
0.19696682691574097
0.1957707703113556
0.19460587203502655
0.19347193837165833
0.19236430525779724
0.1912844479084015
0.19023142755031586
0.18920758366584778
0.1882040798664093
0.1872328221797943
0.18628628551959991
0.18538177013397217
0.18450048565864563
0.18365788459777832
0.18281179666519165
0.18195223808288574
0.1810491681098938
0.1801759898662567
0.1793440580368042
0.17856889963150024
0.17783325910568237
0.17711833119392395
0.17642733454704285
0.17571499943733215
0.1749722957611084
0.1741945594549179
0.17346060276031494
0.1727641224861145
0.17211398482322693
0.17150521278381348
0.17092615365982056
0.17039594054222107
0.1698673963546753
0.1692819446325302
0.16857245564460754
0.16785255074501038
0.16722553968429565
0.16671332716941833
0.16624081134796143
0.16573944687843323
0.1652020812034607
0.16459104418754578
0.16398875415325165
0.16341516375541687
0.16290447115898132
0.16244395077228546
0.16202054917812347
0.1616697609424591
0.16136431694030762
0.1610087752342224
0.1604899764060974
0.15980559587478638
0.15918931365013123
0.1588231772184372
0.1585346758365631
0.1581563800573349
0.15767711400985718
0.15711191296577454
0.15661782026290894
0.15622089803218842
0.15588660538196564
0.15560027956962585
0.15533041954040527
0.15504123270511627
0.15464234352111816
0.1541081815958023
0.15356722474098206
0.15319208800792694
0.15293334424495697
0.15268966555595398
0.15243327617645264
0.15209166705608368
0.15165191888809204
0.15115757286548615
0.1507568508386612
0.15044580399990082
0.15019990503787994
0.15002040565013885
0.1498853713274002
0.1497206836938858
0.14940911531448364
0.1488667130470276
0.14832624793052673
0.1480555683374405
0.1479327529668808
0.14777420461177826
0.1474909484386444
0.1470707505941391
0.1466287076473236
0.1462780386209488
0.1460532248020172
0.14589807391166687
0.14578206837177277
0.1456754058599472
0.14550170302391052
0.1451132446527481
0.14459027349948883
0.14423733949661255
0.14406436681747437
0.14397352933883667
0.14385801553726196
0.14362040162086487
0.14324069023132324
0.1428033709526062
0.14249807596206665
0.1423269361257553
0.14221854507923126
0.14216747879981995
0.14212419092655182
0.14195752143859863
0.1416039913892746
0.14111608266830444
0.14077293872833252
0.14067324995994568
0.14060460031032562
0.1405053436756134
0.1402963548898697
0.139967679977417
0.13963355123996735
0.13931837677955627
0.13915091753005981
0.13905557990074158
0.13904911279678345
0.13912633061408997
0.1392005980014801
0.13894759118556976
0.13836905360221863
0.13789962232112885
0.13783778250217438
0.13793860375881195
0.13784052431583405
0.13749216496944427
0.13705703616142273
0.13678041100502014
0.1367042511701584
0.13668908178806305
0.136665940284729
0.13654664158821106
0.13634145259857178
0.13602687418460846
0.1356661170721054
0.13547922670841217
0.1353766918182373
0.13537222146987915
0.13538914918899536
0.1354164034128189
0.13526682555675507
0.13488368690013885
0.13446500897407532
0.13423943519592285
0.13426172733306885
0.13431809842586517
0.1343335509300232
0.1341313272714615
0.1337524950504303
0.13341400027275085
0.13322171568870544
0.13321152329444885
0.1331964135169983
0.13317757844924927
0.13307923078536987
0.1329174041748047
0.13271629810333252
0.13237956166267395
0.1322089284658432
0.13210254907608032
0.13215644657611847
0.13230356574058533
0.13252414762973785
0.1325041502714157
0.1320355385541916
0.13145747780799866
0.13126900792121887
0.1314104050397873
0.1314847767353058
0.13131031394004822
0.13095548748970032
0.1306096613407135
0.13045012950897217
0.1304791122674942
0.13051702082157135
0.13062627613544464
0.13066476583480835
0.13049614429473877
0.13010719418525696
0.12973251938819885
0.1296815723180771
0.12973351776599884
0.12986445426940918
0.12980735301971436
0.12956848740577698
0.12920647859573364
0.12896445393562317
0.1289464384317398
0.12891077995300293
0.12902672588825226
0.12905141711235046
0.1290346384048462
0.1288747936487198
0.1284995675086975
0.1282137781381607
0.1280616819858551
0.12824687361717224
0.1284305602312088
0.12853625416755676
0.12834931910037994
0.12782201170921326
0.12741418182849884
0.1273919939994812
0.12755067646503448
0.1276555359363556
0.1275855004787445
0.12727880477905273
0.12689003348350525
0.1266595423221588
0.12664192914962769
0.12672708928585052
0.12687599658966064
0.12702108919620514
0.12702755630016327
0.12667250633239746
0.12620200216770172
0.12610863149166107
0.12626832723617554
0.12648047506809235
0.12622906267642975
0.1259470283985138
0.12580536305904388
0.12586098909378052
0.1260296106338501
0.12562137842178345
0.12542974948883057
0.12532936036586761
0.12552493810653687
0.12597474455833435
0.1265142261981964
0.12766942381858826
0.12779879570007324
0.12678289413452148
0.12652592360973358
0.12649208307266235
0.12705683708190918
0.12645864486694336
0.12571710348129272
0.12593096494674683
0.12593024969100952
0.12582804262638092
0.12540331482887268
0.12524095177650452
0.12545205652713776
0.12519796192646027
0.1251407265663147
0.12462387979030609
0.12464982271194458
0.12488117069005966
0.12511850893497467
0.12536337971687317
0.12497851997613907
0.12476986646652222
0.12486495077610016
0.12419063597917557
0.12402426451444626
0.12390454113483429
0.12402736395597458
0.12427662312984467
0.12400667369365692
0.12394285947084427
0.12376844882965088
0.12367995083332062
0.12352688610553741
0.12305250763893127
0.12283383309841156
0.12275585532188416
0.1229374036192894
0.1233852356672287
0.12397071719169617
0.12471148371696472
0.12439948320388794
0.12310298532247543
0.12322324514389038
0.12367795407772064
0.12399576604366302
0.12326062470674515
0.12261848151683807
0.1228903979063034
0.12286365032196045
0.12264212965965271
0.12232400476932526
0.1222451776266098
0.12233707308769226
0.12189148366451263
0.12170881032943726
0.12146365642547607
0.12142914533615112
0.12147775292396545
0.12154518067836761
0.12205454707145691
0.12314824759960175
0.1250445544719696
0.12491907179355621
0.12240961194038391
0.12238379567861557
0.12335889041423798
0.12389880418777466
0.12282980978488922
0.12203920632600784
0.12237133830785751
0.1224663108587265
0.12210609018802643
0.12156889587640762
0.1213950365781784
0.12155032157897949
0.1212739422917366
0.1210765540599823
0.1206430047750473
0.12050622701644897
0.1205039769411087
0.12069612741470337
0.12144090235233307
0.12298373878002167
0.1252736747264862
0.12431061267852783
0.12141703069210052
0.12264697998762131
0.12305417656898499
0.12266966700553894
0.12168219685554504
0.1216568797826767
0.12224599719047546
0.12165859341621399
0.12106101214885712
0.12079572677612305
0.12079213559627533
0.12089831382036209
0.12037718296051025
0.12040623277425766
0.12067823112010956
0.1219983696937561
0.12405448406934738
0.12323957681655884
0.12071341276168823
0.12094676494598389
0.12170670926570892
0.12153662741184235
0.12025785446166992
0.1204536110162735
0.12096621096134186
0.12019957602024078
0.1196465939283371
0.11977265775203705
0.11967256665229797
0.11944842338562012
0.11893011629581451
0.11897699534893036
0.11922656744718552
0.11978598684072495
0.12088446319103241
0.12156032770872116
0.12056899070739746
0.1201392412185669
0.11981239914894104
0.12052063643932343
0.11988021433353424
0.11904646456241608
0.11947228014469147
0.11940121650695801
0.11906202882528305
0.11853373050689697
0.1184573769569397
0.11858552694320679
0.11826711893081665
0.11805251240730286
0.11780582368373871
0.1179814487695694
0.11862416565418243
0.1198543906211853
0.12153659760951996
0.12077248841524124
0.11857776343822479
0.11970889568328857
0.11961591988801956
0.11899605393409729
0.11844126135110855
0.11868138611316681
0.11895062029361725
0.11818672716617584
0.11782510578632355
0.11791623383760452
0.11777998507022858
0.11766355484724045
0.1172817125916481
0.11749869585037231
0.11815375834703445
0.11936631798744202
0.12063910067081451
0.11962360143661499
0.11762623488903046
0.11855772137641907
0.1185912936925888
0.11800436675548553
0.11747851222753525
0.11765514314174652
0.11788775771856308
0.11723406612873077
0.11687800288200378
0.11689190566539764
0.11682368814945221
0.11667289584875107
0.11630234122276306
0.11615674942731857
0.11612716317176819
0.1162676066160202
0.1169009804725647
0.11844253540039062
0.12086756527423859
0.12074296176433563
0.11720485240221024
0.1180298700928688
0.11883155256509781
0.11892025172710419
0.11809681355953217
0.11737024784088135
0.11784639954566956
0.1178288608789444
0.11748644709587097
0.11677104979753494
0.11663967370986938
0.11676113307476044
0.11653205752372742
0.11633475124835968
0.11595061421394348
0.11574416607618332
0.11577137559652328
0.11585204303264618
0.11664172261953354
0.11798989772796631
0.12055328488349915
0.12218815833330154
0.12005001306533813
0.11774273216724396
0.11798954010009766
0.11947120726108551
0.11811850965023041
0.11828617751598358
0.11775930225849152
0.11844125390052795
0.11775065213441849
0.11764560639858246
0.11686810851097107
0.1166413426399231
0.11653748899698257
0.11668899655342102
0.1172298938035965
0.11862227320671082
0.12092606723308563
0.12239924818277359
0.118448406457901
0.1207839697599411
0.11932819336652756
0.1202511340379715
0.11910116672515869
0.11824021488428116
0.11919732391834259
0.1183459609746933
0.11873804032802582
0.11779700964689255
0.11862600594758987
0.11985155940055847
0.12237969040870667
0.12230199575424194
0.12048696726560593
0.11839695274829865
0.12065142393112183
0.11899469792842865
0.11819702386856079
0.11786900460720062
0.11825020611286163
0.1183617115020752
0.11849263310432434
0.1183071881532669
0.12041673064231873
0.11857910454273224
0.11919783055782318
0.11685339361429214
0.11718229204416275
0.11699196696281433
0.11667148768901825
0.11676651239395142
0.1163301095366478
0.11624599248170853
0.11626120656728745
0.11693976819515228
0.11938561499118805
0.12306783348321915
0.12341362237930298
0.11741212010383606
0.11942166090011597
0.1194416806101799
0.12005692720413208
0.11867588758468628
0.11760804802179337
0.11829845607280731
0.11778818815946579
0.11744682490825653
0.11656574159860611
0.11682067811489105
0.11748790740966797
0.11929935216903687
0.12122292816638947
0.12238876521587372
0.11778704077005386
0.12000297755002975
0.11848895996809006
0.11840083450078964
0.11780225485563278
0.11718039214611053
0.11790043115615845
0.11708106845617294
0.11696863174438477
0.11614217609167099
0.11660926789045334
0.11756078898906708
0.11953267455101013
0.12070512771606445
0.11954960227012634
0.11668531596660614
0.11873597651720047
0.1173054575920105
0.11649169772863388
0.11622484028339386
0.11616364121437073
0.11632395535707474
0.11541226506233215
0.1150030791759491
0.1149909719824791
0.11480182409286499
0.11462573707103729
0.1144944429397583
0.1148153692483902
0.11647821962833405
0.11830931901931763
0.11964686214923859
0.11558785289525986
0.11545728892087936
0.11538509279489517
0.11540734022855759
0.11623814702033997
0.11524449288845062
0.11528116464614868
0.11461960524320602
0.11436212062835693
0.11404719948768616
0.11386021226644516
0.11370255798101425
0.11355924606323242
0.1137022078037262
0.11428958177566528
0.11559797078371048
0.11704299598932266
0.11577852070331573
0.11356432735919952
0.11471866071224213
0.11517958343029022
0.11452299356460571
0.1132180392742157
0.11389711499214172
0.1143331527709961
0.1134142205119133
0.11304992437362671
0.11355116218328476
0.11303237825632095
0.11269132047891617
0.11253443360328674
0.11282142251729965
0.11296316981315613
0.1129097044467926
0.11287380754947662
0.11313998699188232
0.11239468306303024
0.11215034127235413
0.11182478070259094
0.1118670105934143
0.11210846900939941
0.11200347542762756
0.1121942400932312
0.11216505616903305
0.11235162615776062
0.11242127418518066
0.11196402460336685
0.1114274263381958
0.11129392683506012
0.11161866039037704
0.11178019642829895
0.1116216629743576
0.11131267249584198
0.11124879121780396
0.11118924617767334
0.11121785640716553
0.11092869937419891
0.1108161062002182
0.11098700761795044
0.11100897192955017
0.11112082749605179
0.11087578535079956
0.11083017289638519
0.11088614165782928
0.11104242503643036
0.11103790998458862
0.1106015145778656
0.11036187410354614
0.11040891706943512
0.11042896658182144
0.11040636897087097
0.1101788580417633
0.11006119847297668
0.11009284108877182
0.11014144122600555
0.11033603549003601
0.11063385009765625
0.11155666410923004
0.11341997981071472
0.11369944363832474
0.11240603029727936
0.11084793508052826
0.11249449849128723
0.11301997303962708
0.11180788278579712
0.11168593168258667
0.11251940578222275
0.11171898990869522
0.11125103384256363
0.11144056916236877
0.11161535978317261
0.11141017824411392
0.11117541790008545
0.11120475083589554
0.11153734475374222
0.11082874238491058
0.11069007217884064
0.11064611375331879
0.1107812151312828
0.11101990938186646
0.11112967133522034
0.11121910810470581
0.11144417524337769
0.11118201166391373
0.11118184030056
0.11051134020090103
0.1106032207608223
0.11066921055316925
0.1107126921415329
0.11114099621772766
0.11072201281785965
0.11069732904434204
0.11024978011846542
0.11012782901525497
0.1100383996963501
0.10999056696891785
0.10997943580150604
0.10994794219732285
0.110136479139328
0.1101483702659607
0.1106695830821991
0.11133835464715958
0.11271929740905762
0.11477719247341156
0.11313623934984207
0.11139285564422607
0.11157628893852234
0.11318409442901611
0.11226803064346313
0.11181085556745529
0.11165028810501099
0.11247789859771729
0.11150813847780228
0.11104778200387955
0.11100903153419495
0.11123596131801605
0.11138418316841125
0.1113409548997879
0.11163759231567383
0.11321552097797394
0.11266367137432098
0.11383193731307983
0.11118079721927643
0.11181601881980896
0.11142002791166306
0.1114899218082428
0.11165367811918259
0.11179213225841522
0.1124502420425415
0.11354275047779083
0.11512573063373566
0.11649295687675476
0.1134469136595726
0.11685620993375778
0.11451271921396255
0.11655290424823761
0.11384574323892593
0.1136605367064476
0.11420297622680664
0.11353503167629242
0.11391550302505493
0.11282145977020264
0.11362441629171371
0.11576764285564423
0.12291045486927032
0.1279977560043335
0.13212180137634277
0.1198221892118454
0.1287378966808319
0.1260109394788742
0.1324954330921173
0.1256226897239685
0.12792421877384186
0.12462588399648666
0.12582987546920776
0.12740372121334076
0.13868772983551025
0.15275484323501587
0.14970244467258453
0.13702911138534546
0.1470063030719757
0.14167657494544983
0.14739671349525452
0.14181378483772278
0.1444648802280426
0.14086557924747467
0.14534516632556915
0.14773060381412506
0.14196522533893585
0.13596469163894653
0.13634967803955078
0.13429397344589233
0.13580453395843506
0.1305685043334961
0.12864580750465393
0.12905484437942505
0.12860120832920074
0.13546642661094666
0.139397993683815
0.14472559094429016
0.1362912952899933
0.13189460337162018
0.13245169818401337
0.13242514431476593
0.1314878910779953
0.12923499941825867
0.12798045575618744
0.12595604360103607
0.1266878843307495
0.12395195662975311
0.1236889436841011
0.12178517878055573
0.12194101512432098
0.12333257496356964
0.12845756113529205
0.1336333155632019
0.12812399864196777
0.12268130481243134
0.1267022341489792
0.12199704349040985
0.12149207293987274
0.12133416533470154
0.12042070925235748
0.11953683197498322
0.11922773718833923
0.11839286237955093
0.11964814364910126
0.1191139817237854
0.12073417007923126
0.12026042491197586
0.11926991492509842
0.11649419367313385
0.1157742440700531
0.11665548384189606
0.11651791632175446
0.11581940203905106
0.11460386216640472
0.11481259018182755
0.11440370976924896
0.11393193900585175
0.11310990154743195
0.11285215616226196
0.11306436359882355
0.11265694350004196
0.11295713484287262
0.11355095356702805
0.11551902443170547
0.11738265305757523
0.11466611921787262
0.1119825690984726
0.11310595273971558
0.11284662783145905
0.11174683272838593
0.11197066307067871
0.11199647188186646
0.111422598361969
0.11095890402793884
0.11099208891391754
0.11096703261137009
0.11055924743413925
0.11022127419710159
0.11025034636259079
0.11025358736515045
0.1103857234120369
0.11026491969823837
0.11076207458972931
0.11152949184179306
0.11145102977752686
0.11034951359033585
0.10942890495061874
0.11006542295217514
0.11042451113462448
0.10958436131477356
0.10931725054979324
0.10973512381315231
0.1093621701002121
0.10887857526540756
0.10896436870098114
0.1090119481086731
0.10875953733921051
0.10849552601575851
0.10849601030349731
0.10854016244411469
0.10833500325679779
0.10817641019821167
0.10813204944133759
0.10826599597930908
0.10858622938394547
0.10907606780529022
0.10975693166255951
0.10971800237894058
0.10868798941373825
0.10846839100122452
0.10877809673547745
0.10890072584152222
0.10853654891252518
0.10820496827363968
0.10841479897499084
0.10842293500900269
0.10818822681903839
0.10797008126974106
0.10793504118919373
0.10804251581430435
0.10786347091197968
0.10767018795013428
0.10758543759584427
0.10757952183485031
0.10763967782258987
0.10756799578666687
0.10755883157253265
0.10761920362710953
0.10800392925739288
0.10868354141712189
0.10878100246191025
0.10823267698287964
0.10740724205970764
0.10770989954471588
0.10818995535373688
0.10760772228240967
0.10727215558290482
0.1075640469789505
0.10753995180130005
0.10723084211349487
0.1070944219827652
0.10721851885318756
0.10723012685775757
0.10700267553329468
0.10686695575714111
0.10691326856613159
0.10693074762821198
0.10688748955726624
0.10676129907369614
0.10669616609811783
0.10671205073595047
0.10690658539533615
0.1074318066239357
0.10836870223283768
0.10961385071277618
0.10921444743871689
0.10762771219015121
0.10804930329322815
0.10872684419155121
0.10863277316093445
0.10777647793292999
0.1077735498547554
0.10828003287315369
0.10792423784732819
0.10749176144599915
0.10739479959011078
0.10758949816226959
0.10753776878118515
0.10714299231767654
0.10709548741579056
0.10723569244146347
0.10714740306138992
0.1071358323097229
0.10705158859491348
0.10738444328308105
0.10808730125427246
0.1084502786397934
0.10830114781856537
0.10743305087089539
0.1071787178516388
0.10774414241313934
0.10747937113046646
0.10698089748620987
0.10696753859519958
0.10719649493694305
0.10715721547603607
0.10674326866865158
0.10667704045772552
0.10679784417152405
0.10677337646484375
0.1066930890083313
0.10665266215801239
0.10676205903291702
0.1071162298321724
0.10710923373699188
0.10707240551710129
0.10670225322246552
0.10675673931837082
0.10691605508327484
0.10682022571563721
0.10662883520126343
0.10637567937374115
0.10641992092132568
0.10657943040132523
0.10667739808559418
0.10689754784107208
0.10725133121013641
0.10771136730909348
0.1078580915927887
0.10683272778987885
0.10664364695549011
0.10675165057182312
0.10706347972154617
0.10741458088159561
0.1072293221950531
0.10709147155284882
0.10668757557868958
0.10650987923145294
0.10652795433998108
0.10662715137004852
0.10684198141098022
0.10696500539779663
0.10714355856180191
0.10686595737934113
0.10660819709300995
0.10626961290836334
0.10626889765262604
0.10640278458595276
0.10653848946094513
0.10684562474489212
0.10720556229352951
0.1072845458984375
0.10701476782560349
0.10644536465406418
0.10646034777164459
0.10688260197639465
0.10728722810745239
0.10702672600746155
0.10662943124771118
0.10625167936086655
0.10655169188976288
0.10682135820388794
0.10683821141719818
0.1065504252910614
0.10623713582754135
0.10616562515497208
0.10624349117279053
0.10642413794994354
0.10633712261915207
0.10615551471710205
0.10589037835597992
0.10585542768239975
0.10593007504940033
0.10592956840991974
0.10593979060649872
0.10586116462945938
0.1057719886302948
0.10565059632062912
0.10574924945831299
0.1062508150935173
0.10769028216600418
0.11113832145929337
0.11232583969831467
0.10992991924285889
0.1085234135389328
0.11070045828819275
0.11380600184202194
0.11001072824001312
0.1101609393954277
0.11179687082767487
0.11183322966098785
0.1106625497341156
0.11219291388988495
0.11089454591274261
0.11328300833702087
0.11040403693914413
0.11237573623657227
0.11353295296430588
0.11750132590532303
0.11737777292728424
0.11887802183628082
0.11352872103452682
0.11969936639070511
0.11533081531524658
0.11700896918773651
0.11446420103311539
0.11483832448720932
0.11449462175369263
0.1167149767279625
0.1199868842959404
0.1260354071855545
0.12248952686786652
0.12976451218128204
0.12021856009960175
0.12846265733242035
0.12238891422748566
0.123927541077137
0.12140265107154846
0.12083398550748825
0.12058185040950775
0.1204894483089447
0.12782129645347595
0.13865254819393158
0.14532478153705597
0.12941856682300568
0.13306301832199097
0.13051839172840118
0.13359296321868896
0.13061591982841492
0.13248951733112335
0.12679018080234528
0.12657073140144348
0.12425285577774048
0.12292833626270294
0.12210942804813385
0.12202997505664825
0.1261027604341507
0.13843083381652832
0.14996905624866486
0.15507391095161438
0.13799366354942322
0.15430885553359985
0.14247021079063416
0.14686769247055054
0.14034314453601837
0.13954773545265198
0.13732995092868805
0.1362106204032898
0.13695082068443298
0.14263348281383514
0.15255990624427795
0.1417822241783142
0.1330907642841339
0.13943138718605042
0.13205203413963318
0.13091695308685303
0.1280985176563263
0.12689180672168732
0.12642236053943634
0.12542062997817993
0.12553630769252777
0.13020972907543182
0.13153964281082153
0.13435152173042297
0.12284214794635773
0.12405627965927124
0.12277188897132874
0.1224314272403717
0.12306295335292816
0.12232150137424469
0.12281911820173264
0.12106314301490784
0.12062671780586243
0.11816250532865524
0.11927139759063721
0.11733341217041016
0.11696739494800568
0.11603359878063202
0.11545775830745697
0.11700741946697235
0.11702626943588257
0.11861462891101837
0.11616617441177368
0.11549998074769974
0.11380356550216675
0.11309720575809479
0.11402818560600281
0.1137188971042633
0.11381056904792786
0.11264804750680923
0.11204557120800018
0.11139567941427231
0.11152450740337372
0.11118572950363159
0.11086318641901016
0.1106579452753067
0.11040589213371277
0.11089856177568436
0.11075085401535034
0.11080575734376907
0.10959964990615845
0.1094563826918602
0.10939043015241623
0.10921590775251389
0.10906793177127838
0.10849809646606445
0.1082664430141449
0.10826828330755234
0.10812386125326157
0.1080092042684555
0.10775537043809891
0.10756690800189972
0.1074422299861908
0.10767438262701035
0.10873109102249146
0.11124502867460251
0.1160089448094368
0.11270750313997269
0.10855862498283386
0.11061089485883713
0.110190749168396
0.10877832770347595
0.1090397834777832
0.10938351601362228
0.1088634580373764
0.10830719023942947
0.10842069983482361
0.10848376154899597
0.10802847146987915
0.10764004290103912
0.10770085453987122
0.10757298022508621
0.1074003204703331
0.10708972066640854
0.10705702006816864
0.10720203816890717
0.10744676738977432
0.10776148736476898
0.10776638239622116
0.10725470632314682
0.10695453733205795
0.10677221417427063
0.10690662264823914
0.10678113251924515
0.1065284013748169
0.10654507577419281
0.10638825595378876
0.10626199841499329
0.10614033788442612
0.10612675547599792
0.10621972382068634
0.10607139021158218
0.10594093799591064
0.10574790090322495
0.10572391748428345
0.10577969998121262
0.10578013211488724
0.10576725751161575
0.10569555312395096
0.10578561574220657
0.10608546435832977
0.106382355093956
0.10634458065032959
0.10570129752159119
0.10540477931499481
0.10556426644325256
0.10570283979177475
0.10569894313812256
0.10542804002761841
0.10538534820079803
0.10549239069223404
0.10556092858314514
0.10555689036846161
0.10527735203504562
0.1051960289478302
0.10535679012537003
0.10550159960985184
0.10568273067474365
0.10574164986610413
0.10586105287075043
0.10604141652584076
0.10576868057250977
0.10537731647491455
0.10517588257789612
0.1055651307106018
0.10580136626958847
0.10542313754558563
0.10503534972667694
0.105069100856781
0.10518646240234375
0.1051924079656601
0.10501287877559662
0.10491842031478882
0.10502272099256516
0.1049838438630104
0.10489252209663391
0.10468786954879761
0.10466786473989487
0.10473902523517609
0.10476968437433243
0.1048307791352272
0.10493181645870209
0.10538145154714584
0.10618315637111664
0.10705020278692245
0.10643996298313141
0.10503774881362915
0.10512873530387878
0.10579828917980194
0.10577386617660522
0.1055438220500946
0.1051662340760231
0.10517172515392303
0.10538820922374725
0.10531941801309586
0.10527531802654266
0.10502111911773682
0.10494490712881088
0.10494150966405869
0.10495150089263916
0.10509689897298813
0.10519345849752426
0.10527726262807846
0.10512170195579529
0.10530253499746323
0.10583441704511642
0.10650576651096344
0.10666288435459137
0.10542993247509003
0.10501891374588013
0.10535426437854767
0.10557116568088531
0.10573475807905197
0.10524847358465195
0.10521245002746582
0.10531122982501984
0.10539133846759796
0.10570748150348663
0.10542123019695282
0.10512346029281616
0.10484988987445831
0.1049165427684784
0.10504607856273651
0.1050446629524231
0.10552700608968735
0.10635452717542648
0.10785683989524841
0.10998694598674774
0.10741265118122101
0.10548080503940582
0.10659687221050262
0.1068851426243782
0.1059078723192215
0.10592502355575562
0.10613171756267548
0.10618318617343903
0.1057824194431305
0.10542327165603638
0.10539492964744568
0.1056089699268341
0.10549690574407578
0.10527170449495316
0.10537167638540268
0.10565062612295151
0.10546059906482697
0.10553912818431854
0.1050850972533226
0.10497155785560608
0.10508381575345993
0.10516216605901718
0.10513120889663696
0.10500958561897278
0.10496202111244202
0.1048789769411087
0.10490426421165466
0.10518229007720947
0.10498528927564621
0.10481986403465271
0.10461210459470749
0.10458792746067047
0.10461939126253128
0.10472062230110168
0.10483726859092712
0.10465402901172638
0.10466396808624268
0.10488585382699966
0.1052163690328598
0.10568255186080933
0.10537990927696228
0.10489371418952942
0.10437137633562088
0.10455721616744995
0.10482776165008545
0.10470462590456009
0.1048535630106926
0.10480712354183197
0.10489358007907867
0.10527478903532028
0.10548149049282074
0.10537337511777878
0.10453984886407852
0.10440853238105774
0.10467410832643509
0.10471168160438538
0.10478215664625168
0.10474066436290741
0.10482005774974823
0.10546278953552246
0.10547743737697601
0.10513114929199219
0.10450305789709091
0.10466032475233078
0.10475587844848633
0.10465651750564575
0.10470619052648544
0.10443100333213806
0.10430242121219635
0.10438740253448486
0.10444563627243042
0.10478376597166061
0.10557141900062561
0.10699178278446198
0.10892146825790405
0.10772756487131119
0.10580167919397354
0.10555556416511536
0.1072540208697319
0.10710027068853378
0.10636603087186813
0.10588181763887405
0.10691816359758377
0.10638163238763809
0.10599327087402344
0.1055382490158081
0.10574952512979507
0.10630807280540466
0.10690231621265411
0.10749078541994095
0.1088729053735733
0.10776476562023163
0.10927209258079529
0.10701040923595428
0.10812295228242874
0.10707399994134903
0.10672134160995483
0.10753397643566132
0.10716694593429565
0.10890474915504456
0.10883308202028275
0.11237595975399017
0.11246736347675323
0.11474935710430145
0.11101926118135452
0.10982919484376907
0.11004206538200378
0.11127111315727234
0.11071327328681946
0.10957390815019608
0.10923877358436584
0.1091131940484047
0.11061035841703415
0.10967782139778137
0.113352932035923
0.11307815462350845
0.12098509073257446
0.12051931023597717
0.1204553171992302
0.1132110208272934
0.11784414947032928
0.11714425683021545
0.12131218612194061
0.11559826135635376
0.11847710609436035
0.11808766424655914
0.12758871912956238
0.1323678195476532
0.13457262516021729
0.12252838909626007
0.1322050243616104
0.12644344568252563
0.13295185565948486
0.12618035078048706
0.12891222536563873
0.12526999413967133
0.13235019147396088
0.14231771230697632
0.14575906097888947
0.13468539714813232
0.1369658261537552
0.13416512310504913
0.14297956228256226
0.13183315098285675
0.13085544109344482
0.12887513637542725
0.12681041657924652
0.12764976918697357
0.125470370054245
0.13361436128616333
0.14483991265296936
0.1557355523109436
0.1400446891784668
0.139737069606781
0.1380823850631714
0.14175693690776825
0.13559144735336304
0.13567811250686646
0.13082849979400635
0.129598468542099
0.1278432458639145
0.12718603014945984
0.12942498922348022
0.13668279349803925
0.14503741264343262
0.14168491959571838
0.13009369373321533
0.14095786213874817
0.12989096343517303
0.13068720698356628
0.12770095467567444
0.12642373144626617
0.1259573996067047
0.1245085746049881
0.1246233880519867
0.1289437711238861
0.13299085199832916
0.13730402290821075
0.12328671663999557
0.12579064071178436
0.12359051406383514
0.12453456223011017
0.12341432273387909
0.12154155969619751
0.12109778821468353
0.1194852739572525
0.12144735455513
0.11859846115112305
0.1204579770565033
0.1184229627251625
0.11985091865062714
0.1189562976360321
0.11624589562416077
0.11423400789499283
0.114555224776268
0.11440346390008926
0.11359725147485733
0.11290976405143738
0.11229025572538376
0.11313974857330322
0.11250513046979904
0.11294951289892197
0.11185750365257263
0.11327455192804337
0.11382517218589783
0.11178859323263168
0.11010804027318954
0.11053327471017838
0.11025983840227127
0.10964437574148178
0.10907113552093506
0.10910077393054962
0.10908927768468857
0.10817672312259674
0.10807065665721893
0.10820671916007996
0.10845684260129929
0.10919684171676636
0.11011147499084473
0.10999548435211182
0.10963979363441467
0.10762711614370346
0.1077788695693016
0.10813342034816742
0.1077723354101181
0.10781581699848175
0.10703102499246597
0.10685677081346512
0.10690051317214966
0.10680481046438217
0.1069226935505867
0.10693147033452988
0.1069713905453682
0.10667572170495987
0.10640542209148407
0.10598307847976685
0.10577242076396942
0.10576806962490082
0.10571944713592529
0.10582906752824783
0.10584527254104614
0.10587702691555023
0.10579882562160492
0.10557021200656891
0.10530301928520203
0.10510072112083435
0.10509803891181946
0.10514761507511139
0.10529595613479614
0.10531862825155258
0.10513037443161011
0.10481119155883789
0.10458366572856903
0.10457596927881241
0.10466098040342331
0.10477335005998611
0.10480820387601852
0.1046861857175827
0.1044192835688591
0.1042596697807312
0.10419005155563354
0.10420263558626175
0.10431591421365738
0.104405477643013
0.1044682115316391
0.10444366931915283
0.10431069880723953
0.10411390662193298
0.10407470911741257
0.10417428612709045
0.10415886342525482
0.10416927188634872
0.10405609011650085
0.10406297445297241
0.10418206453323364
0.10436087846755981
0.1044580489397049
0.10408958792686462
0.10382431745529175
0.10383279621601105
0.10390164703130722
0.10391446202993393
0.10373769700527191
0.10361125320196152
0.10360383987426758
0.1036587655544281
0.10365543514490128
0.10353315621614456
0.10351487994194031
0.10361021757125854
0.10403187572956085
0.1053013950586319
0.10691775381565094
0.10851752758026123
0.10591306537389755
0.10485906898975372
0.10660044848918915
0.10562671720981598
0.10481253266334534
0.10521729290485382
0.1052701398730278
0.10482892394065857
0.10461972653865814
0.10470208525657654
0.10473768413066864
0.10436750948429108
0.10417096316814423
0.10423398017883301
0.10418155789375305
0.10404382646083832
0.10390617698431015
0.10381722450256348
0.10379374772310257
0.1038321703672409
0.10396577417850494
0.10403695702552795
0.10447153449058533
0.10506394505500793
0.10554538667201996
0.105549156665802
0.10441916435956955
0.1041681319475174
0.1047632098197937
0.10479224473237991
0.10407093912363052
0.1038835272192955
0.10416370630264282
0.10425291955471039
0.10402990877628326
0.10370340943336487
0.10372950881719589
0.10383006185293198
0.10386002063751221
0.10368557274341583
0.10350216180086136
0.10340025275945663
0.10339831560850143
0.10348277539014816
0.10345593094825745
0.10344009101390839
0.10333103686571121
0.1033884733915329
0.10365812480449677
0.10429206490516663
0.10525697469711304
0.10505824536085129
0.10398929566144943
0.10352026671171188
0.10420569032430649
0.1044890284538269
0.1036723256111145
0.10349801182746887
0.1039392501115799
0.10375989973545074
0.10335687547922134
0.1033221110701561
0.103499636054039
0.10347621142864227
0.10321149975061417
0.103112131357193
0.10318255424499512
0.10320309549570084
0.10321048647165298
0.10310006141662598
0.10310961306095123
0.10328755527734756
0.10381725430488586
0.10452885925769806
0.10465051233768463
0.10400117933750153
0.10337793081998825
0.10367666929960251
0.10426761955022812
0.10380113124847412
0.10324038565158844
0.1033526137471199
0.10363723337650299
0.1035366803407669
0.10315807163715363
0.10308773815631866
0.10325844585895538
0.10325833410024643
0.10313810408115387
0.10293711721897125
0.10289081186056137
0.10295669734477997
0.10304389148950577
0.10313250869512558
0.10329130291938782
0.10366393625736237
0.10424524545669556
0.10428027808666229
0.10404649376869202
0.10320235043764114
0.10342834889888763
0.1037546694278717
0.10391009598970413
0.10439892113208771
0.10416154563426971
0.10399547219276428
0.10372888296842575
0.10358632355928421
0.10366924107074738
0.1037260890007019
0.10421352833509445
0.1043584868311882
0.10449656844139099
0.1041419506072998
0.10399158298969269
0.10380172729492188
0.10372409224510193
0.1041451171040535
0.10398276895284653
0.10429461300373077
0.10431279987096786
0.10441312193870544
0.1041906550526619
0.10383474081754684
0.1037248820066452
0.10368482768535614
0.10399506986141205
0.1041635125875473
0.10463006049394608
0.10431206226348877
0.10400990396738052
0.10356565564870834
0.10343559086322784
0.10347256064414978
0.1036323755979538
0.10384660959243774
0.10399533808231354
0.10410146415233612
0.10382062196731567
0.10353618860244751
0.1032068133354187
0.1031724214553833
0.10334302484989166
0.10354030877351761
0.10362721234560013
0.10373653471469879
0.10343841463327408
0.10305620729923248
0.10301368683576584
0.10320916771888733
0.10350819677114487
0.10349024832248688
0.10351014137268066
0.10319152474403381
0.10355858504772186
0.10464151203632355
0.10558835417032242
0.10620195418596268
0.10474283248186111
0.10395888984203339
0.10506676882505417
0.10481936484575272
0.10430818051099777
0.10374689102172852
0.10409019887447357
0.10448682308197021
0.10401581972837448
0.10368175059556961
0.10382703691720963
0.10390425473451614
0.1044311672449112
0.10451026260852814
0.10494711995124817
0.10521843284368515
0.10640577971935272
0.10629144310951233
0.10482975840568542
0.1041669175028801
0.10458071529865265
0.10487699508666992
0.10488371551036835
0.10440373420715332
0.10417340695858002
0.1048966497182846
0.1048077791929245
0.10510478168725967
0.10438841581344604
0.10480436682701111
0.10569997131824493
0.10729844868183136
0.10799966752529144
0.10694657266139984
0.10525599867105484
0.10708259046077728
0.10657049715518951
0.1068778932094574
0.1052074134349823
0.10625556111335754
0.10761800408363342
0.10996736586093903
0.11073034256696701
0.11336556077003479
0.10789575427770615
0.11426723748445511
0.1100977212190628
0.11249782890081406
0.10945116728544235
0.11080263555049896
0.11095567047595978
0.11561530828475952
0.12040287256240845
0.12701158225536346
0.11712497472763062
0.1267717033624649
0.11916477978229523
0.12820656597614288
0.12088533490896225
0.1228230893611908
0.11989189684391022
0.11949121952056885
0.12107101082801819
0.1245536357164383
0.14137470722198486
0.1482021063566208
0.15467026829719543
0.13927969336509705
0.15169203281402588
0.14552444219589233
0.15517070889472961
0.14963945746421814
0.15794795751571655
0.1567486971616745
0.15814827382564545
0.15219788253307343
0.14386239647865295
0.14255425333976746
0.13995805382728577
0.14129534363746643
0.14672015607357025
0.1480090171098709
0.14177365601062775
0.14339326322078705
0.13684767484664917
0.1453251838684082
0.13557009398937225
0.13622617721557617
0.13025139272212982
0.12890499830245972
0.12943673133850098
0.12550139427185059
0.12757691740989685
0.1294664591550827
0.14866578578948975
0.16461235284805298
0.1527988314628601
0.14174306392669678
0.1512472778558731
0.14282862842082977
0.1473008394241333
0.13834969699382782
0.1388653814792633
0.1359221488237381
0.1385076344013214
0.14288091659545898
0.1429337114095688
0.13587471842765808
0.13419578969478607
0.1318996548652649
0.13658678531646729
0.12772038578987122
0.12541884183883667
0.12580139935016632
0.12322594970464706
0.12185633182525635
0.11994824558496475
0.1189306378364563
0.11982250213623047
0.12069136649370193
0.1301126778125763
0.13881433010101318
0.13743856549263
0.12170208245515823
0.1246030330657959
0.12529593706130981
0.12525266408920288
0.12219308316707611
0.12055011093616486
0.12061972916126251
0.11888173222541809
0.1186041533946991
0.11674247682094574
0.11723382771015167
0.1187402755022049
0.12353868782520294
0.12681922316551208
0.12286515533924103
0.11709080636501312
0.12037136405706406
0.1165340393781662
0.11602307856082916
0.11590331047773361
0.11530482769012451
0.1143314316868782
0.1139693334698677
0.11325059831142426
0.11364316195249557
0.11212579905986786
0.1131741926074028
0.11352242529392242
0.11321353167295456
0.11159249395132065
0.1107407808303833
0.11029507219791412
0.11047495901584625
0.10954876244068146
0.10908089578151703
0.10922406613826752
0.10877370089292526
0.10874681174755096
0.10800988972187042
0.10835977643728256
0.10900498926639557
0.1092412918806076
0.10921457409858704
0.10831530392169952
0.10733332484960556
0.10762861371040344
0.106987863779068
0.10667864978313446
0.10693120956420898
0.10651132464408875
0.10637915134429932
0.10594522953033447
0.10578279197216034
0.1058267280459404
0.10571010410785675
0.10554662346839905
0.10564712435007095
0.10602714866399765
0.10680307447910309
0.10702215880155563
0.10677650570869446
0.1055954098701477
0.1052035540342331
0.10561571270227432
0.10570287704467773
0.10565046966075897
0.10507815331220627
0.10483532398939133
0.10494416952133179
0.10494941473007202
0.10501568019390106
0.10476315021514893
0.1045520007610321
0.10436125099658966
0.10426013171672821
0.10425381362438202
0.10421571880578995
0.1043051928281784
0.10438289493322372
0.10451069474220276
0.10456688702106476
0.10430939495563507
0.10388801991939545
0.10367295145988464
0.10379078984260559
0.10397094488143921
0.10400338470935822
0.10385554283857346
0.10359086841344833
0.10343962907791138
0.10351422429084778
0.10356786102056503
0.10356779396533966
0.10348144173622131
0.10340242087841034
0.10341008007526398
0.10340315848588943
0.10338436812162399
0.10316138714551926
0.10304887592792511
0.10305526852607727
0.1031026840209961
0.10320961475372314
0.10333088040351868
0.1036870926618576
0.10445395112037659
0.10500048100948334
0.10503554344177246
0.1034366711974144
0.10355447977781296
0.10447695851325989
0.1037067323923111
0.1032792329788208
0.10370427370071411
0.10351725667715073
0.10317055881023407
0.10317884385585785
0.10328663885593414
0.10318432748317719
0.10292817652225494
0.10291249305009842
0.10301399230957031
0.10290899127721786
0.10276536643505096
0.1027221828699112
0.10273031890392303
0.10277799516916275
0.1028047576546669
0.10294527560472488
0.10328970849514008
0.10411399602890015
0.10531923174858093
0.10486818850040436
0.10341905802488327
0.10310181230306625
0.10403856635093689
0.1041218489408493
0.1033777967095375
0.10334700345993042
0.1038304939866066
0.10346274077892303
0.10304638743400574
0.10315808653831482
0.10329355299472809
0.103131964802742
0.1028713807463646
0.10284104198217392
0.10297513753175735
0.10286526381969452
0.10271161794662476
0.10259616374969482
0.10258360207080841
0.102632537484169
0.1026725023984909
0.1027488112449646
0.10295911133289337
0.10344362258911133
0.10389305651187897
0.10356873273849487
0.10306990891695023
0.1026553139090538
0.10289450734853745
0.10324284434318542
0.10321280360221863
0.10305304825305939
0.1027698963880539
0.10272608697414398
0.10283800959587097
0.10281845927238464
0.10287660360336304
0.10272979736328125
0.1026836484670639
0.10273054242134094
0.10290171205997467
0.10310154408216476
0.10297233611345291
0.10273272544145584
0.10244224220514297
0.10245080292224884
0.10263162851333618
0.10253912955522537
0.10238458216190338
0.10224571824073792
0.10233601927757263
0.10253851860761642
0.10285571962594986
0.10362794995307922
0.1044192761182785
0.1048942506313324
0.10420544445514679
0.10309363156557083
0.10385001450777054
0.10419200360774994
0.10380546748638153
0.10330147296190262
0.10333193093538284
0.1038239598274231
0.10348271578550339
0.10308265686035156
0.10297396779060364
0.1030416265130043
0.10315700620412827
0.10290469974279404
0.10267230123281479
0.10259252786636353
0.10268406569957733
0.10281164199113846
0.10291124135255814
0.10335575044155121
0.10415999591350555
0.10480615496635437
0.10467822104692459
0.10303471237421036
0.1030622199177742
0.10361551493406296
0.10398666560649872
0.10408064723014832
0.10332629829645157
0.10301929712295532
0.10305982083082199
0.10316156595945358
0.10340122878551483
0.10341724008321762
0.10337137430906296
0.10295659303665161
0.10277017951011658
0.10266469419002533
0.102719247341156
0.10285457223653793
0.103202223777771
0.1033506914973259
0.10335086286067963
0.10292582958936691
0.10278491675853729
0.10305748879909515
0.10312340408563614
0.10313349217176437
0.10247913002967834
0.10238455981016159
0.10263913869857788
0.10263427346944809
0.10251594334840775
0.10233844816684723
0.10240481048822403
0.10274273157119751
0.10330422222614288
0.10450101643800735
0.10577903687953949
0.10575079917907715
0.10463543236255646
0.10352671146392822
0.10461883991956711
0.10528116673231125
0.10506144911050797
0.10352373868227005
0.10409635305404663
0.1043686717748642
0.10436048358678818
0.10385327786207199
0.1034185141324997
0.1034349575638771
0.10357752442359924
0.10362374037504196
0.10319532454013824
0.10297071933746338
0.10286372900009155
0.10281064361333847
0.10287945717573166
0.10308894515037537
0.10373672097921371
0.1050986796617508
0.10682452470064163
0.10739810764789581
0.10410313308238983
0.10489609092473984
0.10572334378957748
0.10660028457641602
0.10553676635026932
0.1045035719871521
0.10511840879917145
0.10514765977859497
0.10556969791650772
0.10442929714918137
0.10441938042640686
0.10525582730770111
0.10663068294525146
0.10767564177513123
0.10823895782232285
0.10600031167268753
0.10799572616815567
0.10650934278964996
0.1068175658583641
0.10517216473817825
0.10523821413516998
0.10599354654550552
0.10547913610935211
0.10525980591773987
0.10505561530590057
0.10498180985450745
0.10664020478725433
0.10799618065357208
0.11252041906118393
0.11010907590389252
0.1128895953297615
0.10876637697219849
0.10897757858037949
0.10799194872379303
0.10804491490125656
0.10893554985523224
0.10881523787975311
0.10987257957458496
0.11069972068071365
0.11247114837169647
0.10927825421094894
0.1136515736579895
0.10911408066749573
0.11239862442016602
0.11016768962144852
0.11006239056587219
0.11013104766607285
0.11015315353870392
0.11448532342910767
0.11206020414829254
0.11827923357486725
0.11161689460277557
0.11541202664375305
0.11188134551048279
0.11197759211063385
0.11075500398874283
0.11062822490930557
0.10988511890172958
0.11023654043674469
0.10950387269258499
0.11031264066696167
0.10907630622386932
0.10937870293855667
0.10806123167276382
0.11096686124801636
0.11886373162269592
0.12735848128795624
0.12254513800144196
0.12083984911441803
0.11894151568412781
0.12762321531772614
0.11875176429748535
0.1223764717578888
0.11892886459827423
0.12329032272100449
0.12499916553497314
0.13053292036056519
0.12345678359270096
0.13032686710357666
0.12162842601537704
0.1277899146080017
0.12156650424003601
0.12404517829418182
0.12007027864456177
0.1199292466044426
0.11868785321712494
0.11921249330043793
0.12655280530452728
0.1380472481250763
0.14657321572303772
0.12618909776210785
0.1338968575000763
0.1297120898962021
0.13640141487121582
0.13066941499710083
0.13209505379199982
0.12666910886764526
0.12601259350776672
0.12856024503707886
0.12834692001342773
0.13926273584365845
0.13604101538658142
0.13960856199264526
0.12727764248847961
0.12762242555618286
0.126409113407135
0.1279834657907486
0.12549953162670135
0.12462320178747177
0.12224197387695312
0.12069648504257202
0.12498296052217484
0.12289461493492126
0.13113227486610413
0.12340885400772095
0.12893840670585632
0.12521852552890778
0.12197631597518921
0.11953426152467728
0.11854703724384308
0.1196410208940506
0.11932346224784851
0.12039454281330109
0.11874543130397797
0.1216927021741867
0.11589659005403519
0.11790208518505096
0.1145569309592247
0.11424007266759872
0.11469493806362152
0.11473845690488815
0.11870734393596649
0.11795344203710556
0.11996631324291229
0.11305785179138184
0.11299372464418411
0.11254996061325073
0.11256348341703415
0.11333318054676056
0.11241444200277328
0.11205505579710007
0.11060361564159393
0.1107485294342041
0.11004067212343216
0.11047732084989548
0.10909950733184814
0.1083979532122612
0.1079239770770073
0.10771958529949188
0.10798080265522003
0.10793772339820862
0.11001797765493393
0.11414738744497299
0.1172223761677742
0.11355668306350708
0.1089555025100708
0.11200311779975891
0.1126985251903534
0.10938198864459991
0.11093638837337494
0.1118801012635231
0.10844835638999939
0.11006490886211395
0.11045628786087036
0.10802456736564636
0.10906636714935303
0.10929358005523682
0.10702595114707947
0.10813365131616592
0.10852061212062836
0.10733230412006378
0.1075635552406311
0.10788194090127945
0.10620784014463425
0.10646026581525803
0.10651680827140808
0.10594947636127472
0.10563671588897705
0.10565569251775742
0.10535899549722672
0.10517887771129608
0.1048809289932251
0.10520626604557037
0.1053936630487442
0.10546663403511047
0.10543237626552582
0.10537698864936829
0.10440234839916229
0.10420824587345123
0.10416977852582932
0.10420666635036469
0.10444124788045883
0.1040816456079483
0.1039290577173233
0.1037430614233017
0.10359808802604675
0.1034865528345108
0.10340151190757751
0.1032847911119461
0.10312120616436005
0.10308749973773956
0.1030724048614502
0.10321804136037827
0.10376819968223572
0.10470633953809738
0.1059018075466156
0.10495935380458832
0.10324200987815857
0.10354972630739212
0.10423415154218674
0.10377117991447449
0.10310772061347961
0.10343723744153976
0.10371779650449753
0.10314416140317917
0.10290458798408508
0.10310928523540497
0.10304933041334152
0.10278861969709396
0.10264922678470612
0.10266071557998657
0.10270421952009201
0.10252553224563599
0.10234743356704712
0.10231876373291016
0.10234107822179794
0.10232201218605042
0.10223886370658875
0.10217462480068207
0.10217468440532684
0.10231590270996094
0.1027401015162468
0.10326676070690155
0.10364208370447159
0.1034775823354721
0.10291457176208496
0.1026650220155716
0.102813221514225
0.10298486053943634
0.10264483094215393
0.10247110575437546
0.10247364640235901
0.10246093571186066
0.10252485424280167
0.10239328444004059
0.10233210027217865
0.10227604955434799
0.1022007167339325
0.10212493687868118
0.10200680047273636
0.10197929292917252
0.10200367122888565
0.10212347656488419
0.10236041992902756
0.10265397280454636
0.10287223756313324
0.10255400836467743
0.10209403932094574
0.10201090574264526
0.1022522896528244
0.1024535596370697
0.10214506089687347
0.101834237575531
0.10187646746635437
0.10200038552284241
0.10199704766273499
0.10181380063295364
0.10169855505228043
0.10168782621622086
0.10173150897026062
0.10176524519920349
0.10166241973638535
0.10157811641693115
0.10157789289951324
0.10176071524620056
0.10216992348432541
0.10278160870075226
0.10370561480522156
0.10336151719093323
0.10232330113649368
0.10232080519199371
0.10289986431598663
0.10308477282524109
0.10236985236406326
0.1021326407790184
0.10248728096485138
0.10243820399045944
0.10212163627147675
0.10191693156957626
0.10206086933612823
0.10217059403657913
0.10190893709659576
0.1017332524061203
0.10178148746490479
0.10181769728660583
0.10182616859674454
0.1017313301563263
0.10175101459026337
0.10189027339220047
0.10236503183841705
0.10315494239330292
0.10326824337244034
0.10271339118480682
0.10198546200990677
0.10217028111219406
0.1027507483959198
0.10235150158405304
0.10182787477970123
0.10193401575088501
0.102187879383564
0.1020832285284996
0.10170343518257141
0.10166861116886139
0.10184824466705322
0.1017976701259613
0.10164081305265427
0.10151585191488266
0.10151901096105576
0.1016349047422409
0.10168994963169098
0.10178139805793762
0.10179831087589264
0.10222475975751877
0.10306822508573532
0.10343648493289948
0.10305948555469513
0.10185450315475464
0.10203633457422256
0.10273777693510056
0.1022397056221962
0.10174362361431122
0.10200349986553192
0.10215599834918976
0.10192525386810303
0.10161833465099335
0.10168418288230896
0.10188750922679901
0.10187406837940216
0.10175251215696335
0.10181385278701782
0.10196159034967422
0.10221173614263535
0.10185828059911728
0.1015833243727684
0.1014677882194519
0.10161100327968597
0.101747065782547
0.10166765004396439
0.10161810368299484
0.1017354279756546
0.10221081227064133
0.1030750498175621
0.10345398634672165
0.10329118371009827
0.10225402563810349
0.10210753232240677
0.10248207300901413
0.10258450359106064
0.10304313153028488
0.10254955291748047
0.10253185033798218
0.10241568088531494
0.10245627164840698
0.10254483669996262
0.10233084857463837
0.1023695096373558
0.10217605531215668
0.10261727124452591
0.10350333154201508
0.10455086827278137
0.10499119013547897
0.103518545627594
0.10236113518476486
0.10324431955814362
0.10349047183990479
0.10294410586357117
0.10234498977661133
0.10269775986671448
0.10309971868991852
0.10285697877407074
0.10251080989837646
0.10295214504003525
0.10321707278490067
0.10361909866333008
0.1024230495095253
0.10236714780330658
0.1027497723698616
0.1030789464712143
0.10343427211046219
0.10354578495025635
0.10372684895992279
0.1044488400220871
0.10328658670186996
0.10329820215702057
0.10261626541614532
0.10271426290273666
0.10325726121664047
0.10320358723402023
0.10429701954126358
0.10411388427019119
0.10500551015138626
0.1047336608171463
0.10449524968862534
0.10341033339500427
0.10314299166202545
0.10362209379673004
0.1039649099111557
0.10489971935749054
0.10433392971754074
0.10519704967737198
0.10425504297018051
0.10577307641506195
0.10470359027385712
0.10503880679607391
0.10403211414813995
0.10387196391820908
0.10465963184833527
0.10443133860826492
0.10693947225809097
0.10645294934511185
0.11037887632846832
0.11025215685367584
0.11008590459823608
0.10614936798810959
0.10740742087364197
0.10729305446147919
0.10852284729480743
0.10788927227258682
0.10795489698648453
0.10683397948741913
0.11105039715766907
0.11300769448280334
0.11893834173679352
0.1124955266714096
0.11685651540756226
0.11235940456390381
0.12037527561187744
0.11453120410442352
0.11536078155040741
0.1131647452712059
0.11233799159526825
0.11409702897071838
0.11371979117393494
0.12312828004360199
0.1273704320192337
0.1427471935749054
0.1292927861213684
0.13364914059638977
0.12938392162322998
0.13345307111740112
0.1316552311182022
0.1394655406475067
0.13576631247997284
0.148713618516922
0.14254266023635864
0.14374957978725433
0.13608376681804657
0.13361264765262604
0.13077419996261597
0.13006795942783356
0.12807127833366394
0.13069865107536316
0.128773033618927
0.13365954160690308
0.13270214200019836
0.1385337859392166
0.16427594423294067
0.1370900571346283
0.15405282378196716
0.14502586424350739
0.15638986229896545
0.1632814109325409
0.1589043140411377
0.15059146285057068
0.14797773957252502
0.14289551973342896
0.14692550897598267
0.13983160257339478
0.14011238515377045
0.1354530155658722
0.13620293140411377
0.14714418351650238
0.14771905541419983
0.15895336866378784
0.139588862657547
0.14451025426387787
0.13910815119743347
0.13779371976852417
0.13522009551525116
0.1345682144165039
0.13235634565353394
0.13567182421684265
0.13794183731079102
0.13877061009407043
0.1297198235988617
0.12947523593902588
0.12776833772659302
0.13323566317558289
0.1250545233488083
0.12211364507675171
0.12177024781703949
0.12040823698043823
0.12063230574131012
0.11780881881713867
0.11999035626649857
0.1264076977968216
0.13860741257667542
0.1360127329826355
0.13322824239730835
0.12677478790283203
0.1342431604862213
0.1257493495941162
0.12572437524795532
0.12391406297683716
0.12376822531223297
0.12328753620386124
0.12340523302555084
0.12236297130584717
0.1260223090648651
0.12066957354545593
0.12159010767936707
0.11682658642530441
0.11643688380718231
0.11611634492874146
0.11528623104095459
0.11661230027675629
0.11788947880268097
0.12041553854942322
0.11850301921367645
0.11482863873243332
0.11349523067474365
0.11500705033540726
0.11296911537647247
0.11181535571813583
0.1114540547132492
0.1115434542298317
0.11092889308929443
0.11027772724628448
0.11000289767980576
0.1105724349617958
0.10909759998321533
0.10931627452373505
0.1089358776807785
0.10947234183549881
0.11014257371425629
0.10875780880451202
0.10744821280241013
0.1077740490436554
0.10733530670404434
0.10711392015218735
0.10641166567802429
0.10611286759376526
0.10638197511434555
0.10603604465723038
0.10582993924617767
0.10573393106460571
0.10637103766202927
0.10762438178062439
0.10782535374164581
0.10678723454475403
0.10579124838113785
0.10581687092781067
0.10621356964111328
0.10532177984714508
0.10498662292957306
0.10541097819805145
0.1049671545624733
0.10444091260433197
0.10440266132354736
0.10450255870819092
0.10421931743621826
0.10386243462562561
0.1038818284869194
0.10388016700744629
0.10361383110284805
0.10352177917957306
0.10352594405412674
0.10383675247430801
0.10463123023509979
0.10532474517822266
0.10573240369558334
0.10490243881940842
0.10359055548906326
0.1041010320186615
0.10432297736406326
0.10371044278144836
0.10354477167129517
0.10373260080814362
0.1037718877196312
0.10337640345096588
0.10318167507648468
0.10327117145061493
0.10318899154663086
0.10303471982479095
0.1027919352054596
0.10272453725337982
0.1028064638376236
0.10271960496902466
0.1026153638958931
0.10255364328622818
0.10272397845983505
0.10314490646123886
0.1037130057811737
0.10423510521650314
0.10353490710258484
0.10267775505781174
0.10286656767129898
0.10311461985111237
0.10292571038007736
0.10254886746406555
0.10257251560688019
0.10277523100376129
0.10248314589262009
0.1022355705499649
0.10231083631515503
0.10234015434980392
0.10224173218011856
0.1020573079586029
0.10198958218097687
0.10200432687997818
0.10199245810508728
0.10194332897663116
0.10185389965772629
0.10184978693723679
0.10202062129974365
0.10241244733333588
0.1030796691775322
0.10383528470993042
0.10385957360267639
0.10304573178291321
0.10240022838115692
0.10306484997272491
0.10334298014640808
0.10285601764917374
0.10223856568336487
0.1024324968457222
0.10277958959341049
0.10260879993438721
0.10234078764915466
0.1020745187997818
0.10215196758508682
0.10229700058698654
0.10227600485086441
0.102190762758255
0.10199293494224548
0.10184178501367569
0.10176339000463486
0.10175980627536774
0.10181663930416107
0.10186444222927094
0.10198090970516205
0.10206994414329529
0.10207004100084305
0.10190204530954361
0.10174553841352463
0.10171746462583542
0.10176194459199905
0.10188110172748566
0.10180050879716873
0.10170701891183853
0.10159679502248764
0.10168807208538055
0.10184121131896973
0.1017545610666275
0.1016024798154831
0.10142067819833755
0.10138107091188431
0.10144436359405518
0.10146146267652512
0.10145114362239838
0.10134626924991608
0.10143836587667465
0.10185029357671738
0.10267169773578644
0.10418447852134705
0.10398764163255692
0.1027241051197052
0.10212396085262299
0.10323341190814972
0.10359914600849152
0.1020679771900177
0.10241610556840897
0.10319159179925919
0.10220793634653091
0.10207328200340271
0.10250617563724518
0.1021435335278511
0.10191748291254044
0.1019815057516098
0.1019221693277359
0.10186305642127991
0.10164492577314377
0.1015777513384819
0.10171599686145782
0.10171864181756973
0.10163141787052155
0.10174562782049179
0.10191753506660461
0.10206142067909241
0.10191406309604645
0.10174257308244705
0.10139644891023636
0.1014128178358078
0.10155559331178665
0.10148962587118149
0.10144823789596558
0.10135277360677719
0.10132686048746109
0.1013798713684082
0.10165651887655258
0.102261483669281
0.1028200313448906
0.10338621586561203
0.10273624211549759
0.10195411741733551
0.10241636633872986
0.10253526270389557
0.1021992564201355
0.10180062055587769
0.10207198560237885
0.10227237641811371
0.10171771049499512
0.10158608853816986
0.10172737389802933
0.10166656225919724
0.10158483684062958
0.10141461342573166
0.10133710503578186
0.10142351686954498
0.10151989758014679
0.10165906697511673
0.10210248827934265
0.10303902626037598
0.10374508053064346
0.10306376218795776
0.10213738679885864
0.10192541033029556
0.10255976766347885
0.10272534936666489
0.10234254598617554
0.10209393501281738
0.10182177275419235
0.1018722802400589
0.10206268727779388
0.10197510570287704
0.10201605409383774
0.10195238888263702
0.10177968442440033
0.10156458616256714
0.10149930417537689
0.10140698403120041
0.10131996870040894
0.10128583759069443
0.10132104903459549
0.1013903021812439
0.10166485607624054
0.10223019123077393
0.10339663922786713
0.10359502583742142
0.10321279615163803
0.1025342345237732
0.10287302732467651
0.10409647971391678
0.10264450311660767
0.10189247131347656
0.10260970890522003
0.10261997580528259
0.1020972952246666
0.10183783620595932
0.10205232352018356
0.10213906317949295
0.10182032734155655
0.10164418816566467
0.10173846781253815
0.1018780916929245
0.10221929103136063
0.10234533250331879
0.10315681248903275
0.10428060591220856
0.10401351004838943
0.10258226841688156
0.10188154876232147
0.10284096747636795
0.1032688096165657
0.10267172008752823
0.10225008428096771
0.10267102718353271
0.10263478755950928
0.10244788974523544
0.10186271369457245
0.10188189148902893
0.10223056375980377
0.1021367609500885
0.10198810696601868
0.10227542370557785
0.10245806723833084
0.10289137065410614
0.10236663371324539
0.10208577662706375
0.1015942320227623
0.10175308585166931
0.10194472968578339
0.10174651443958282
0.10179082304239273
0.10163657367229462
0.10146663337945938
0.10135794430971146
0.10139697045087814
0.10162845253944397
0.10227089375257492
0.10413380712270737
0.10749337077140808
