# adam, lr=0.01, alpha = 1000000, beta = 0.1
# best_iter: 2999, best_loss = 0.3302168846130371, imsave period = 300
21.20901870727539
14.603923797607422
10.239985466003418
7.278597354888916
5.497742176055908
4.466506481170654
3.8771564960479736
3.5175464153289795
3.2675070762634277
3.074753522872925
2.9163875579833984
2.770392894744873
2.6283888816833496
2.490316867828369
2.362274169921875
2.24591326713562
2.138272285461426
2.0385406017303467
1.9462168216705322
1.861388087272644
1.7831306457519531
1.7100516557693481
1.6419854164123535
1.5789180994033813
1.5210928916931152
1.467544674873352
1.4176784753799438
1.370982050895691
1.3274800777435303
1.286910057067871
1.2488816976547241
1.2132083177566528
1.1798319816589355
1.1486793756484985
1.1194970607757568
1.0921461582183838
1.0665334463119507
1.0426316261291504
1.0201466083526611
0.998950719833374
0.9789719581604004
0.9601634740829468
0.9423938989639282
0.9256250262260437
0.9097614288330078
0.8947451114654541
0.8804932236671448
0.8669952750205994
0.8541851043701172
0.8420614004135132
0.8305695056915283
0.8196580410003662
0.8092751502990723
0.7993950843811035
0.7899763584136963
0.7809885144233704
0.7724229097366333
0.7642442584037781
0.7564281225204468
0.7489321231842041
0.7417377829551697
0.7348335385322571
0.7282023429870605
0.7218376398086548
0.7157368659973145
0.7098773121833801
0.7042432427406311
0.698814868927002
0.6935663223266602
0.6885033845901489
0.6836172342300415
0.6788984537124634
0.6743357181549072
0.6699238419532776
0.6656578779220581
0.6615262031555176
0.6575139760971069
0.6536343097686768
0.6498737335205078
0.6462200284004211
0.6426708698272705
0.6392183303833008
0.6358619332313538
0.6326056718826294
0.629427433013916
0.6263248920440674
0.6233046650886536
0.6203570365905762
0.6174846291542053
0.6146793365478516
0.6119391918182373
0.6092597246170044
0.6066493988037109
0.6040934324264526
0.6015989184379578
0.5991591215133667
0.5967721343040466
0.5944409370422363
0.5921566486358643
0.5899176597595215
0.5877261161804199
0.5855709314346313
0.5834598541259766
0.5813952684402466
0.5793811678886414
0.5774058103561401
0.5754623413085938
0.5735589861869812
0.5716951489448547
0.5698689818382263
0.5680681467056274
0.5662959814071655
0.5645636320114136
0.562863826751709
0.5611879825592041
0.5595431327819824
0.5579255819320679
0.5563387870788574
0.554775595664978
0.5532417893409729
0.5517317056655884
0.5502382516860962
0.5487755537033081
0.547336220741272
0.5459235906600952
0.5445290207862854
0.5431583523750305
0.5418055057525635
0.5404783487319946
0.5391709804534912
0.5378878116607666
0.5366181135177612
0.5353676676750183
0.5341322422027588
0.5329180955886841
0.5317209362983704
0.5305436849594116
0.5293805599212646
0.5282336473464966
0.5271018743515015
0.5259828567504883
0.5248818397521973
0.5237948298454285
0.5227254629135132
0.5216671228408813
0.5206241011619568
0.5195944309234619
0.5185798406600952
0.5175775289535522
0.5165877342224121
0.5156111121177673
0.5146443247795105
0.5136902332305908
0.5127463340759277
0.511817455291748
0.5108922123908997
0.5099850296974182
0.5090847015380859
0.5081968307495117
0.5073173642158508
0.5064486861228943
0.5055935382843018
0.5047438144683838
0.5039066672325134
0.5030784606933594
0.5022544264793396
0.5014445781707764
0.5006439089775085
0.49985334277153015
0.49907320737838745
0.4983075261116028
0.4975712299346924
0.49686288833618164
0.4962303638458252
0.49567222595214844
0.4952661693096161
0.4949401021003723
0.49475324153900146
0.4943268895149231
0.4936574697494507
0.49238449335098267
0.4910148084163666
0.4898759126663208
0.4892253875732422
0.4888986349105835
0.48861661553382874
0.4882959723472595
0.4876749515533447
0.48687806725502014
0.48579901456832886
0.4847646653652191
0.4838970899581909
0.4832687973976135
0.4828057885169983
0.48243436217308044
0.48219215869903564
0.4819733500480652
0.4818451702594757
0.48144155740737915
0.480807363986969
0.47962087392807007
0.47839146852493286
0.4773699641227722
0.4768027663230896
0.4765496253967285
0.4763665497303009
0.4762122929096222
0.47585153579711914
0.4753721058368683
0.4744892120361328
0.47350773215293884
0.47252869606018066
0.4717957079410553
0.47129082679748535
0.47094592452049255
0.47075408697128296
0.4707081913948059
0.47094792127609253
0.4711987376213074
0.4714812636375427
0.4707915782928467
0.4694761037826538
0.46761345863342285
0.46648287773132324
0.46632078289985657
0.46658337116241455
0.4667583405971527
0.4663054347038269
0.465425580739975
0.46417415142059326
0.4631968140602112
0.4626756012439728
0.46249550580978394
0.46252501010894775
0.4625910520553589
0.46274155378341675
0.4625813364982605
0.46221834421157837
0.46114879846572876
0.45991241931915283
0.4588286280632019
0.45832735300064087
0.4582749009132385
0.45837414264678955
0.45854872465133667
0.45850470662117004
0.4583238661289215
0.45754578709602356
0.45654213428497314
0.45540356636047363
0.45463627576828003
0.4542832374572754
0.4541993737220764
0.45433181524276733
0.4545761048793793
0.45507845282554626
0.45535802841186523
0.45540615916252136
0.45425519347190857
0.4526422619819641
0.451130211353302
0.45066821575164795
0.45099103450775146
0.4514182209968567
0.4516884684562683
0.4512719511985779
0.45043593645095825
0.44915419816970825
0.44816142320632935
0.44768863916397095
0.4476439654827118
0.4478679895401001
0.448201060295105
0.44883084297180176
0.44927650690078735
0.44959086179733276
0.4485951066017151
0.446972131729126
0.44518113136291504
0.4445117115974426
0.44483500719070435
0.44538843631744385
0.4457968473434448
0.4454696774482727
0.44466671347618103
0.44333726167678833
0.4423002004623413
0.4418371915817261
0.441869854927063
0.4421943426132202
0.4426232576370239
0.44332870841026306
0.44375383853912354
0.44395360350608826
0.44276970624923706
0.4410552978515625
0.43944430351257324
0.43903613090515137
0.4395369291305542
0.4401397705078125
0.4405333399772644
0.4401072561740875
0.4391992688179016
0.4378311038017273
0.43689554929733276
0.4366108477115631
0.43677353858947754
0.43720412254333496
0.43770459294319153
0.43845826387405396
0.4387848377227783
0.43871912360191345
0.43725013732910156
0.43546783924102783
0.4342385530471802
0.43423449993133545
0.4349231719970703
0.43551403284072876
0.4358445405960083
0.435329794883728
0.43437260389328003
0.4330185055732727
0.4321216344833374
0.4318636655807495
0.43206921219825745
0.43255528807640076
0.4331251382827759
0.4339876174926758
0.43444299697875977
0.4345930218696594
0.43326228857040405
0.4314168691635132
0.4298766851425171
0.42969298362731934
0.430411696434021
0.43114471435546875
0.43160945177078247
0.431160032749176
0.4301774203777313
0.4287225306034088
0.42781662940979004
0.4276482164859772
0.42797088623046875
0.4286004900932312
0.42928802967071533
0.430257648229599
0.4306414723396301
0.4305580258369446
0.428844153881073
0.42688146233558655
0.42568767070770264
0.4258762001991272
0.42677414417266846
0.4274638891220093
0.42781275510787964
0.42714256048202515
0.4259986877441406
0.42457541823387146
0.42383670806884766
0.4238513708114624
0.4242822229862213
0.4250084161758423
0.4257996082305908
0.4268941879272461
0.4271688461303711
0.426824688911438
0.42476212978363037
0.4227824807167053
0.4219568073749542
0.42248696088790894
0.42353641986846924
0.4241430461406708
0.42431914806365967
0.42335203289985657
0.42198383808135986
0.42067891359329224
0.42024922370910645
0.4205523729324341
0.4211745262145996
0.4221270978450775
0.4230206608772278
0.42408114671707153
0.4238908290863037
0.42279380559921265
0.42037832736968994
0.4188094735145569
0.41881996393203735
0.41976743936538696
0.4208212196826935
0.4210977554321289
0.4207778573036194
0.41934725642204285
0.41790080070495605
0.4170846939086914
0.41715413331985474
0.41775810718536377
0.4185277819633484
0.41961443424224854
0.4203619360923767
0.4209749698638916
0.4198684096336365
0.418016254901886
0.41601377725601196
0.4154994487762451
0.4162369966506958
0.4172133207321167
0.41802817583084106
0.4178747236728668
0.4171307682991028
0.41557103395462036
0.41436660289764404
0.413953959941864
0.41424599289894104
0.4149629771709442
0.4158603549003601
0.41720110177993774
0.4181116819381714
0.41875582933425903
0.4172387719154358
0.41490641236305237
0.41287761926651
0.4128301739692688
0.41402822732925415
0.41508761048316956
0.4156075119972229
0.41470178961753845
0.41323068737983704
0.4117562770843506
0.41128504276275635
0.4116898775100708
0.4124516248703003
0.41351401805877686
0.41445624828338623
0.4155033230781555
0.4151194095611572
0.41382014751434326
0.4114108681678772
0.4100456237792969
0.4102974534034729
0.4113475978374481
0.41246581077575684
0.4127892255783081
0.41255027055740356
0.4110882878303528
0.4095914363861084
0.4086969792842865
0.4087591767311096
0.4094296097755432
0.4102891683578491
0.411493182182312
0.41242605447769165
0.41325658559799194
0.41222187876701355
0.4102998971939087
0.4080371856689453
0.4074591398239136
0.4083596467971802
0.4095270037651062
0.4104558527469635
0.4103139042854309
0.40951111912727356
0.4077802896499634
0.406509131193161
0.40621769428253174
0.40670275688171387
0.4076300859451294
0.4086679220199585
0.4101516902446747
0.41104358434677124
0.41151541471481323
0.4096203148365021
0.40709733963012695
0.4052773118019104
0.40557801723480225
0.40703415870666504
0.40811532735824585
0.4085616171360016
0.4074692130088806
0.40587425231933594
0.40439218282699585
0.4040651321411133
0.4046245217323303
0.4055018723011017
0.40671491622924805
0.4077434539794922
0.40885159373283386
0.4082881510257721
0.4066794216632843
0.40410345792770386
0.40296223759651184
0.4035852253437042
0.40483132004737854
0.4059670567512512
0.40605005621910095
0.4053460359573364
0.4035908579826355
0.4022181034088135
0.40185752511024475
0.40235409140586853
0.40332531929016113
0.40439754724502563
0.4058604836463928
0.40664929151535034
0.40679430961608887
0.40465760231018066
0.40223056077957153
0.4009164571762085
0.40149879455566406
0.40295591950416565
0.40404170751571655
0.4047044813632965
0.40385007858276367
0.4023733139038086
0.4005827307701111
0.3998863697052002
0.4003015160560608
0.4012144207954407
0.4024736285209656
0.4036698341369629
0.4050878882408142
0.40488767623901367
0.40355563163757324
0.40068715810775757
0.39910000562667847
0.39949554204940796
0.4008541405200958
0.4021957516670227
0.4023776650428772
0.4017910361289978
0.39998751878738403
0.39849498867988586
0.3979930281639099
0.39844995737075806
0.39944159984588623
0.4005967974662781
0.40228015184402466
0.4033811092376709
0.40412649512290955
0.402205228805542
0.39942651987075806
0.3973679542541504
0.39773428440093994
0.39939409494400024
0.4006170928478241
0.40120869874954224
0.40006890892982483
0.3983428478240967
0.39669716358184814
0.39636892080307007
0.39706701040267944
0.39808809757232666
0.39945393800735474
0.40052664279937744
0.4015319049358368
0.4006294012069702
0.3988049626350403
0.39633846282958984
0.39548254013061523
0.3962680399417877
0.3975622057914734
0.39884498715400696
0.3991110920906067
0.3987084925174713
0.3969320058822632
0.3952793776988983
0.3945036828517914
0.3948312997817993
0.3958189785480499
0.39705079793930054
0.39894336462020874
0.4005378484725952
0.402015745639801
0.4003261923789978
0.39734718203544617
0.39442598819732666
0.39437663555145264
0.3963016867637634
0.3979427218437195
0.39876681566238403
0.3974161148071289
0.39536064863204956
0.3935728669166565
0.39339327812194824
0.3943497836589813
0.39554035663604736
0.396897554397583
0.3974544405937195
0.3975505232810974
0.3959123492240906
0.3939254581928253
0.3924524188041687
0.3924828767776489
0.39351946115493774
0.3946691155433655
0.39600417017936707
0.39670059084892273
0.3969699442386627
0.39519160985946655
0.39306849241256714
0.3916083574295044
0.39172202348709106
0.3927939534187317
0.3940138816833496
0.39546018838882446
0.39612042903900146
0.3962376117706299
0.3943432569503784
0.3922315239906311
0.39084702730178833
0.390999436378479
0.39211738109588623
0.39334186911582947
0.39460790157318115
0.3948039710521698
0.394378662109375
0.392539918422699
0.390760600566864
0.3898690640926361
0.3903251886367798
0.39150646328926086
0.3926251530647278
0.39409875869750977
0.3949819803237915
0.3955494165420532
0.3934941291809082
0.39111584424972534
0.38960355520248413
0.3897141218185425
0.3907191753387451
0.39197784662246704
0.3935850262641907
0.394124835729599
0.39391207695007324
0.39203834533691406
0.39037245512008667
0.38896089792251587
0.38874584436416626
0.389736533164978
0.3909990191459656
0.39235222339630127
0.39309215545654297
0.39412152767181396
0.3933063745498657
0.391290545463562
0.38865023851394653
0.3880806565284729
0.3887852430343628
0.38942015171051025
0.3907013237476349
0.3925687074661255
0.39485594630241394
0.3945760130882263
0.39409756660461426
0.3920065760612488
0.3894939422607422
0.38760823011398315
0.388611376285553
0.3907352089881897
0.3916790187358856
0.39327090978622437
0.3943457007408142
0.3943803310394287
0.3905704617500305
0.3884725570678711
0.3882673978805542
0.38797497749328613
0.38848793506622314
0.39042460918426514
0.3930509388446808
0.39459121227264404
0.39734041690826416
0.39743250608444214
0.3955026865005493
0.3890371024608612
0.38745445013046265
0.3898705244064331
0.39120644330978394
0.39296698570251465
0.3946073651313782
0.3949989378452301
0.39067354798316956
0.3880480229854584
0.38809239864349365
0.3875812292098999
0.38727161288261414
0.3889929950237274
0.39110422134399414
0.3921062648296356
0.3959454298019409
0.39845478534698486
0.39842867851257324
0.39197859168052673
0.38843196630477905
0.3876388370990753
0.3885161280632019
0.39150580763816833
0.39319902658462524
0.39259472489356995
0.38905152678489685
0.3875199556350708
0.38648733496665955
0.3859851360321045
0.3874899744987488
0.38912326097488403
0.3901790976524353
0.39062291383743286
0.391792356967926
0.3895268440246582
0.3863680362701416
0.3847275376319885
0.3851354122161865
0.3855617642402649
0.386383056640625
0.38842254877090454
0.38943350315093994
0.389892578125
0.38891249895095825
0.387906014919281
0.38480544090270996
0.3831177353858948
0.38407763838768005
0.3852631151676178
0.3860653042793274
0.38707804679870605
0.38860228657722473
0.3876335620880127
0.3857956528663635
0.3841223120689392
0.3832883834838867
0.38232550024986267
0.3826052248477936
0.3840138018131256
0.38478362560272217
0.38595959544181824
0.38759559392929077
0.3895661234855652
0.38801538944244385
0.385386198759079
0.38299959897994995
0.38215047121047974
0.38225746154785156
0.38364213705062866
0.38538098335266113
0.3852302134037018
0.3846886157989502
0.3836977183818817
0.3824806809425354
0.3808625340461731
0.3805924952030182
0.38138559460639954
0.38187509775161743
0.38276952505111694
0.38464611768722534
0.3877629339694977
0.3890206217765808
0.39007851481437683
0.3876205384731293
0.38394761085510254
0.3806319534778595
0.38169461488723755
0.38485270738601685
0.3859662413597107
0.38640767335891724
0.385415256023407
0.3834952116012573
0.3803808093070984
0.3803829848766327
0.38214144110679626
0.3826088011264801
0.3835669457912445
0.38539919257164
0.3872867822647095
0.38572075963020325
0.3841826915740967
0.382783442735672
0.3812793493270874
0.3794129192829132
0.38012972474098206
0.38189011812210083
0.3822631537914276
0.38366788625717163
0.3858991861343384
0.38784515857696533
0.3857976198196411
0.38389042019844055
0.3816184103488922
0.37975040078163147
0.3791114091873169
0.380842000246048
0.3829328715801239
0.3838004469871521
0.38603079319000244
0.38726943731307983
0.3866499066352844
0.3820090889930725
0.37983599305152893
0.3797871768474579
0.37966495752334595
0.3806796967983246
0.3828374445438385
0.3847530484199524
0.38419950008392334
0.38474562764167786
0.38363829255104065
0.3808022737503052
0.3779768943786621
0.3785906732082367
0.37972715497016907
0.37977683544158936
0.381401002407074
0.38356438279151917
0.38543981313705444
0.38462716341018677
0.38490235805511475
0.3825133740901947
0.3788069188594818
0.37736570835113525
0.3791964650154114
0.3805602490901947
0.3809952139854431
0.38336649537086487
0.38419365882873535
0.3833191990852356
0.38017407059669495
0.37932127714157104
0.3781578242778778
0.37695857882499695
0.3780553340911865
0.37973541021347046
0.38101983070373535
0.38271215558052063
0.3866381347179413
0.3866370916366577
0.38443049788475037
0.37979215383529663
0.37828198075294495
0.37807565927505493
0.37904027104377747
0.3820571303367615
0.3835722804069519
0.38351887464523315
0.3811872899532318
0.37994903326034546
0.3775516450405121
0.37605953216552734
0.37719500064849854
0.37887558341026306
0.380048543214798
0.3811967968940735
0.3841472864151001
0.3840947151184082
0.38178467750549316
0.3781501054763794
0.3772715926170349
0.37644121050834656
0.37640178203582764
0.37853339314460754
0.3797973096370697
0.3801317811012268
0.379837304353714
0.3803980350494385
0.37814807891845703
0.37538406252861023
0.3749043047428131
0.3754759132862091
0.37514206767082214
0.3755031228065491
0.3776352107524872
0.37963932752609253
0.3832187354564667
0.38731950521469116
0.39264190196990967
0.3879302442073822
0.38008689880371094
0.37600165605545044
0.378423273563385
0.38101691007614136
0.38281217217445374
0.3860158324241638
0.38263943791389465
0.37771305441856384
0.37604618072509766
0.37746262550354004
0.37741202116012573
0.3776623010635376
0.38110238313674927
0.38351958990097046
0.3856312930583954
0.38617485761642456
0.38768041133880615
0.38093090057373047
0.37549641728401184
0.37647882103919983
0.37920626997947693
0.3805184066295624
0.38177961111068726
0.38491910696029663
0.3825720548629761
0.3781575560569763
0.3762492835521698
0.37692537903785706
0.375227153301239
0.3745940029621124
0.37684544920921326
0.37797632813453674
0.38011085987091064
0.38543951511383057
0.39511120319366455
0.39549392461776733
0.39138704538345337
0.3811052441596985
0.37802428007125854
0.37971270084381104
0.3850020170211792
0.39065539836883545
0.3860248327255249
0.37972477078437805
0.37693315744400024
0.37812361121177673
0.37912967801094055
0.3806059956550598
0.38465726375579834
0.3848015069961548
0.3822680115699768
0.37864741683006287
0.37824225425720215
0.37592118978500366
0.3742998540401459
0.3762221336364746
0.377739816904068
0.37810295820236206
0.3788820803165436
0.38203537464141846
0.3811240494251251
0.3780496120452881
0.3753200173377991
0.37480178475379944
0.3731382489204407
0.3731101155281067
0.37539929151535034
0.3759015202522278
0.37603166699409485
0.3767830431461334
0.37772440910339355
0.37508606910705566
0.3726678490638733
0.37209054827690125
0.37164855003356934
0.37101972103118896
0.3718761205673218
0.3732517957687378
0.37353837490081787
0.3749338686466217
0.37656980752944946
0.37735289335250854
0.3745075464248657
0.37204113602638245
0.3706906735897064
0.37031111121177673
0.37109845876693726
0.3725416660308838
0.37321871519088745
0.3719898760318756
0.3711508512496948
0.3703262209892273
0.369211882352829
0.368682324886322
0.3692519962787628
0.3698849678039551
0.3702515959739685
0.3716605007648468
0.3736077547073364
0.3757690489292145
0.37537550926208496
0.3745054006576538
0.37165433168411255
0.369025856256485
0.36886969208717346
0.3709573447704315
0.3724399507045746
0.3717387318611145
0.3708548843860626
0.3695962429046631
0.36832213401794434
0.3678703010082245
0.36873865127563477
0.3697299063205719
0.3700820803642273
0.37122511863708496
0.3725670278072357
0.37351468205451965
0.37174147367477417
0.36988890171051025
0.3686210811138153
0.3679368495941162
0.3676452338695526
0.36856815218925476
0.3700755536556244
0.3705313503742218
0.37106844782829285
0.3714200258255005
0.37143152952194214
0.36920323967933655
0.36725831031799316
0.3670468032360077
0.3674467206001282
0.36743515729904175
0.3679787516593933
0.36990904808044434
0.37178608775138855
0.37431800365448
0.37602663040161133
0.3785131573677063
0.3755582869052887
0.37029606103897095
0.3672754168510437
0.36935773491859436
0.37131768465042114
0.37169551849365234
0.37446996569633484
0.37593069672584534
0.37497711181640625
0.37070468068122864
0.37039366364479065
0.37013059854507446
0.36800360679626465
0.36785298585891724
0.36975258588790894
0.37099769711494446
0.3725620210170746
0.37930262088775635
0.3873631954193115
0.39723721146583557
0.39120253920555115
0.38684403896331787
0.3772759735584259
0.37265804409980774
0.3783702850341797
0.3891313076019287
0.40140295028686523
0.4000970125198364
0.3979690670967102
0.38214385509490967
0.37717515230178833
0.38251709938049316
0.39445310831069946
0.41121906042099
0.4083263576030731
0.4041784405708313
0.38520365953445435
0.3800318241119385
0.3869572877883911
0.3982597589492798
0.4194689393043518
0.4230993390083313
0.41944968700408936
0.387042760848999
0.3819713890552521
0.3988543152809143
0.4114212989807129
0.42151039838790894
0.4051315486431122
0.39784595370292664
0.3898055851459503
0.3948670029640198
0.40785709023475647
0.4149128198623657
0.41985225677490234
0.39347079396247864
0.38324064016342163
0.3911854028701782
0.40017569065093994
0.40724676847457886
0.399356871843338
0.3951593041419983
0.39037173986434937
0.38653016090393066
0.3891003727912903
0.3930070400238037
0.39559435844421387
0.3861929774284363
0.37922489643096924
0.37991511821746826
0.3812282383441925
0.3792417645454407
0.3787256181240082
0.38216859102249146
0.3811587989330292
0.3789125680923462
0.37795042991638184
0.37935981154441833
0.3759479522705078
0.3723994195461273
0.3723514676094055
0.37248459458351135
0.3705364465713501
0.3702242374420166
0.37133586406707764
0.37084105610847473
0.3709656000137329
0.3731444776058197
0.3767087757587433
0.3776889145374298
0.37828680872917175
0.37396425008773804
0.3689426779747009
0.3674773573875427
0.3705519139766693
0.3719371557235718
0.36900395154953003
0.36720389127731323
0.3670954704284668
0.3670501708984375
0.36758679151535034
0.36764711141586304
0.3663712739944458
0.3648723065853119
0.3648730516433716
0.3650631904602051
0.3646943271160126
0.3648238182067871
0.3651544749736786
0.36497336626052856
0.364384263753891
0.3643263280391693
0.36400824785232544
0.36326467990875244
0.36272189021110535
0.36264538764953613
0.3623693585395813
0.36198535561561584
0.36189448833465576
0.36192360520362854
0.3618691563606262
0.36198487877845764
0.3629175126552582
0.3652043342590332
0.3704450726509094
0.3774879574775696
0.3866441249847412
0.38109108805656433
0.3700384199619293
0.3636941909790039
0.3700236678123474
0.37589898705482483
0.3711792230606079
0.3654610514640808
0.3662068247795105
0.36933019757270813
0.36916622519493103
0.36579400300979614
0.364441841840744
0.36561015248298645
0.3663977384567261
0.3656320571899414
0.36356014013290405
0.3627799153327942
0.3637090027332306
0.3643140196800232
0.36372101306915283
0.36241304874420166
0.36180660128593445
0.3617188334465027
0.3616909980773926
0.3618384599685669
0.36200639605522156
0.36195656657218933
0.36133360862731934
0.36081454157829285
0.36054909229278564
0.3603096306324005
0.35994333028793335
0.35971498489379883
0.3597204089164734
0.3597691059112549
0.35986852645874023
0.3603050708770752
0.3617311716079712
0.36437270045280457
0.3690251111984253
0.3720066547393799
0.3732474744319916
0.3667965233325958
0.3612051010131836
0.3621211051940918
0.36640846729278564
0.36745887994766235
0.3632853031158447
0.36077970266342163
0.36223092675209045
0.3636271357536316
0.36321836709976196
0.3617454767227173
0.3609417974948883
0.36059853434562683
0.3608452081680298
0.3615531027317047
0.36130020022392273
0.3602447807788849
0.35934752225875854
0.3593837022781372
0.3594905138015747
0.3592325448989868
0.35931748151779175
0.3599073886871338
0.3606853485107422
0.36123475432395935
0.36233463883399963
0.36319807171821594
0.36343222856521606
0.36107659339904785
0.3589823544025421
0.3588191866874695
0.3595786690711975
0.36004602909088135
0.36033669114112854
0.36089974641799927
0.3603968322277069
0.3590540587902069
0.35809326171875
0.35830527544021606
0.35841619968414307
0.3580356240272522
0.3581431806087494
0.3588789403438568
0.35979193449020386
0.36063018441200256
0.3628372251987457
0.3653861880302429
0.3675920367240906
0.36473339796066284
0.36094802618026733
0.3592192530632019
0.35986530780792236
0.3606487214565277
0.36154013872146606
0.3628597557544708
0.3615453243255615
0.35916996002197266
0.3582594394683838
0.35905733704566956
0.35918453335762024
0.35891130566596985
0.35992634296417236
0.3611574172973633
0.3618929386138916
0.3619067072868347
0.3629847764968872
0.36258429288864136
0.360627144575119
0.35804590582847595
0.358146995306015
0.3590846061706543
0.3589693009853363
0.359456866979599
0.360750675201416
0.3617810606956482
0.3609238564968109
0.36039265990257263
0.36016690731048584
0.35948818922042847
0.3575576841831207
0.3570632338523865
0.35786592960357666
0.3580089509487152
0.358035683631897
0.35918867588043213
0.36184632778167725
0.3644273579120636
0.36830538511276245
0.3701716959476471
0.37143898010253906
0.3642885088920593
0.35863155126571655
0.35978785157203674
0.3640516698360443
0.3663887679576874
0.36550068855285645
0.3657298684120178
0.36392563581466675
0.3603125214576721
0.35879063606262207
0.3612598776817322
0.363242506980896
0.3625580072402954
0.36422231793403625
0.36685943603515625
0.36804699897766113
0.36328640580177307
0.36175596714019775
0.36194801330566406
0.3599638342857361
0.3584941327571869
0.36025768518447876
0.3618770241737366
0.3615747094154358
0.36351916193962097
0.36689257621765137
0.3698045015335083
0.36652931571006775
0.36456406116485596
0.3622130751609802
0.3595227599143982
0.3591597080230713
0.3621223568916321
0.3646599054336548
0.3638937771320343
0.36394697427749634
0.36346420645713806
0.3613879680633545
0.3578239381313324
0.3583151698112488
0.3601798713207245
0.35968464612960815
0.35999757051467896
0.3622509241104126
0.3649539053440094
0.3646083474159241
0.3647826015949249
0.3641243577003479
0.36225321888923645
0.3577147424221039
0.35765132308006287
0.36026114225387573
0.36034953594207764
0.3604293763637543
0.3617188334465027
0.3628263771533966
0.3604036569595337
0.35839271545410156
0.3584586977958679
0.3583073019981384
0.3565172255039215
0.3562319874763489
0.3571109473705292
0.35676977038383484
0.35652196407318115
0.35806673765182495
0.36182308197021484
0.3676293194293976
0.38018500804901123
0.38882893323898315
0.39384257793426514
0.37119752168655396
0.36053118109703064
0.36791858077049255
0.37826329469680786
0.38780224323272705
0.3873872756958008
0.3897934556007385
0.37757372856140137
0.367717981338501
0.3748631179332733
0.3904294967651367
0.40756717324256897
0.4024070203304291
0.40274667739868164
0.3829919695854187
0.37929901480674744
0.3823605477809906
0.39729148149490356
0.42955541610717773
0.42714381217956543
0.4332773685455322
0.38864752650260925
0.3823443651199341
0.39787518978118896
0.4139813780784607
0.4613068103790283
0.474225789308548
0.52653968334198
0.46603021025657654
0.42483803629875183
0.42308205366134644
0.47744375467300415
0.6502866148948669
0.6351029872894287
0.73024582862854
0.48742905259132385
0.5055844783782959
0.5380202531814575
0.6128370761871338
0.8813059329986572
0.7696861028671265
0.7945654392242432
0.5584856271743774
0.6355123519897461
0.786949872970581
0.6466820240020752
0.5877608060836792
0.5631934404373169
0.5834459066390991
0.6400710344314575
0.5875697135925293
0.5485216379165649
0.5088928937911987
0.5136121511459351
0.5379786491394043
0.5297609567642212
0.5241597890853882
0.482155442237854
0.46587345004081726
0.47024834156036377
0.4745698571205139
0.47690391540527344
0.45707374811172485
0.44161349534988403
0.4342706799507141
0.43571028113365173
0.44016849994659424
0.43550071120262146
0.4285060167312622
0.41737109422683716
0.41200894117355347
0.41183578968048096
0.4123823642730713
0.4128221869468689
0.40862399339675903
0.4032939374446869
0.3976069688796997
0.3952558934688568
0.39512860774993896
0.3949907720088959
0.39438652992248535
0.39195138216018677
0.38899433612823486
0.3858088254928589
0.3840577006340027
0.3834834694862366
0.3830719590187073
0.3828347325325012
0.38218405842781067
0.3813033401966095
0.3794780373573303
0.37765663862228394
0.37603023648262024
0.37490254640579224
0.374216228723526
0.3739006519317627
0.3737746477127075
0.3734853267669678
0.3732524812221527
0.3727010488510132
0.3719472587108612
0.37071359157562256
0.3695533275604248
0.36857321858406067
0.36792898178100586
0.3675971031188965
0.36746543645858765
0.3674347996711731
0.3673465847969055
0.3673305809497833
0.36708831787109375
0.36668556928634644
0.3658463954925537
0.3649355173110962
0.3640863597393036
0.36356183886528015
0.36337006092071533
0.36337167024612427
0.3634796142578125
0.3635689318180084
0.3636905252933502
0.36354178190231323
0.3631751537322998
0.3623782992362976
0.3615400493144989
0.3608965575695038
0.3606325685977936
0.360666424036026
0.3608228266239166
0.3610380291938782
0.3611283302307129
0.3611188530921936
0.3607165217399597
0.36008304357528687
0.3593236207962036
0.35882920026779175
0.35868149995803833
0.3587571978569031
0.35895851254463196
0.35917383432388306
0.3593924045562744
0.35933563113212585
0.35904672741889954
0.3583835959434509
0.35769349336624146
0.35723572969436646
0.3571522533893585
0.3573075532913208
0.3575122356414795
0.35773661732673645
0.357817679643631
0.35775259137153625
0.35731253027915955
0.3567335307598114
0.35619303584098816
0.35591554641723633
0.35590243339538574
0.35605311393737793
0.3563135862350464
0.35658806562423706
0.3569110631942749
0.3569973111152649
0.3568255603313446
0.3561147451400757
0.35533013939857483
0.35489070415496826
0.35493913292884827
0.35525012016296387
0.35555002093315125
0.3557493984699249
0.35562705993652344
0.35527539253234863
0.3546876907348633
0.35420551896095276
0.3540031909942627
0.3540547788143158
0.354262113571167
0.35453805327415466
0.3549111783504486
0.3551904559135437
0.3553794026374817
0.355049729347229
0.3543799817562103
0.35358840227127075
0.3532307744026184
0.3533734083175659
0.3537214696407318
0.35406389832496643
0.3542136549949646
0.35416528582572937
0.35370901226997375
0.35312825441360474
0.35268434882164
0.352567195892334
0.3526846766471863
0.35292547941207886
0.35330384969711304
0.3537166118621826
0.354187548160553
0.35428452491760254
0.35405901074409485
0.35318753123283386
0.3523087203502655
0.3519775867462158
0.3522600531578064
0.3527541160583496
0.35304945707321167
0.35311591625213623
0.3527508080005646
0.3521844446659088
0.35162612795829773
0.3514152765274048
0.3515377342700958
0.3518051207065582
0.35218048095703125
0.35261982679367065
0.3531781733036041
0.35336387157440186
0.35317516326904297
0.35229671001434326
0.35142385959625244
0.35101962089538574
0.3512212336063385
0.3517381250858307
0.3521336317062378
0.3522590696811676
0.35186484456062317
0.35129380226135254
0.3507534861564636
0.3505100905895233
0.3505740463733673
0.35084444284439087
0.3512595295906067
0.35166624188423157
0.35215070843696594
0.35238173604011536
0.3523738384246826
0.351596474647522
0.35061362385749817
0.35006678104400635
0.3502575159072876
0.3507140576839447
0.35105520486831665
0.35139042139053345
0.3514255881309509
0.3511238992214203
0.3503742218017578
0.34987008571624756
0.3497616648674011
0.3497759699821472
0.3498744070529938
0.35021740198135376
0.3508670926094055
0.3515499234199524
0.35247930884361267
0.35308966040611267
0.3533935844898224
0.3519776463508606
0.35018375515937805
0.3495265543460846
0.3502717912197113
0.3511052131652832
0.3512980043888092
0.3512396812438965
0.35056132078170776
0.34960687160491943
0.3491203188896179
0.34947699308395386
0.3499442934989929
0.35009247064590454
0.3504709005355835
0.3509008288383484
0.3510740101337433
0.3503342866897583
0.3496994972229004
0.3493598997592926
0.34898078441619873
0.34869688749313354
0.3489632308483124
0.3494613766670227
0.34971922636032104
0.35017573833465576
0.35089290142059326
0.3517088294029236
0.3512800335884094
0.3503760099411011
0.34940892457962036
0.3488546907901764
0.34859126806259155
0.34894832968711853
0.3497384190559387
0.3500676453113556
0.3500022292137146
0.3496546149253845
0.3493843674659729
0.3486444354057312
0.34799593687057495
0.3480187654495239
0.34837138652801514
0.3486027419567108
0.3489046096801758
0.3498086929321289
0.35088467597961426
0.3520256280899048
0.3522709012031555
0.35232070088386536
0.35068824887275696
0.34870514273643494
0.3479883372783661
0.34912216663360596
0.3502875566482544
0.3501831293106079
0.3497380316257477
0.34904077649116516
0.348216712474823
0.34769144654273987
0.3481041193008423
0.3487960696220398
0.3489536643028259
0.349128395318985
0.34941044449806213
0.3495508134365082
0.34863895177841187
0.3478052020072937
0.3475789427757263
0.34747809171676636
0.3472570776939392
0.3474104702472687
0.3479859232902527
0.34852156043052673
0.34934791922569275
0.3506118059158325
0.35262739658355713
0.35294124484062195
0.35189005732536316
0.3492623567581177
0.34797048568725586
0.34810131788253784
0.3488961160182953
0.35002243518829346
0.3501180112361908
0.3490142226219177
0.34740138053894043
0.3472249507904053
0.3477908968925476
0.34787610173225403
0.34811270236968994
0.34868043661117554
0.34899792075157166
0.34822165966033936
0.3476938307285309
0.34753477573394775
0.34712231159210205
0.34646785259246826
0.346437931060791
0.3467620611190796
0.3467898368835449
0.34695205092430115
0.34781500697135925
0.34964561462402344
0.3517611026763916
0.35525187849998474
0.35745111107826233
0.35847464203834534
0.35270726680755615
0.34760311245918274
0.34864819049835205
0.351942777633667
0.3526027202606201
0.35115715861320496
0.3508028984069824
0.34893375635147095
0.34771114587783813
0.3492589294910431
0.35005736351013184
0.3489319980144501
0.3480982184410095
0.34847962856292725
0.3476383090019226
0.3466653525829315
0.3470218777656555
0.34722867608070374
0.34675133228302
0.3468863368034363
0.3478548526763916
0.34865203499794006
0.3504868745803833
0.35349005460739136
0.35768577456474304
0.3570580780506134
0.35336124897003174
0.34844478964805603
0.3480447828769684
0.3501399755477905
0.3514872193336487
0.3516591787338257
0.34888842701911926
0.34684985876083374
0.34788137674331665
0.3493538498878479
0.3490445613861084
0.3476870357990265
0.3472769856452942
0.3469017744064331
0.3463953733444214
0.3467499613761902
0.3473927676677704
0.34748050570487976
0.34716060757637024
0.34744980931282043
0.3474767804145813
0.34692203998565674
0.3460398018360138
0.3458409011363983
0.345697820186615
0.34524422883987427
0.34505704045295715
0.3453058898448944
0.34551724791526794
0.34569665789604187
0.3466576635837555
0.3486831486225128
0.3523276746273041
0.3555033504962921
0.3589051365852356
0.356025367975235
0.3505232632160187
0.346261203289032
0.3490615487098694
0.35347980260849
0.35195067524909973
0.3485482633113861
0.34728914499282837
0.34810930490493774
0.3485698699951172
0.3485962748527527
0.3486221730709076
0.34692898392677307
0.3457283675670624
0.34652379155158997
0.3472365140914917
0.34687578678131104
0.3465520739555359
0.3469855487346649
0.34656280279159546
0.3456079959869385
0.3452799618244171
0.3454570770263672
0.34502938389778137
0.3445277810096741
0.3445814847946167
0.3446447551250458
0.34433141350746155
0.34409040212631226
0.344136118888855
0.3441370725631714
0.3439953327178955
0.3440457284450531
0.34482476115226746
0.3471930921077728
0.3542213439941406
0.36818408966064453
0.39634615182876587
0.39972224831581116
0.3882901072502136
0.35502731800079346
0.35884231328964233
0.38044822216033936
0.37941598892211914
0.3738090395927429
0.36720460653305054
0.3664845824241638
0.36480093002319336
0.3664315640926361
0.3718321919441223
0.36276334524154663
0.35590028762817383
0.3593526780605316
0.36114153265953064
0.3589281141757965
0.3596695065498352
0.364526629447937
0.36242902278900146
0.3599012494087219
0.3600485026836395
0.3594147264957428
0.3531334102153778
0.35232436656951904
0.35456767678260803
0.35306498408317566
0.35287368297576904
0.35433924198150635
0.3536597490310669
0.35138005018234253
0.35160815715789795
0.35081177949905396
0.34884488582611084
0.34843388199806213
0.348753422498703
0.3478969931602478
0.3474908471107483
0.3481105864048004
0.348218709230423
0.3486000597476959
0.3502116799354553
0.3529968857765198
0.35369330644607544
0.35363465547561646
0.3504418134689331
0.34709739685058594
0.34627652168273926
0.3484845757484436
0.34967219829559326
0.34747883677482605
0.3457579016685486
0.34593307971954346
0.3462691903114319
0.34640300273895264
0.34633344411849976
0.34565940499305725
0.344521164894104
0.3444460332393646
0.3449283242225647
0.3448246717453003
0.34472811222076416
0.3449265956878662
0.34490954875946045
0.34431910514831543
0.3439679741859436
0.34385085105895996
0.3435498774051666
0.3431325852870941
0.34304308891296387
0.34307122230529785
0.34291714429855347
0.34279388189315796
0.3429247736930847
0.34331169724464417
0.34407341480255127
0.3460216224193573
0.34936997294425964
0.3546755313873291
0.3558383584022522
0.35328078269958496
0.34628456830978394
0.34459060430526733
0.3481307923793793
0.34986555576324463
0.3480553925037384
0.3446975350379944
0.3448795676231384
0.3471764028072357
0.3469342589378357
0.34472736716270447
0.343538761138916
0.3445775508880615
0.34549257159233093
0.3447812795639038
0.3437410593032837
0.34325581789016724
0.34327825903892517
0.34350255131721497
0.3437012732028961
0.34364402294158936
0.3429637551307678
0.34234750270843506
0.3422565460205078
0.34237802028656006
0.34237372875213623
0.34238487482070923
0.3427000045776367
0.3431464731693268
0.3436395227909088
0.3438764810562134
0.3442158102989197
0.3440040647983551
0.34326818585395813
0.3420291543006897
0.3415848910808563
0.3420214056968689
0.3424495458602905
0.34265434741973877
0.34278085827827454
0.3429896831512451
0.34265434741973877
0.3419283628463745
0.3413392901420593
0.3413547873497009
0.3414539098739624
0.3412902057170868
0.341244101524353
0.3416108191013336
0.34230858087539673
0.3430825173854828
0.34466680884361267
0.3468613624572754
0.34976011514663696
0.34921038150787354
0.346110999584198
0.34244832396507263
0.34276992082595825
0.34460511803627014
0.34481149911880493
0.34491264820098877
0.34464070200920105
0.34347352385520935
0.34186050295829773
0.3423488736152649
0.3436097204685211
0.34325364232063293
0.3427565097808838
0.3430883288383484
0.3432909846305847
0.3422722816467285
0.34162449836730957
0.34185028076171875
0.3417949676513672
0.3411436676979065
0.34096506237983704
0.34119322896003723
0.34106209874153137
0.3407078981399536
0.34072667360305786
0.341050386428833
0.34160315990448
0.34305882453918457
0.347745418548584
0.3567606806755066
0.3735295534133911
0.3779316246509552
0.37507346272468567
0.3535323143005371
0.34926390647888184
0.3600502610206604
0.3678077459335327
0.3699634075164795
0.3582982122898102
0.3521760106086731
0.35525959730148315
0.36048567295074463
0.36252889037132263
0.35525813698768616
0.34979259967803955
0.3507659435272217
0.35481521487236023
0.35666462779045105
0.35226064920425415
0.3480191230773926
0.34750163555145264
0.34947726130485535
0.350938618183136
0.34972479939460754
0.3479940891265869
0.3464628756046295
0.3458265960216522
0.3458939790725708
0.34634077548980713
0.34706830978393555
0.34681618213653564
0.3457760512828827
0.34416642785072327
0.34348398447036743
0.34353041648864746
0.34345582127571106
0.3432144820690155
0.3432667553424835
0.3439052402973175
0.34429845213890076
0.34446120262145996
0.3440913259983063
0.34411853551864624
0.3437805771827698
0.34287792444229126
0.34159576892852783
0.3413136899471283
0.341826856136322
0.3420098125934601
0.34188953042030334
0.342058002948761
0.3428153097629547
0.34298110008239746
0.3426516652107239
0.3420015275478363
0.34192851185798645
0.3416392207145691
0.340840607881546
0.34025058150291443
0.34049272537231445
0.34082746505737305
0.34071165323257446
0.3408130407333374
0.34155553579330444
0.34279727935791016
0.3434675335884094
0.3441944122314453
0.3442069888114929
0.34385770559310913
0.3418145775794983
0.34015876054763794
0.34062591195106506
0.34198880195617676
0.34236782789230347
0.3417169451713562
0.34163928031921387
0.3413497805595398
0.3404102325439453
0.3397033214569092
0.34014469385147095
0.34069859981536865
0.3405182659626007
0.34060126543045044
0.3414490818977356
0.3427087068557739
0.34309500455856323
0.3434183895587921
0.34338265657424927
0.343182235956192
0.34109723567962646
0.33962148427963257
0.3402857780456543
0.34135037660598755
0.34150606393814087
0.3412620425224304
0.34175020456314087
0.341695100069046
0.34067389369010925
0.33957114815711975
0.3397223949432373
0.3399905860424042
0.3394801616668701
0.33908766508102417
0.33940863609313965
0.3398059010505676
0.3399762213230133
0.3411734700202942
0.3444943130016327
0.3516426682472229
0.35888341069221497
0.36659789085388184
0.3590441644191742
0.3502672016620636
0.3447706401348114
0.3494552969932556
0.35747018456459045
0.3570157289505005
0.35147780179977417
0.3445391058921814
0.3461725413799286
0.35176295042037964
0.35220348834991455
0.3486357629299164
0.34401312470436096
0.34404274821281433
0.3468860387802124
0.3479618430137634
0.3469918668270111
0.3442329466342926
0.34284457564353943
0.34321022033691406
0.3440149426460266
0.3446110486984253
0.344184935092926
0.3434106707572937
0.34217071533203125
0.3412424325942993
0.3410215675830841
0.341562420129776
0.3424353003501892
0.34284764528274536
0.3429349660873413
0.34224414825439453
0.34150853753089905
0.3406428098678589
0.34004974365234375
0.3398422598838806
0.340146541595459
0.34081780910491943
0.34121397137641907
0.34131407737731934
0.3407489061355591
0.3402259349822998
0.3398112654685974
0.33948907256126404
0.3390524685382843
0.33883270621299744
0.33911120891571045
0.3396677076816559
0.340351402759552
0.34092673659324646
0.3419480621814728
0.3427908420562744
0.34342384338378906
0.34153932332992554
0.33927443623542786
0.3387102782726288
0.3398570418357849
0.34069162607192993
0.34037765860557556
0.34039199352264404
0.3410106301307678
0.3413335680961609
0.33993449807167053
0.3385578691959381
0.3387809991836548
0.339422345161438
0.3388932943344116
0.3381050229072571
0.3382524847984314
0.3386143445968628
0.3383491635322571
0.33795246481895447
0.33832404017448425
0.3396170139312744
0.3428889513015747
0.350497841835022
0.3690539598464966
0.3833576440811157
0.3962935209274292
0.36601531505584717
0.350165456533432
0.35429003834724426
0.367664098739624
0.38620346784591675
0.3889325261116028
0.4052697420120239
0.40168577432632446
0.39843612909317017
0.37914735078811646
0.3900662064552307
0.4683780074119568
0.498299777507782
0.5577048063278198
0.43133974075317383
0.43584272265434265
0.43379509449005127
0.4622059166431427
0.5223907232284546
0.6303161382675171
1.0420762300491333
0.6051654815673828
0.6540648937225342
0.5627971887588501
0.5658801198005676
0.5642942190170288
0.5542705059051514
0.6391724348068237
0.9120791554450989
1.9384969472885132
0.7717850208282471
0.700508713722229
0.9750182628631592
1.001373052597046
1.1864240169525146
0.7868283987045288
0.7826042175292969
0.9260258674621582
0.8070282936096191
0.7815448045730591
0.6934358477592468
0.6841444373130798
0.7298882007598877
0.6756100654602051
0.6606382131576538
0.6045647859573364
0.5834482312202454
0.5738259553909302
0.5582554936408997
0.5694221258163452
0.5658745765686035
0.5695968866348267
0.5341417789459229
0.5175899267196655
0.48723104596138
0.47993797063827515
0.49046891927719116
0.48016324639320374
0.4679681360721588
0.45454680919647217
0.4468262791633606
0.44042307138442993
0.4383049011230469
0.4403715133666992
0.4355805516242981
0.4322744607925415
0.4265809655189514
0.42001068592071533
0.41094791889190674
0.40798449516296387
0.40671080350875854
0.40432196855545044
0.40425974130630493
0.4024454355239868
0.3989869952201843
0.3951534628868103
0.3922526240348816
0.3886305093765259
0.3867454528808594
0.38615530729293823
0.3848765194416046
0.3842480182647705
0.3838215172290802
0.3829526901245117
0.3811677098274231
0.379589319229126
0.3769865334033966
0.37477684020996094
0.3735419809818268
0.37272271513938904
0.372243732213974
0.37205976247787476
0.37178897857666016
0.37104618549346924
0.37034302949905396
0.36899277567863464
0.367523193359375
0.36623015999794006
0.36528515815734863
0.36465615034103394
0.36435896158218384
0.3642009198665619
0.36401283740997314
0.3639741837978363
0.3637004494667053
0.36326366662979126
0.3623692989349365
0.36132797598838806
0.36019495129585266
0.3594304621219635
0.3590628206729889
0.3589091897010803
0.3589116334915161
0.35892415046691895
0.35894402861595154
0.3587193787097931
0.3583686947822571
0.35758718848228455
0.35670047998428345
0.3559083938598633
0.355428010225296
0.35523954033851624
0.3552338480949402
0.35532689094543457
0.3553842008113861
0.3554614186286926
0.35529640316963196
0.3549392819404602
0.35421186685562134
0.35344213247299194
0.3528199791908264
0.3525199294090271
0.3524872362613678
0.3525846004486084
0.35277611017227173
0.3529433012008667
0.3530948758125305
0.3528977036476135
0.3524405360221863
0.3516273498535156
0.35088932514190674
0.3504908084869385
0.35046032071113586
0.3506429195404053
0.35085219144821167
0.35106155276298523
0.3510493338108063
0.35084742307662964
0.3502689003944397
0.34959739446640015
0.34905725717544556
0.34884291887283325
0.34889480471611023
0.34907060861587524
0.3493301570415497
0.3495349884033203
0.3497130572795868
0.3495262861251831
0.34905532002449036
0.3482958674430847
0.34769243001937866
0.34748077392578125
0.34759199619293213
0.34784895181655884
0.3480745553970337
0.34824609756469727
0.34812378883361816
0.34778958559036255
0.34719419479370117
0.346657395362854
0.34637799859046936
0.34637707471847534
0.34654080867767334
0.3467693030834198
0.34707802534103394
0.34729111194610596
0.3474147915840149
0.34709566831588745
0.3465059995651245
0.34578773379325867
0.3453887701034546
0.34541261196136475
0.3456657826900482
0.34597864747047424
0.3461950421333313
0.34628525376319885
0.3459811210632324
0.3454674780368805
0.3448903560638428
0.3445679545402527
0.3445577919483185
0.34474503993988037
0.3450281322002411
0.34528443217277527
0.34553414583206177
0.34550392627716064
0.34524139761924744
0.3446129858493805
0.3440238833427429
0.3437527120113373
0.34382444620132446
0.3440830111503601
0.3443700671195984
0.3446560800075531
0.34473296999931335
0.344613641500473
0.3441072404384613
0.343519926071167
0.343112975358963
0.34304875135421753
0.3432316482067108
0.3435099124908447
0.3438592851161957
0.34413284063339233
0.34430718421936035
0.34403786063194275
0.3434714674949646
0.34277456998825073
0.3424259424209595
0.34251201152801514
0.34282079339027405
0.34318017959594727
0.34338465332984924
0.3434443771839142
0.34312188625335693
0.3425985872745514
0.34207314252853394
0.34184014797210693
0.34191447496414185
0.3421526551246643
0.34249642491340637
0.34285175800323486
0.3432376980781555
0.3432867228984833
0.34301894903182983
0.34227004647254944
0.3415769934654236
0.341337114572525
0.3415600061416626
0.34197622537612915
0.342305988073349
0.3425127863883972
0.34233635663986206
0.341888427734375
0.341268926858902
0.3409017324447632
0.3409025967121124
0.3411359190940857
0.34148693084716797
0.34183651208877563
0.3422016501426697
0.34226173162460327
0.3420369327068329
0.3413475751876831
0.3406822979450226
0.34041476249694824
0.3405909538269043
0.3409734070301056
0.34130409359931946
0.3415581285953522
0.34147223830223083
0.34113699197769165
0.3405482769012451
0.34009724855422974
0.33997127413749695
0.3401155471801758
0.3404116928577423
0.3407748341560364
0.34126076102256775
0.3416179120540619
0.3418399691581726
0.3414013981819153
0.3406205475330353
0.3398355543613434
0.33965152502059937
0.3400067090988159
0.34049132466316223
0.340881884098053
0.3408961594104767
0.34061765670776367
0.33997654914855957
0.33942803740501404
0.33926597237586975
0.3394559323787689
0.33981215953826904
0.34020552039146423
0.3406677842140198
0.3409293293952942
0.34097158908843994
0.3403828740119934
0.3395928144454956
0.3390204906463623
0.33900320529937744
0.3393591642379761
0.3397791385650635
0.3401649594306946
0.34022122621536255
0.3400176763534546
0.3394356667995453
0.338880330324173
0.3386046290397644
0.33867669105529785
0.3389810025691986
0.33938074111938477
0.3398855924606323
0.3402821719646454
0.34059426188468933
0.3402462601661682
0.3394879102706909
0.3386024534702301
0.33832794427871704
0.33865803480148315
0.3391471207141876
0.33956286311149597
0.3396334648132324
0.3394015431404114
0.33877435326576233
0.3382156491279602
0.3380032479763031
0.3381224572658539
0.338421106338501
0.3388177454471588
0.33939963579177856
0.3398851156234741
0.34027743339538574
0.33992958068847656
0.3391735553741455
0.33821505308151245
0.33781278133392334
0.3381277024745941
0.3387233018875122
0.3391990065574646
0.339202880859375
0.33891189098358154
0.3382665812969208
0.3376983404159546
0.337493360042572
0.3377043902873993
0.3381156623363495
0.33851301670074463
0.3390214443206787
0.3394032120704651
0.3396400213241577
0.33911216259002686
0.33821552991867065
0.33745187520980835
0.33736011385917664
0.3376758396625519
0.3380591571331024
0.3385103940963745
0.33873119950294495
0.33864328265190125
0.3380175232887268
0.3374747633934021
0.33718961477279663
0.337076872587204
0.3371511697769165
0.3374922275543213
0.33804696798324585
0.33861422538757324
0.3394734859466553
0.3401583731174469
0.3406362235546112
0.3395185172557831
0.3379228711128235
0.3370903730392456
0.3374829888343811
0.3381957709789276
0.33865079283714294
0.3389613926410675
0.33849433064460754
0.3375246226787567
0.33679333329200745
0.33691978454589844
0.33725613355636597
0.33738845586776733
0.3378150165081024
0.3384280800819397
0.3389075696468353
0.33860713243484497
0.33835574984550476
0.3379116654396057
0.3371710181236267
0.33647269010543823
0.3366316854953766
0.3371294140815735
0.33728909492492676
0.33761557936668396
0.33822429180145264
0.338789165019989
0.33843475580215454
0.33802151679992676
0.33755698800086975
0.33692097663879395
0.3362356424331665
0.33633285760879517
0.33686554431915283
0.3371160328388214
0.3375163674354553
0.3382558524608612
0.3391038775444031
0.3388364315032959
0.33826911449432373
0.3375171422958374
0.3367776870727539
0.33611708879470825
0.336381733417511
0.3371707797050476
0.3374965786933899
0.3377198278903961
0.3379139006137848
0.33794790506362915
0.3369786739349365
0.33611035346984863
0.33599114418029785
0.3360796570777893
0.3360816538333893
0.3364173173904419
0.3372115194797516
0.3379499912261963
0.33895111083984375
0.3398250639438629
0.34071362018585205
0.33931881189346313
0.33711010217666626
0.3360062837600708
0.33665138483047485
0.33748990297317505
0.3379129469394684
0.3382880687713623
0.33763301372528076
0.336357444524765
0.33564847707748413
0.3360418677330017
0.3363771140575409
0.3363756835460663
0.33691075444221497
0.337562620639801
0.3378540873527527
0.33744335174560547
0.33738017082214355
0.3369344174861908
0.3359617590904236
0.33526742458343506
0.3355556130409241
0.33588916063308716
0.3358767628669739
0.3363327085971832
0.33713340759277344
0.33787405490875244
0.3379933834075928
0.33844098448753357
0.3381490707397461
0.3369773328304291
0.3354255259037018
0.33531653881073
0.3359030485153198
0.33604976534843445
0.3364712595939636
0.3371598720550537
0.3374946713447571
0.3367002606391907
0.336154967546463
0.33585822582244873
0.3352919816970825
0.33480092883110046
0.3350795805454254
0.335544228553772
0.3357198238372803
0.3363332748413086
0.3374885618686676
0.3389895558357239
0.3393814265727997
0.33955734968185425
0.33842360973358154
0.3366531729698181
0.33502572774887085
0.33555081486701965
0.33710968494415283
0.3375075161457062
0.33741772174835205
0.3370298743247986
0.33631956577301025
0.3350083529949188
0.33482134342193604
0.335644394159317
0.335981547832489
0.33616140484809875
0.336805522441864
0.3378138542175293
0.33755558729171753
0.33681321144104004
0.33613768219947815
0.3357142508029938
0.334767609834671
0.33449384570121765
0.3352062404155731
0.3356165289878845
0.33576762676239014
0.3362184762954712
0.33706748485565186
0.3369687795639038
0.336404412984848
0.3357418179512024
0.3353649377822876
0.33454182744026184
0.33408573269844055
0.33450326323509216
0.3349778652191162
0.33529433608055115
0.33593079447746277
0.33740392327308655
0.3385092616081238
0.3391956686973572
0.3383314609527588
0.3373146951198578
0.33545058965682983
0.3343506455421448
0.3351025879383087
0.3364902436733246
0.3371300995349884
0.33654671907424927
0.33601051568984985
0.335227370262146
0.3343474566936493
0.33415770530700684
0.3348881006240845
0.33557188510894775
0.33573174476623535
0.33631348609924316
0.3369137644767761
0.3370497524738312
0.33567869663238525
0.3346964120864868
0.3344838619232178
0.33426031470298767
0.33410122990608215
0.3346211910247803
0.3354472219944
0.3357325494289398
0.3361016809940338
0.3365883529186249
0.33703577518463135
0.3358752429485321
0.3345017731189728
0.33401545882225037
0.33410680294036865
0.3340705633163452
0.33434849977493286
0.3352506458759308
0.3359336256980896
0.33647850155830383
0.3367235064506531
0.33727478981018066
0.3364053964614868
0.3347815275192261
0.33365368843078613
0.33401182293891907
0.3345430791378021
0.3346962332725525
0.3353898227214813
0.3362540602684021
0.33673253655433655
0.33599531650543213
0.335552841424942
0.3351810574531555
0.33440664410591125
0.33337533473968506
0.33349576592445374
0.3341887891292572
0.33432334661483765
0.33468738198280334
0.33579590916633606
0.3375353217124939
0.3383273482322693
0.3390793204307556
0.3386800289154053
0.3377813696861267
0.3348267078399658
0.33355334401130676
0.33500948548316956
0.3363184630870819
0.33671116828918457
0.3366937041282654
0.3370420038700104
0.3357473611831665
0.3339143395423889
0.3335941433906555
0.33440136909484863
0.3344312906265259
0.33423805236816406
0.3353991210460663
0.33688226342201233
0.33851054310798645
0.3396318256855011
0.3420839011669159
0.3414391279220581
0.3380565643310547
0.3342157006263733
0.3350216746330261
0.3368527889251709
0.3367942273616791
0.337869793176651
0.3386062979698181
0.3374575972557068
0.33466824889183044
0.3347253203392029
0.3352338671684265
0.334285169839859
0.33443328738212585
0.3357742726802826
0.3365718424320221
0.33706751465797424
0.3396781384944916
0.34156015515327454
0.34199732542037964
0.3385452330112457
0.3365674614906311
0.3353220224380493
0.33488333225250244
0.3365485966205597
0.338104784488678
0.3377673625946045
0.3355911076068878
0.334879606962204
0.3346412777900696
0.3339100778102875
0.3340610861778259
0.33511853218078613
0.33575618267059326
0.3355373740196228
0.3362957835197449
0.33687204122543335
0.33640944957733154
0.334649920463562
0.3339349925518036
0.333694189786911
0.33314409852027893
0.33313488960266113
0.3339129686355591
0.33457687497138977
0.3347005546092987
0.33548039197921753
0.3363184928894043
0.3365730345249176
0.33506646752357483
0.3338322937488556
0.3332708775997162
0.3329002857208252
0.33281591534614563
0.33352988958358765
0.3344965875148773
0.33464834094047546
0.33476054668426514
0.3348008394241333
0.3346283435821533
0.333295613527298
0.3322647213935852
0.332370400428772
0.33270925283432007
0.33269402384757996
0.3329808712005615
0.3340783715248108
0.33503228425979614
0.33611857891082764
0.33677878975868225
0.33789917826652527
0.3368420898914337
0.33429935574531555
0.33234137296676636
0.3331640362739563
0.33430758118629456
0.3342737853527069
0.3350232243537903
0.3359081745147705
0.335727721452713
0.3337249755859375
0.3331979513168335
0.33344823122024536
0.3327171206474304
0.3321743309497833
0.3328735828399658
0.3335622251033783
0.33378392457962036
0.3353542685508728
0.33833807706832886
0.34282732009887695
0.3440941870212555
0.34502333402633667
0.3411760926246643
0.33655333518981934
0.33393359184265137
0.33726316690444946
0.3418467342853546
0.341052383184433
0.3387725055217743
0.3366865813732147
0.33577960729599
0.33487334847450256
0.33586692810058594
0.3380551338195801
0.3371752202510834
0.3352763056755066
0.33454442024230957
0.33486467599868774
0.33384907245635986
0.3329060673713684
0.33350977301597595
0.3340641260147095
0.334026038646698
0.33486267924308777
0.33811408281326294
0.34182846546173096
0.34722965955734253
0.34813424944877625
0.347632497549057
0.3393315076828003
0.3343796730041504
0.33808889985084534
0.34313127398490906
0.343500018119812
0.3388836085796356
0.3376469612121582
0.33713778853416443
0.33603358268737793
0.33735227584838867
0.3388299345970154
0.3378184139728546
0.3348875343799591
0.33489441871643066
0.335313081741333
0.333962619304657
0.33341291546821594
0.3344150185585022
0.33487895131111145
0.3349226713180542
0.33724889159202576
0.3412702977657318
0.3471570611000061
0.34813445806503296
0.3478473424911499
0.3407139778137207
0.3352678716182709
0.3369739353656769
0.3422589898109436
0.34332412481307983
0.3375825583934784
0.335193395614624
0.33679628372192383
0.33689945936203003
0.3368646204471588
0.33756089210510254
0.3371272087097168
0.3341576159000397
0.3334820866584778
0.334766685962677
0.33442214131355286
0.33376941084861755
0.33474940061569214
0.3362617492675781
0.33651015162467957
0.3377048075199127
0.3390611410140991
0.3395116329193115
0.3356027603149414
0.33317556977272034
0.33368194103240967
0.33413705229759216
0.3343438506126404
0.3352000117301941
0.3357679843902588
0.33399778604507446
0.33246731758117676
0.3325674533843994
0.3326733410358429
0.3320448696613312
0.3321589231491089
0.3330516815185547
0.3332827687263489
0.33368828892707825
0.33483296632766724
0.33663174510002136
0.3364465832710266
0.3352193832397461
0.3333953619003296
0.3324202597141266
0.33180198073387146
0.33228129148483276
0.3336556553840637
0.33379650115966797
0.33290383219718933
0.33186811208724976
0.3316414952278137
0.33137473464012146
0.3311045169830322
0.3315235376358032
0.3321837782859802
0.33256784081459045
0.33267295360565186
0.33331677317619324
0.3335695266723633
0.33305251598358154
0.3315145671367645
0.3308509886264801
0.3310237228870392
0.3310278058052063
0.3310672640800476
0.33162233233451843
0.33244746923446655
0.3326352834701538
0.3326414227485657
0.33260855078697205
0.3327457904815674
0.3317229151725769
0.33051276206970215
0.33029627799987793
0.33076563477516174
0.3309325575828552
0.33093953132629395
0.3316221237182617
0.3326766788959503
0.3338164985179901
0.33418646454811096
0.3348976969718933
0.33471953868865967
0.33365994691848755
0.33109942078590393
0.33046796917915344
0.33181846141815186
0.33252835273742676
0.33262941241264343
0.3330073952674866
0.33390071988105774
0.3330878019332886
0.33140116930007935
0.3306756019592285
0.33124053478240967
0.3310031592845917
0.3302168846130371
