# adam, lr=0.01, alpha = 1000000, beta = 0.1
# best_iter: 2989, best_loss = 0.04779002070426941, imsave period = 300
7.170862674713135
4.628975868225098
3.551593065261841
3.0052192211151123
2.6654210090637207
2.4129087924957275
2.2074880599975586
2.0295820236206055
1.868869662284851
1.7214008569717407
1.5849056243896484
1.4582812786102295
1.3410252332687378
1.232978343963623
1.134217619895935
1.0444451570510864
0.9629024267196655
0.8890429735183716
0.8222970366477966
0.761786699295044
0.7070574164390564
0.657677412033081
0.6132408976554871
0.5732722282409668
0.5371401906013489
0.5046104192733765
0.4752790331840515
0.44873324036598206
0.42469364404678345
0.40281954407691956
0.3828437030315399
0.364518940448761
0.34767481684684753
0.3320779502391815
0.3175852596759796
0.30412429571151733
0.29154470562934875
0.27976858615875244
0.26870810985565186
0.2583078444004059
0.24853377044200897
0.23931866884231567
0.23063582181930542
0.22247068583965302
0.21480128169059753
0.20758800208568573
0.2008209526538849
0.19447332620620728
0.18851688504219055
0.1829373836517334
0.17772075533866882
0.17284844815731049
0.16829949617385864
0.16404899954795837
0.160077303647995
0.15636363625526428
0.1528836190700531
0.14962199330329895
0.14656010270118713
0.14367744326591492
0.14095591008663177
0.13838499784469604
0.13595148921012878
0.133640319108963
0.1314367949962616
0.12933751940727234
0.12733250856399536
0.12541615962982178
0.12358218431472778
0.12182553112506866
0.12014161050319672
0.11852539330720901
0.11697269976139069
0.11548137664794922
0.11404874920845032
0.11267316341400146
0.1113509014248848
0.11007986962795258
0.10885801911354065
0.10768362879753113
0.10655428469181061
0.10546788573265076
0.10442200303077698
0.10341472923755646
0.1024431437253952
0.10150593519210815
0.10060060024261475
0.09972581267356873
0.09887923300266266
0.09805913269519806
0.09726424515247345
0.09649334102869034
0.0957455039024353
0.09501957893371582
0.09431463479995728
0.09362959116697311
0.09296352416276932
0.09231571853160858
0.09168516099452972
0.09107127785682678
0.09047339111566544
0.0898912101984024
0.08932383358478546
0.08877087384462357
0.08823212236166
0.08770713955163956
0.08719486743211746
0.08669517934322357
0.08620788902044296
0.08573192358016968
0.08526748418807983
0.08481412380933762
0.08437076210975647
0.08393723517656326
0.0835130512714386
0.08309809863567352
0.08269204199314117
0.08229485154151917
0.08190560340881348
0.08152450621128082
0.08115123212337494
0.08078579604625702
0.08042764663696289
0.08007654547691345
0.07973254472017288
0.07939539104700089
0.07906508445739746
0.07874102890491486
0.07842326164245605
0.07811149954795837
0.07780583202838898
0.07750584185123444
0.07721100002527237
0.07692192494869232
0.07663802057504654
0.07635914534330368
0.07608513534069061
0.07581612467765808
0.07555186003446579
0.0752921998500824
0.07503674924373627
0.07478565722703934
0.07453890144824982
0.07429639995098114
0.07405770570039749
0.07382290065288544
0.07359183579683304
0.07336455583572388
0.07314103096723557
0.07292106747627258
0.07270462065935135
0.07249157130718231
0.07228189706802368
0.07207532972097397
0.07187189906835556
0.07167159765958786
0.07147446274757385
0.07128024846315384
0.07108885794878006
0.0709003284573555
0.07071459293365479
0.07053172588348389
0.07035158574581146
0.07017409801483154
0.06999910622835159
0.06982657313346863
0.06965646147727966
0.06948883831501007
0.06932368874549866
0.06916091591119766
0.06900051981210709
0.06884222477674484
0.06868619471788406
0.06853238493204117
0.06838081777095795
0.06823132932186127
0.06808391958475113
0.06793839484453201
0.06779493391513824
0.06765326857566833
0.06751357764005661
0.06737576425075531
0.06723962724208832
0.06710532307624817
0.06697282195091248
0.0668419897556305
0.0667128637433052
0.06658541411161423
0.06645958870649338
0.06633534282445908
0.06621259450912476
0.06609150767326355
0.06597167998552322
0.06585346162319183
0.06573674082756042
0.06562148034572601
0.06550747901201248
0.0653948187828064
0.06528372317552567
0.06517381966114044
0.06506530940532684
0.06495815515518188
0.0648522675037384
0.06474766880273819
0.06464424729347229
0.06454189121723175
0.06444070488214493
0.06434071809053421
0.06424190104007721
0.06414415687322617
0.06404750049114227
0.06395189464092255
0.06385737657546997
0.06376399099826813
0.0636715516448021
0.063580222427845
0.06348982453346252
0.06340038031339645
0.06331199407577515
0.06322449445724487
0.06313802301883698
0.0630524754524231
0.06296773999929428
0.06288386136293411
0.06280095875263214
0.06271890550851822
0.06263771653175354
0.06255735456943512
0.062477655708789825
0.062398914247751236
0.06232098489999771
0.062243930995464325
0.062167584896087646
0.062092166393995285
0.06201740726828575
0.06194325163960457
0.06186990812420845
0.06179732829332352
0.06172540411353111
0.06165420264005661
0.06158372014760971
0.06151387467980385
0.061444733291864395
0.061376407742500305
0.06130855903029442
0.06124144792556763
0.06117497384548187
0.06110906973481178
0.06104372441768646
0.060979098081588745
0.06091511994600296
0.06085167080163956
0.06078869849443436
0.060726411640644073
0.06066467612981796
0.06060345098376274
0.060542915016412735
0.0604829303920269
0.06042340025305748
0.06036446988582611
0.060305945575237274
0.06024807691574097
0.060190703719854355
0.060133710503578186
0.060077328234910965
0.060021381825208664
0.05996581166982651
0.05991080775856972
0.05985623225569725
0.059802163392305374
0.05974847078323364
0.05969538167119026
0.05964255705475807
0.05959036946296692
0.05953853577375412
0.05948710814118385
0.05943605676293373
0.05938535928726196
0.05933523550629616
0.05928555876016617
0.059236228466033936
0.05918731912970543
0.05913882330060005
0.05909067019820213
0.05904284119606018
0.05899553745985031
0.05894851312041283
0.05890186131000519
0.05885554105043411
0.05880974978208542
0.05876411497592926
0.05871891602873802
0.05867403745651245
0.05862955003976822
0.058585524559020996
0.05854169651865959
0.05849824100732803
0.05845523253083229
0.05841256305575371
0.05837010219693184
0.058328140527009964
0.05828634649515152
0.05824483558535576
0.05820370465517044
0.05816291272640228
0.05812244489789009
0.058082208037376404
0.05804222822189331
0.05800263583660126
0.05796337127685547
0.05792432278394699
0.05788554251194
0.0578470453619957
0.05780878663063049
0.05777089297771454
0.05773322656750679
0.05769598111510277
0.05765894055366516
0.057622022926807404
0.057585593312978745
0.05754939094185829
0.05751350522041321
0.05747777968645096
0.05744229257106781
0.05740710720419884
0.05737225338816643
0.057337477803230286
0.057302962988615036
0.05726878345012665
0.05723476782441139
0.05720095336437225
0.05716744810342789
0.05713409185409546
0.05710103362798691
0.05706815421581268
0.05703545734286308
0.0570029690861702
0.056970782577991486
0.05693880468606949
0.0569070428609848
0.05687544122338295
0.05684404820203781
0.05681293457746506
0.0567820742726326
0.05675126612186432
0.056720755994319916
0.05669049546122551
0.05666052922606468
0.05663064122200012
0.05660106614232063
0.0565716028213501
0.05654237046837807
0.05651339516043663
0.05648461729288101
0.05645597726106644
0.056427471339702606
0.05639930069446564
0.056371286511421204
0.0563434436917305
0.05631577596068382
0.05628826841711998
0.05626093968749046
0.05623398721218109
0.05620694160461426
0.056180112063884735
0.05615362524986267
0.05612710118293762
0.056100890040397644
0.05607490614056587
0.05604897812008858
0.0560232549905777
0.055997613817453384
0.055972106754779816
0.05594686418771744
0.055921755731105804
0.05589675158262253
0.05587194859981537
0.055847279727458954
0.055822841823101044
0.05579853802919388
0.055774278938770294
0.05575012415647507
0.05572624132037163
0.05570242926478386
0.05567876249551773
0.055655233561992645
0.05563183128833771
0.05560852214694023
0.055585455149412155
0.055562395602464676
0.05553951859474182
0.05551684647798538
0.05549422651529312
0.055471744388341904
0.05544932931661606
0.055426985025405884
0.055404771119356155
0.0553826168179512
0.05536075681447983
0.05533885955810547
0.055317223072052
0.055295780301094055
0.05527427792549133
0.055252887308597565
0.05523166060447693
0.055210597813129425
0.05518954247236252
0.05516862869262695
0.0551479309797287
0.055127307772636414
0.05510670319199562
0.05508623644709587
0.05506591871380806
0.0550457164645195
0.055025674402713776
0.0550057515501976
0.05498579144477844
0.05496598035097122
0.05494643747806549
0.054926835000514984
0.05490742623806
0.054888103157281876
0.05486884340643883
0.05484963208436966
0.05483062565326691
0.05481163412332535
0.054792772978544235
0.05477406457066536
0.05475536361336708
0.05473676696419716
0.05471832677721977
0.05469995364546776
0.054681599140167236
0.05466344580054283
0.054645393043756485
0.054627425968647
0.054609499871730804
0.054591648280620575
0.05457388982176781
0.054556384682655334
0.0545387789607048
0.054521337151527405
0.054503969848155975
0.05448664352297783
0.054469481110572815
0.05445236712694168
0.05443527176976204
0.05441843718290329
0.05440148711204529
0.054384659975767136
0.054367899894714355
0.054351285099983215
0.05433476343750954
0.05431821942329407
0.05430188030004501
0.054285530000925064
0.05426923930644989
0.05425318330526352
0.05423710495233536
0.0542210228741169
0.054205022752285004
0.054189298301935196
0.05417352169752121
0.0541578009724617
0.05414215847849846
0.05412674322724342
0.054111115634441376
0.05409575626254082
0.054080408066511154
0.05406511202454567
0.05404999479651451
0.05403487756848335
0.05401972681283951
0.054004985839128494
0.053990013897418976
0.053975120186805725
0.05396044999361038
0.05394585058093071
0.05393135920166969
0.05391666293144226
0.05390214920043945
0.053887929767370224
0.053873494267463684
0.05385923385620117
0.05384511500597
0.053830914199352264
0.053816862404346466
0.05380285531282425
0.053788937628269196
0.05377505347132683
0.05376122519373894
0.053747471421957016
0.05373379960656166
0.05372012406587601
0.053706586360931396
0.053693100810050964
0.05367979407310486
0.05366635322570801
0.05365299433469772
0.05363985151052475
0.05362667888402939
0.05361360311508179
0.053600504994392395
0.053587496280670166
0.0535745732486248
0.053561732172966
0.0535489059984684
0.053536199033260345
0.05352365970611572
0.05351100116968155
0.053498461842536926
0.05348588153719902
0.053473569452762604
0.05346109718084335
0.053448740392923355
0.053436506539583206
0.05342428386211395
0.05341218039393425
0.0533999428153038
0.053387999534606934
0.053376007825136185
0.05336393043398857
0.0533519983291626
0.05334016680717468
0.053328465670347214
0.05331671983003616
0.0533050075173378
0.053293317556381226
0.0532817505300045
0.053270112723112106
0.05325866490602493
0.05324719101190567
0.053235769271850586
0.053224414587020874
0.05321299657225609
0.05320174619555473
0.05319053307175636
0.053179334849119186
0.05316808819770813
0.053157124668359756
0.05314597487449646
0.05313485860824585
0.053123846650123596
0.053112901747226715
0.05310206860303879
0.05309133604168892
0.053080420941114426
0.053069647401571274
0.05305897444486618
0.05304823815822601
0.053037550300359726
0.05302702635526657
0.05301640182733536
0.053005900233983994
0.05299542099237442
0.05298496037721634
0.05297442525625229
0.05296420678496361
0.052953898906707764
0.05294361338019371
0.052933432161808014
0.05292307585477829
0.05291284620761871
0.05290289223194122
0.05289275944232941
0.052882686257362366
0.05287269502878189
0.052862636744976044
0.05285276472568512
0.052842944860458374
0.05283293128013611
0.05282314866781235
0.0528133399784565
0.05280354619026184
0.05279379338026047
0.05278412997722626
0.052774447947740555
0.05276487022638321
0.05275522917509079
0.0527457669377327
0.05273628607392311
0.052726827561855316
0.05271736532449722
0.052707917988300323
0.05269855633378029
0.052689217031002045
0.05268004909157753
0.05267063528299332
0.05266159027814865
0.052652448415756226
0.05264317989349365
0.05263395607471466
0.05262491852045059
0.05261595547199249
0.052606865763664246
0.0525977648794651
0.05258893966674805
0.05258001759648323
0.05257120728492737
0.05256221070885658
0.052553433924913406
0.052544623613357544
0.05253589525818825
0.05252711474895477
0.0525183267891407
0.05250965803861618
0.052500925958156586
0.05249229446053505
0.05248361453413963
0.05247494578361511
0.05246652662754059
0.05245804414153099
0.05244951322674751
0.05244112014770508
0.052432604134082794
0.052424222230911255
0.05241582915186882
0.052407387644052505
0.05239906162023544
0.05239089950919151
0.052382517606019974
0.05237431079149246
0.05236600711941719
0.052357904613018036
0.05234979838132858
0.05234158784151077
0.052333537489175797
0.05232538282871246
0.05231724679470062
0.05230928584933281
0.05230129510164261
0.0522933304309845
0.05228535085916519
0.05227743089199066
0.05226968601346016
0.0522618368268013
0.05225386470556259
0.05224614590406418
0.05223839357495308
0.052230507135391235
0.05222292244434357
0.052215155214071274
0.052207522094249725
0.05219971388578415
0.052192192524671555
0.0521845705807209
0.05217690020799637
0.052169300615787506
0.05216187611222267
0.05215424299240112
0.05214677378535271
0.05213930457830429
0.05213186889886856
0.052124302834272385
0.05211711674928665
0.05210968106985092
0.05210234224796295
0.05209502950310707
0.0520876906812191
0.05208032578229904
0.052073147147893906
0.05206587165594101
0.05205877125263214
0.05205145478248596
0.05204430967569351
0.05203714594244957
0.05203024670481682
0.052023012191057205
0.052015915513038635
0.052008889615535736
0.05200207978487015
0.051994990557432175
0.05198829621076584
0.05198116600513458
0.05197462439537048
0.05196768045425415
0.05196124687790871
0.051954180002212524
0.05194801464676857
0.05194113403558731
0.051934849470853806
0.051927533000707626
0.051921531558036804
0.051914241164922714
0.05190805718302727
0.05190088599920273
0.051894545555114746
0.05188726633787155
0.05188114568591118
0.05187398940324783
0.05186782404780388
0.051860909909009933
0.05185481905937195
0.051847971975803375
0.051842089742422104
0.0518353171646595
0.051829490810632706
0.05182280391454697
0.05181703716516495
0.051810212433338165
0.051804687827825546
0.051797620952129364
0.0517919659614563
0.05178501829504967
0.05177925154566765
0.0517721101641655
0.05176642909646034
0.05175952985882759
0.05175391957163811
0.05174702778458595
0.051741618663072586
0.05173497647047043
0.05172964185476303
0.05172312632203102
0.05171805992722511
0.05171142891049385
0.051706552505493164
0.051699794828891754
0.05169486999511719
0.051687903702259064
0.05168294161558151
0.051675766706466675
0.051670633256435394
0.051663484424352646
0.05165838450193405
0.05165136605501175
0.05164622515439987
0.0516393817961216
0.05163479596376419
0.051628194749355316
0.05162374675273895
0.05161768198013306
0.05161362141370773
0.05160706862807274
0.05160323902964592
0.051596157252788544
0.05159194767475128
0.05158442258834839
0.05157975107431412
0.05157233774662018
0.05156734958291054
0.051560062915086746
0.05155496671795845
0.05154796689748764
0.05154336616396904
0.05153726041316986
0.05153340473771095
0.051527731120586395
0.05152488499879837
0.05151919648051262
0.05151720717549324
0.051510825753211975
0.051507893949747086
0.051499392837285995
0.05149490386247635
0.051485881209373474
0.05148031562566757
0.051472216844558716
0.051466912031173706
0.051459841430187225
0.0514545738697052
0.051448266953229904
0.05144413188099861
0.05143924802541733
0.051437344402074814
0.05143463984131813
0.05143721401691437
0.05143483355641365
0.05143844336271286
0.05143003538250923
0.05142770707607269
0.051413070410490036
0.05140572413802147
0.051393866539001465
0.051386959850788116
0.05138017609715462
0.051374275237321854
0.051369860768318176
0.051365457475185394
0.051365528255701065
0.051364704966545105
0.051371995359659195
0.05137196183204651
0.0513790138065815
0.05136634409427643
0.051360707730054855
0.05134087800979614
0.05133131891489029
0.051320821046829224
0.05131521821022034
0.05131176859140396
0.05130807310342789
0.05131014063954353
0.051308974623680115
0.05131625384092331
0.05131226405501366
0.05131581425666809
0.051300350576639175
0.05129416659474373
0.051276855170726776
0.05126771703362465
0.051257435232400894
0.05125093832612038
0.05124658718705177
0.05124234780669212
0.051243238151073456
0.05124303698539734
0.051253851503133774
0.051257647573947906
0.051271919161081314
0.051259417086839676
0.051255371421575546
0.051229219883680344
0.051217466592788696
0.05120350420475006
0.051196690648794174
0.05119532719254494
0.05119403451681137
0.051201220601797104
0.051201231777668
0.05121120810508728
0.05120269954204559
0.05120386928319931
0.05118192732334137
0.05117076635360718
0.05115308240056038
0.05114525184035301
0.051138684153556824
0.051133349537849426
0.05113237723708153
0.05113048851490021
0.05113954097032547
0.05114472657442093
0.05116444081068039
0.051161810755729675
0.05116933584213257
0.05114160478115082
0.05112789571285248
0.05110256373882294
0.0510932095348835
0.05108778178691864
0.05108467489480972
0.05108970031142235
0.05109035596251488
0.051103752106428146
0.05110188201069832
0.05111151933670044
0.05109288543462753
0.0510856956243515
0.051060277968645096
0.05104873701930046
0.05103534460067749
0.051028329879045486
0.05102432891726494
0.05102091282606125
0.05102614313364029
0.05103161558508873
0.051057908684015274
0.05107332393527031
0.051110073924064636
0.05109059438109398
0.05108364671468735
0.051035430282354355
0.051016777753829956
0.051003891974687576
0.0510009229183197
0.05100957304239273
0.05101044476032257
0.051027312874794006
0.05101882293820381
0.05102022737264633
0.05099216103553772
0.05097844824194908
0.05095592886209488
0.05094730854034424
0.05093855783343315
0.05093138664960861
0.05092758685350418
0.05092399939894676
0.05093418061733246
0.05094660446047783
0.05098635330796242
0.05100509524345398
0.05104779079556465
0.05101573094725609
0.05100855976343155
0.0509597510099411
0.05093902349472046
0.050921112298965454
0.05091583728790283
0.05093132704496384
0.05093778297305107
0.05096304789185524
0.05094932019710541
0.05094679817557335
0.05090874806046486
0.05089358612895012
0.05087191238999367
0.05086458474397659
0.05085645616054535
0.050847865641117096
0.050850264728069305
0.0508539043366909
0.05088229849934578
0.05089954286813736
0.05094233527779579
0.050925761461257935
0.05093327909708023
0.05088929459452629
0.05087660253047943
0.05084891989827156
0.050830889493227005
0.05082055181264877
0.05081675201654434
0.050837159156799316
0.05084853619337082
0.05087903514504433
0.05086996406316757
0.05087821185588837
0.05083858221769333
0.050826288759708405
0.050796959549188614
0.05078651010990143
0.050774648785591125
0.050766702741384506
0.0507759228348732
0.05078517273068428
0.05082566291093826
0.05083690956234932
0.050871480256319046
0.05083585903048515
0.05083155632019043
0.050791189074516296
0.05077815800905228
0.05075576901435852
0.05073880776762962
0.050732988864183426
0.050731558352708817
0.05075915530323982
0.05077791586518288
0.05082632973790169
0.050820037722587585
0.050830498337745667
0.05077168345451355
0.050749119371175766
0.050716616213321686
0.05071500316262245
0.050713200122117996
0.05070476979017258
0.05071050301194191
0.050711531192064285
0.05075141042470932
0.050766389816999435
0.050811175256967545
0.05076585337519646
0.05074268579483032
0.050688713788986206
0.05068673565983772
0.05068810284137726
0.05068298429250717
0.050666384398937225
0.05063678324222565
0.05062621086835861
0.05062808096408844
0.05065662041306496
0.05068809166550636
0.05076054483652115
0.05080757662653923
0.050921473652124405
0.05088615417480469
0.050915393978357315
0.05077964439988136
0.05074935033917427
0.050736188888549805
0.05075560137629509
0.050827477127313614
0.05082652345299721
0.05086985602974892
0.05076009780168533
0.05071388930082321
0.05066467076539993
0.050664033740758896
0.05067673325538635
0.05067332834005356
0.050705477595329285
0.05070178955793381
0.050757817924022675
0.05075656995177269
0.05079313740134239
0.05072666332125664
0.05067545175552368
0.05059788376092911
0.050573524087667465
0.05058331415057182
0.05059674009680748
0.05061354115605354
0.05059371888637543
0.05060267448425293
0.05060717463493347
0.05069701746106148
0.05074021965265274
0.05080351233482361
0.050666213035583496
0.050591737031936646
0.05057138204574585
0.050622060894966125
0.05064146965742111
0.05059049651026726
0.050528548657894135
0.05050738528370857
0.050523146986961365
0.05055461451411247
0.05054618418216705
0.05058921128511429
0.05065883323550224
0.050901610404253006
0.051054734736680984
0.05125784873962402
0.050918206572532654
0.05071049928665161
0.05065636336803436
0.050835344940423965
0.050905171781778336
0.05070703849196434
0.05056401714682579
0.05060313269495964
0.050680797547101974
0.05063449591398239
0.050510674715042114
0.05048979073762894
0.05056930333375931
0.05058680847287178
0.050603609532117844
0.050645243376493454
0.05088834837079048
0.0509028322994709
0.05095197260379791
0.05065842717885971
0.050685297697782516
0.050730228424072266
0.050742510706186295
0.050654634833335876
0.05056362971663475
0.05057322978973389
0.05061889439821243
0.05068885535001755
0.05071915686130524
0.050951018929481506
0.051042113453149796
0.051383838057518005
0.050921473652124405
0.050896983593702316
0.05074085295200348
0.05080592259764671
0.05081864446401596
0.05079135298728943
0.05079164355993271
0.050770390778779984
0.05096587911248207
0.051160406321287155
0.051786862313747406
0.05150254815816879
0.051699358969926834
0.05099204182624817
0.05127651244401932
0.05119217187166214
0.051368650048971176
0.051300227642059326
0.051486384123563766
0.051588024944067
0.0527789406478405
0.05220869183540344
0.05484631285071373
0.052071016281843185
0.057828743010759354
0.0545211024582386
0.05930202454328537
0.05719897523522377
0.06186593696475029
0.05941646546125412
0.0662781372666359
0.06085703521966934
0.06921802461147308
0.06305432319641113
0.07126186788082123
0.06529141962528229
0.0726027563214302
0.06678719818592072
0.07356869429349899
0.0675024688243866
0.07330500334501266
0.06797578185796738
0.07397116720676422
0.06807604432106018
0.07292318344116211
0.06758441030979156
0.07228496670722961
0.0670924037694931
0.0714905709028244
0.06671953946352005
0.07145129144191742
0.06618034839630127
0.07110369205474854
0.06560933589935303
0.07022959738969803
0.06520629674196243
0.06972105801105499
0.06486453860998154
0.06932246685028076
0.06444109231233597
0.06860955059528351
0.06397859752178192
0.0682327002286911
0.06362264603376389
0.06782341003417969
0.06329596042633057
0.06749317795038223
0.0628870353102684
0.0666474848985672
0.06243172287940979
0.06606529653072357
0.062090858817100525
0.0656290128827095
0.061797622591257095
0.0654924213886261
0.06149329990148544
0.06528646498918533
0.06111815199255943
0.06471015512943268
0.06085085868835449
0.06439226865768433
0.060665905475616455
0.06385470926761627
0.060291606932878494
0.06320157647132874
0.06004387140274048
0.06314577162265778
0.05982574447989464
0.06299202144145966
0.05950513109564781
0.06234627589583397
0.05920759588479996
0.061804018914699554
0.05893631651997566
0.0614105723798275
0.05867858603596687
0.061180323362350464
0.05837436020374298
0.06102441996335983
0.05808530002832413
0.060501519590616226
0.05789582431316376
0.06025813892483711
0.05770236998796463
0.060006339102983475
0.05750222131609917
0.059558019042015076
0.0572625994682312
0.059174008667469025
0.056998588144779205
0.05873784050345421
0.05672227963805199
0.05832181125879288
0.05646238476037979
0.05810796469449997
0.056209780275821686
0.05772879719734192
0.05592517554759979
0.05752326920628548
0.05579034984111786
0.05747416242957115
0.055661216378211975
0.057300664484500885
0.05542547255754471
0.05705954134464264
0.05528442561626434
0.05677904933691025
0.055189069360494614
0.056532762944698334
0.055099695920944214
0.05650092288851738
0.05495356395840645
0.05634492635726929
0.054762087762355804
0.05595870316028595
0.05459114536643028
0.05569194629788399
0.054459962993860245
0.055429764091968536
0.05428722873330116
0.05513254925608635
0.05404532700777054
0.054785262793302536
0.05385170504450798
0.054570890963077545
0.05365091934800148
0.05428585410118103
0.053412821143865585
0.053901512175798416
0.05319952964782715
0.05360214784741402
0.053016699850559235
0.05334680154919624
0.052800603210926056
0.05306137353181839
0.05257942155003548
0.05279714614152908
0.05238517373800278
0.05255834758281708
0.05218801274895668
0.05230835825204849
0.051975149661302567
0.05202558636665344
0.05176285281777382
0.05176788568496704
0.051574189215898514
0.05155302211642265
0.05140313878655434
0.05136627331376076
0.05124490335583687
0.051199980080127716
0.05109362304210663
0.05104494094848633
0.05095171928405762
0.05089929699897766
0.050821453332901
0.05077172815799713
0.05070730298757553
0.05066120624542236
0.050607483834028244
0.050565823912620544
0.0505191832780838
0.05048307776451111
0.050442274659872055
0.050412267446517944
0.05037796497344971
0.05035604536533356
0.05032719671726227
0.050313014537096024
0.050285231322050095
0.050270114094018936
0.05023530498147011
0.05021147057414055
0.05017358064651489
0.05014774948358536
0.05012088641524315
0.05010050907731056
0.05008290708065033
0.05006567761301994
0.05005354434251785
0.050038278102874756
0.050030358135700226
0.05001676827669144
0.050011906772851944
0.04999607801437378
0.049988195300102234
0.049967098981142044
0.049953196197748184
0.04993163049221039
0.04991700500249863
0.0499013289809227
0.0498894564807415
0.04987847059965134
0.04986805468797684
0.0498608835041523
0.049853045493364334
0.049851369112730026
0.049847960472106934
0.04985418915748596
0.04985219985246658
0.04985949397087097
0.0498453751206398
0.04983874782919884
0.049812979996204376
0.049797359853982925
0.04977991804480553
0.04977114498615265
0.04976639896631241
0.0497620552778244
0.04976393282413483
0.04976220801472664
0.04977012425661087
0.04976656287908554
0.04977040737867355
0.04975326359272003
0.049743033945560455
0.04972165450453758
0.049710698425769806
0.04969998449087143
0.049693506211042404
0.04969021677970886
0.04968707263469696
0.04969130828976631
0.04969261586666107
0.04970508813858032
0.04970525577664375
0.04971538484096527
0.04969937726855278
0.049690403044223785
0.04966426640748978
0.04965200275182724
0.04964154586195946
0.0496368482708931
0.04963674768805504
0.04963583126664162
0.04964454472064972
0.04964733123779297
0.04966220259666443
0.049657560884952545
0.04966135323047638
0.049638230353593826
0.04962582886219025
0.049604013562202454
0.04959487542510033
0.049588046967983246
0.04958418011665344
0.049585871398448944
0.04958675801753998
0.04959901422262192
0.049605097621679306
0.04962712526321411
0.04962466284632683
0.049630675464868546
0.049601003527641296
0.0495842769742012
0.049561139196157455
0.04955359175801277
0.04955024644732475
0.049548663198947906
0.0495576411485672
0.04956168308854103
0.049579668790102005
0.04958020895719528
0.04959162697196007
0.04957149922847748
0.04956153780221939
0.049533694982528687
0.049522239714860916
0.049510978162288666
0.049506522715091705
0.0495058074593544
0.0495043620467186
0.049515072256326675
0.04952397570014
0.049553386867046356
0.049563150852918625
0.04958749935030937
0.049559734761714935
0.04954575002193451
0.049510061740875244
0.04949819669127464
0.04948904365301132
0.04948470741510391
0.04949037358164787
0.04949245974421501
0.04951292648911476
0.049520038068294525
0.0495423898100853
0.04952871426939964
0.04952389374375343
0.04948727414011955
0.049470819532871246
0.04945236071944237
0.04944884404540062
0.04944685846567154
0.04944252595305443
0.049443431198596954
0.049443624913692474
0.049465201795101166
0.049487143754959106
0.049540720880031586
0.04954669624567032
0.049568451941013336
0.049512676894664764
0.04949485510587692
0.04947006329894066
0.049469321966171265
0.04945993795990944
0.04944077506661415
0.049432870000600815
0.04943152889609337
0.04946034029126167
0.04948379844427109
0.04952794313430786
0.04952746257185936
0.04954630881547928
0.04950537905097008
0.049501825124025345
0.049464527517557144
0.049453362822532654
0.04943244904279709
0.049420781433582306
0.04943343251943588
0.04944761097431183
0.04949454963207245
0.049492835998535156
0.04950771853327751
0.04945874959230423
0.049448899924755096
0.049429215490818024
0.04942566528916359
0.04940560460090637
0.04938039183616638
0.049367617815732956
0.04936578497290611
0.04939023405313492
0.049414876848459244
0.049469172954559326
0.04949737340211868
0.04956797882914543
0.049542613327503204
0.04954662173986435
0.04945334419608116
0.04941953718662262
0.049402203410863876
0.04941573739051819
0.049462080001831055
0.04947055131196976
0.04950451850891113
0.04945291951298714
0.04942864924669266
0.04937679320573807
0.049363069236278534
0.049357086420059204
0.04935383051633835
0.04936418682336807
0.04936406388878822
0.04939588904380798
0.0494118332862854
0.04946935549378395
0.04947247356176376
0.04949535056948662
0.0494309738278389
0.049380965530872345
0.04932045936584473
0.04930780827999115
0.049322422593832016
0.04933812469244003
0.04936172813177109
0.04935457184910774
0.049373697489500046
0.04937883839011192
0.04944291338324547
0.04945606365799904
0.0494852140545845
0.049393296241760254
0.049329787492752075
0.04930004104971886
0.049321748316287994
0.04936057701706886
0.049354441463947296
0.04936107620596886
0.049358997493982315
0.04946008324623108
0.049576930701732635
0.04976566880941391
0.049733854830265045
0.04965899884700775
0.04943124204874039
0.049430329352617264
0.04952846094965935
0.04957753047347069
0.049473270773887634
0.04932885617017746
0.04934050515294075
0.04942291975021362
0.04944455623626709
0.04934612289071083
0.04932202398777008
0.04938988760113716
0.049517419189214706
0.04953084886074066
0.04957214370369911
0.04954477399587631
0.04965009540319443
0.049533993005752563
0.04945433884859085
0.04933856427669525
0.049357395619153976
0.049446966499090195
0.04946312680840492
0.049488168209791183
0.04944327473640442
0.049551524221897125
0.049616433680057526
0.04968923330307007
0.04954126849770546
0.04942336678504944
0.049354106187820435
0.049434591084718704
0.04946429282426834
0.04939652979373932
0.04927890747785568
0.04925694689154625
0.049307141453027725
0.049321021884679794
0.04926324635744095
0.04920252785086632
0.04920191317796707
0.04922936484217644
0.0492231585085392
0.04918966442346573
0.04915942996740341
0.049175236374139786
0.049219146370887756
0.049316875636577606
0.049449577927589417
0.049789249897003174
0.049914658069610596
0.050217155367136
0.049700137227773666
0.049624063074588776
0.04948101192712784
0.04954193904995918
0.04966407269239426
0.04973407834768295
0.0499805249273777
0.049917347729206085
0.050088442862033844
0.04983861371874809
0.04983621835708618
0.04964323341846466
0.049602754414081573
0.04955540969967842
0.049547068774700165
0.04965193569660187
0.04970822483301163
0.0499962642788887
0.04996749013662338
0.050197783857584
0.04979369416832924
0.049789946526288986
0.04960384592413902
0.04962734878063202
0.049616292119026184
0.04960844665765762
0.049666088074445724
0.049703773111104965
0.05004502087831497
0.05019642412662506
0.05081270635128021
0.05021113529801369
0.050542064011096954
0.049977730959653854
0.05032990127801895
0.05007188022136688
0.05044826865196228
0.05052149295806885
0.051926083862781525
0.05156076326966286
0.05627668648958206
0.05171655863523483
0.06189484894275665
0.05623669549822807
0.06227913498878479
0.060235247015953064
0.06518690288066864
0.06227562576532364
0.07096689939498901
0.06411884725093842
0.07549774646759033
0.06682765483856201
0.07768040895462036
0.06997743248939514
0.07988731563091278
0.07238049805164337
0.08140912652015686
0.07420644909143448
0.08418287336826324
0.07569773495197296
0.08449618518352509
0.07668264210224152
0.08468832820653915
0.07717122882604599
0.08486656844615936
0.07733197510242462
0.08405375480651855
0.07709401100873947
0.0832022950053215
0.07625201344490051
0.08248271048069
0.07535506039857864
0.08141476660966873
0.07452235370874405
0.08001735806465149
0.07375651597976685
0.07914084941148758
0.0726601779460907
0.07763344049453735
0.07146556675434113
0.07654377818107605
0.0704871416091919
0.07606969773769379
0.06962879002094269
0.07531048357486725
0.06882087141275406
0.07414541393518448
0.06827394664287567
0.07362432777881622
0.06756652891635895
0.07239311188459396
0.06686870008707047
0.0716596320271492
0.06623456627130508
0.07026222348213196
0.06537918001413345
0.0693715289235115
0.06460811197757721
0.0686555802822113
0.06409043818712234
0.06884202361106873
0.06355299055576324
0.06813180446624756
0.06311504542827606
0.06677532196044922
0.06261643022298813
0.06630753725767136
0.062212005257606506
0.066216841340065
0.061774224042892456
0.06572668254375458
0.06132563203573227
0.06484297662973404
0.060910727828741074
0.06403709948062897
0.06055106967687607
0.0638602003455162
0.06017410010099411
0.06379596143960953
0.05982581153512001
0.06307607889175415
0.059580981731414795
0.06265780329704285
0.05928638204932213
0.06216561049222946
0.058890219777822495
0.06150320917367935
0.05858312547206879
0.061206333339214325
0.05837014317512512
0.061292968690395355
0.058060579001903534
0.0610106997191906
0.05778445303440094
0.06036963313817978
0.05757233127951622
0.059705402702093124
0.05736381560564041
0.05948285758495331
0.05706397444009781
0.05912664905190468
0.05674200505018234
0.05890892446041107
0.056489668786525726
0.05875959247350693
0.056308530271053314
0.058290861546993256
0.05603694170713425
0.05790629982948303
0.0558265820145607
0.0576922670006752
0.05565555766224861
0.05734936520457268
0.05540594458580017
0.057075366377830505
0.05519285053014755
0.056813277304172516
0.055027034133672714
0.056546587496995926
0.05483381077647209
0.05623927339911461
0.05457615479826927
0.05567820370197296
0.0542871430516243
0.05514860525727272
0.054032061249017715
0.054853666573762894
0.05379486456513405
0.05453504994511604
0.05354008078575134
0.05426787585020065
0.05324649065732956
0.05390486121177673
0.05301127955317497
0.05359504371881485
0.05279143899679184
0.05330773815512657
0.052555475383996964
0.052937645465135574
0.05229942873120308
0.052541058510541916
0.05203920975327492
0.05218657851219177
0.05179579555988312
0.05188555642962456
0.051577262580394745
0.051643189042806625
0.05135472118854523
0.051366955041885376
0.05111254006624222
0.05107194930315018
0.05087549239397049
0.050810057669878006
0.05067639797925949
0.05060533434152603
0.05050183832645416
0.05043132230639458
0.05034394934773445
0.050281133502721786
0.05020579323172569
0.050155021250247955
0.05009215325117111
0.05005576089024544
0.05000261962413788
0.04997928440570831
0.04992539808154106
0.049894895404577255
0.049830175936222076
0.04978526756167412
0.049727920442819595
0.04968900606036186
0.04965420439839363
0.049623750150203705
0.04960006847977638
0.0495719388127327
0.04955285042524338
0.04952467605471611
0.04950562119483948
0.049475524574518204
0.049453798681497574
0.04942397400736809
0.04940176010131836
0.04937698319554329
0.04935726150870323
0.049338199198246
0.0493207648396492
0.04930524528026581
0.04928967356681824
0.04927744343876839
0.049264051020145416
0.04925653338432312
0.049246229231357574
0.04924463480710983
0.04923676699399948
0.049237821251153946
0.04922390729188919
0.04921711981296539
0.04919318109750748
0.049178335815668106
0.049157578498125076
0.04914497584104538
0.049133751541376114
0.049124572426080704
0.04911908134818077
0.049112457782030106
0.04911186173558235
0.049107231199741364
0.04911019280552864
0.049103155732154846
0.04910395294427872
0.04908885806798935
0.04908080771565437
0.049062080681324005
0.049051444977521896
0.049038298428058624
0.049030374735593796
0.04902289807796478
0.04901629313826561
0.04901186376810074
0.049006566405296326
0.0490076020359993
0.049007415771484375
0.04901740327477455
0.049019865691661835
0.04903387278318405
0.049024924635887146
0.04902367293834686
0.04899786040186882
0.04898327216506004
0.04896537587046623
0.048958394676446915
0.04895539581775665
0.04895320162177086
0.04895768314599991
0.04895767197012901
0.0489678829908371
0.04896463826298714
0.04896947368979454
0.0489523820579052
0.048943761736154556
0.048924170434474945
0.04891524463891983
0.0489056333899498
0.048900164663791656
0.04889746010303497
0.04889502376317978
0.048899080604314804
0.04890120401978493
0.04891509562730789
0.048919618129730225
0.0489375963807106
0.048927854746580124
0.04892517998814583
0.048896294087171555
0.048882633447647095
0.048867542296648026
0.04886235296726227
0.0488615557551384
0.048860687762498856
0.04886898398399353
0.048871368169784546
0.048884786665439606
0.04888174310326576
0.048888642340898514
0.04886966943740845
0.0488610565662384
0.04883943125605583
0.04882986843585968
0.048821501433849335
0.048817943781614304
0.04881841689348221
0.04881840571761131
0.04882906377315521
0.048836249858140945
0.04886018857359886
0.04886498674750328
0.048882823437452316
0.04886104166507721
0.04885005205869675
0.048817697912454605
0.04880494996905327
0.048794668167829514
0.04879261925816536
0.04879823699593544
0.04880104586482048
0.048816561698913574
0.04882165044546127
0.048841677606105804
0.04883266240358353
0.04883437603712082
0.048804376274347305
0.048790089786052704
0.04877101257443428
0.04876438155770302
0.04876159876585007
0.04876020550727844
0.0487678125500679
0.04877359792590141
0.048797767609357834
0.048809122294187546
0.04883997142314911
0.04882947355508804
0.048830464482307434
0.04878915101289749
0.04876977205276489
0.0487469881772995
0.04874163493514061
0.04874365031719208
0.048745814710855484
0.04876062646508217
0.04876706004142761
0.048792764544487
0.04879177361726761
0.0488053634762764
0.048777636140584946
0.04876486212015152
0.04873434826731682
0.048723381012678146
0.048713840544223785
0.048709381371736526
0.04871250316500664
0.04871569573879242
0.04873662814497948
0.04875236377120018
0.04879580810666084
0.048806082457304
0.04883540794253349
0.048794057220220566
0.048769522458314896
0.04872077703475952
0.048707131296396255
0.0487065315246582
0.04871264472603798
0.048734694719314575
0.04874306172132492
0.048773910850286484
0.048766542226076126
0.04877283796668053
0.04873286560177803
0.04871233552694321
0.04868442192673683
0.04867628589272499
0.04867485165596008
0.04867510125041008
0.048688847571611404
0.048697758466005325
0.048732656985521317
0.04874670132994652
0.048785850405693054
0.04876755550503731
0.04876263812184334
0.04870842024683952
0.04868216812610626
0.04865872114896774
0.04865632578730583
0.04866628348827362
0.048672884702682495
0.04869803041219711
0.048707231879234314
0.04874206334352493
0.04873570427298546
0.04875056445598602
0.0487067885696888
0.04868550971150398
0.04865032061934471
0.048639774322509766
0.04863916337490082
0.04864124581217766
0.04865776374936104
0.048665475100278854
0.04870162531733513
0.04871875420212746
0.048772625625133514
0.04876988008618355
0.04878310114145279
0.048721179366111755
0.04867591708898544
0.04862866923213005
0.04862101003527641
0.04864063858985901
0.04865849018096924
0.048692185431718826
0.04869929701089859
0.04874332994222641
0.04874732345342636
0.04879670590162277
0.048755522817373276
0.04872550442814827
0.048650261014699936
0.04863002896308899
0.04865047335624695
0.04867367446422577
0.04871019348502159
0.04869867488741875
0.04874094948172569
0.04876960068941116
0.048861064016819
0.04886145144701004
0.04883666709065437
0.04870646446943283
0.0486382320523262
0.04863663762807846
0.048687029629945755
0.048702172935009
0.04865466058254242
0.048592694103717804
0.04856869578361511
0.04859035462141037
0.048610903322696686
0.04859903082251549
0.04856119304895401
0.04854048788547516
0.04854831472039223
0.04858540743589401
0.04862641543149948
0.04872087389230728
0.04883570969104767
0.049123287200927734
0.04916808009147644
0.049298688769340515
0.048906344920396805
0.04880833625793457
0.04880721867084503
0.04889099299907684
0.04900900274515152
0.048980988562107086
0.049052149057388306
0.04901175573468208
0.04909365251660347
0.049023717641830444
0.04893232136964798
0.048774443566799164
0.04872296005487442
0.0487646758556366
0.04880252107977867
0.048813484609127045
0.048749133944511414
0.048768300563097
0.04883329197764397
0.04900554567575455
0.0489521287381649
0.04890365153551102
0.0487491637468338
0.04880163073539734
0.04884947091341019
0.04881593585014343
0.04870007559657097
0.04863883554935455
0.04866202175617218
0.048690374940633774
0.048643678426742554
0.04858388751745224
0.048564065247774124
0.04858308285474777
0.0485888235270977
0.04856323078274727
0.048535142093896866
0.04855276644229889
0.04861389473080635
0.04877728968858719
0.04891115799546242
0.0492541678249836
0.04928131401538849
0.04947467893362045
0.04911046475172043
0.04887425899505615
0.04877656698226929
0.048918042331933975
0.049143411219120026
0.04901676997542381
0.04892855882644653
0.04879582300782204
0.04886377602815628
0.04889645427465439
0.04880645498633385
0.04870186373591423
0.04866975545883179
0.04873991757631302
0.04875538498163223
0.04872465133666992
0.04865151643753052
0.04871361702680588
0.048793990164995193
0.04890984296798706
0.048852331936359406
0.048842981457710266
0.04874604940414429
0.048764053732156754
0.0486878901720047
0.04862624779343605
0.048600368201732635
0.04862360283732414
0.04869435355067253
0.04866332560777664
0.04864850267767906
0.048596274107694626
0.048630937933921814
0.048631612211465836
0.04861301928758621
0.04854384809732437
0.04851265624165535
0.04851101338863373
0.048545412719249725
0.04853777214884758
0.04852607473731041
0.048491038382053375
0.04852050542831421
0.048561327159404755
0.04863906651735306
0.04864155501127243
0.048656120896339417
0.04858888313174248
0.048592038452625275
0.04854685813188553
0.04853654280304909
0.04848482087254524
0.04845833778381348
0.048477109521627426
0.04850265756249428
0.04855513572692871
0.048534076660871506
0.04855211824178696
0.04853535443544388
0.048577990382909775
0.048563770949840546
0.048538368195295334
0.04845986142754555
0.04841551184654236
0.04840518906712532
0.04842735454440117
0.048435505479574203
0.04841703921556473
0.04837919399142265
0.04835452139377594
0.04835277050733566
0.04836849868297577
0.04838006943464279
0.04839831963181496
0.04842675104737282
0.04855198785662651
0.04871761053800583
0.04906821623444557
0.04899974539875984
0.04906802624464035
0.04873790591955185
0.048753198236227036
0.048764314502477646
0.04879508540034294
0.048802826553583145
0.04872756078839302
0.048791833221912384
0.04886895790696144
0.04915726184844971
0.04919993132352829
0.049280669540166855
0.048910606652498245
0.04881773516535759
0.04878886789083481
0.04893580824136734
0.04893313720822334
0.048761121928691864
0.04863407462835312
0.048642534762620926
0.04878084734082222
0.04880432412028313
0.04884162172675133
0.04884659871459007
0.049267854541540146
0.04944739490747452
0.049769483506679535
0.049191638827323914
0.04905376583337784
0.04900694265961647
0.04927655681967735
0.04918093606829643
0.04889208450913429
0.04877424240112305
0.048883289098739624
0.04892510920763016
0.04879256337881088
0.048635948449373245
0.048639994114637375
0.04870403930544853
0.048670969903469086
0.04864523187279701
0.04872163385152817
0.04924517869949341
0.04973011463880539
0.05104120075702667
0.05016319826245308
0.05142541602253914
0.05005921050906181
0.05215547978878021
0.05050053820014
0.05739520490169525
0.053294457495212555
0.06627985090017319
0.05985768884420395
0.0685385912656784
0.06529850512742996
0.07455059885978699
0.06892210245132446
0.0823618471622467
0.0728665441274643
0.08715082705020905
0.07776296883821487
0.09275549650192261
0.08257395774126053
0.09966319799423218
0.08849599957466125
0.10747677087783813
0.09442563354969025
0.11297216266393661
0.10055987536907196
0.1166517585515976
0.10506641864776611
0.11879568547010422
0.10768109560012817
0.11994709074497223
0.10850246250629425
0.11822107434272766
0.10741394013166428
0.11560019850730896
0.10506755858659744
0.11186390370130539
0.10174913704395294
0.1074366495013237
0.09821930527687073
0.10319812595844269
0.09466022253036499
0.09962821006774902
0.09131832420825958
0.09600755572319031
0.08753593266010284
0.09090349823236465
0.08417139202356339
0.08772063255310059
0.08117423951625824
0.08504138886928558
0.07849843800067902
0.08301684260368347
0.07619693875312805
0.08049243688583374
0.07382216304540634
0.077869713306427
0.07209809124469757
0.07586980611085892
0.07052741944789886
0.07509736716747284
0.06910058856010437
0.07348933070898056
0.0676846131682396
0.07149612158536911
0.06644835323095322
0.0701228603720665
0.06561391800642014
0.06981365382671356
0.06466568261384964
0.06902027130126953
0.06381703168153763
0.06785224378108978
0.06311392784118652
0.06639698147773743
0.062444668263196945
0.06560520827770233
0.061846401542425156
0.06528358906507492
0.06132635474205017
0.06480728834867477
0.06065475195646286
0.06367912888526917
0.0600145123898983
0.06255993247032166
0.05949844419956207
0.06171613931655884
0.058984700590372086
0.06121739745140076
0.058416012674570084
0.06057658791542053
0.05789840221405029
0.060015469789505005
0.05738222226500511
0.05919485539197922
0.05685307830572128
0.05845578387379646
0.05641553923487663
0.057841815054416656
0.05602433532476425
0.05721074342727661
0.05553795397281647
0.05662664771080017
0.055099111050367355
0.05613219365477562
0.054722484201192856
0.055680833756923676
0.05432882905006409
0.055241893976926804
0.05393842235207558
0.05472911521792412
0.05361124500632286
0.05428018793463707
0.05330844596028328
0.05385969206690788
0.05296941101551056
0.05333997309207916
0.052611514925956726
0.052814170718193054
0.05225290358066559
0.05234546959400177
0.051910292357206345
0.051932528614997864
0.051590174436569214
0.05159296840429306
0.05130060017108917
0.051290906965732574
0.051032666116952896
0.05099531635642052
0.05076949670910835
0.050703082233667374
0.0505220927298069
0.050439752638339996
0.0503065399825573
0.05022050067782402
0.05012087523937225
0.050040408968925476
0.04995690658688545
0.04988166317343712
0.049810558557510376
0.049741655588150024
0.049679577350616455
0.049618422985076904
0.049564942717552185
0.04951053112745285
0.04946576803922653
0.04941842705011368
0.049382030963897705
0.049341220408678055
0.04931316524744034
0.049276359379291534
0.04925373196601868
0.04921550676226616
0.049188338220119476
0.049145881086587906
0.04911370202898979
0.049076952040195465
0.04904920980334282
0.04902330040931702
0.04899973049759865
0.04897953197360039
0.04895820841193199
0.04894118010997772
0.04892066493630409
0.04890609160065651
0.04888620227575302
0.04887210577726364
0.04885266348719597
0.04883888363838196
0.04881972074508667
0.048806220293045044
0.04878851771354675
0.04877550154924393
0.04875954985618591
0.04874757304787636
0.04873324930667877
0.04872192442417145
0.04870906099677086
0.048698790371418
0.04868720844388008
0.048678718507289886
0.04866855964064598
0.0486624576151371
0.04865448176860809
0.04865244776010513
0.04864593595266342
0.04864748567342758
0.048639148473739624
0.04863793030381203
0.04862304776906967
0.04861520603299141
0.048597436398267746
0.0485876090824604
0.04857467859983444
0.04856622964143753
0.04855812340974808
0.0485505536198616
0.048544857650995255
0.048538852483034134
0.04853712394833565
0.0485340915620327
0.04853859916329384
0.048538487404584885
0.04854863882064819
0.04854379966855049
0.04854729771614075
0.048528145998716354
0.04851794242858887
0.04849759116768837
0.04848811402916908
0.048479724675416946
0.04847443848848343
0.04847297817468643
0.048470254987478256
0.048474960029125214
0.04847494140267372
0.04848421737551689
0.04847961664199829
0.04848325625061989
0.04846601188182831
0.0484577901661396
0.048439085483551025
0.04843064770102501
0.04842198267579079
0.04841720312833786
0.0484144389629364
0.04841088131070137
0.04841389134526253
0.04841424897313118
0.048424750566482544
0.048426225781440735
0.04843926429748535
0.04842999204993248
0.048429135233163834
0.04840651899576187
0.04839545860886574
0.048380061984062195
0.048373784869909286
0.04836977645754814
0.04836675524711609
0.048369791358709335
0.04836960509419441
0.04837927222251892
0.04837975651025772
0.048390455543994904
0.04838178679347038
0.04838265851140022
0.0483628511428833
0.048353925347328186
0.0483383946120739
0.048331841826438904
0.04832582548260689
0.048321645706892014
0.04832080379128456
0.048319485038518906
0.04832657426595688
0.04833143576979637
0.04835030809044838
0.04835619032382965
0.048375748097896576
0.048361994326114655
0.04835813120007515
0.04832738637924194
0.0483134463429451
0.048300519585609436
0.04829711094498634
0.04830002784729004
0.04830145835876465
0.048314258456230164
0.04831758141517639
0.04833388701081276
0.04832588508725166
0.048328179866075516
0.04830438643693924
0.048293229192495346
0.04827495291829109
0.04826781526207924
0.04826309531927109
0.048260390758514404
0.04826382175087929
0.04826551303267479
0.048280201852321625
0.04828912019729614
0.04831574484705925
0.048315294086933136
0.04833073541522026
0.04830392450094223
0.048291537910699844
0.048261672258377075
0.048250287771224976
0.04824433848261833
0.04824398085474968
0.04825272038578987
0.048255667090415955
0.04827374964952469
0.04827624559402466
0.04829421639442444
0.04827893152832985
0.04827559366822243
0.04824674874544144
0.0482354611158371
0.0482204332947731
0.04821409657597542
0.04821128398180008
0.04820980131626129
0.04821741580963135
0.048222243785858154
0.048244353383779526
0.04825538024306297
0.048287853598594666
0.04828093200922012
0.04828709736466408
0.048247579485177994
0.04823008552193642
0.04820599406957626
0.04819874465465546
0.04819902032613754
0.04820048809051514
0.04821505770087242
0.048220667988061905
0.048242393881082535
0.04823950678110123
0.04825292527675629
0.048228029161691666
0.0482182539999485
0.048189789056777954
0.04817916825413704
0.04816866293549538
0.04816441610455513
0.048164404928684235
0.04816396161913872
0.04817694425582886
0.04818795248866081
0.04822330176830292
0.048241280019283295
0.04828336834907532
0.04826439917087555
0.04826243594288826
0.04820653051137924
0.0481833815574646
0.048165563493967056
0.048165030777454376
0.04817713052034378
0.04818330705165863
0.0482095442712307
0.04821193218231201
0.04823512211441994
0.0482136495411396
0.04820939153432846
0.048172738403081894
0.04815741255879402
0.048138488084077835
0.048132382333278656
0.04813075065612793
0.04812959209084511
0.04814142733812332
0.048150841146707535
0.048185836523771286
0.048204224556684494
0.048252880573272705
0.048240795731544495
0.048249080777168274
0.04819094389677048
0.048164647072553635
0.048134636133909225
0.04812981188297272
0.04813805967569351
0.048144493252038956
0.048171836882829666
0.04818083718419075
0.04821659252047539
0.04820434749126434
0.04821412265300751
0.048169851303100586
0.04815023019909859
0.04811875522136688
0.048109158873558044
0.048104364424943924
0.04810250550508499
0.04811486601829529
0.04812464490532875
0.04816374182701111
0.048185285180807114
0.048242487013339996
0.0482315756380558
0.04824057221412659
0.048171188682317734
0.048140399158000946
0.048106852918863297
0.048103395849466324
0.048112981021404266
0.04811938852071762
0.04815031215548515
0.048158593475818634
0.04819731414318085
0.04818439483642578
0.04819396138191223
0.04814404249191284
0.04812271520495415
0.04808945208787918
0.048078738152980804
0.04807370901107788
0.04807261750102043
0.04808815196156502
0.04810064285993576
0.04814714938402176
0.04817378520965576
0.04824446141719818
0.04823052138090134
0.04824543744325638
0.04816356673836708
0.04812703654170036
0.048087362200021744
0.04808385297656059
0.04809845611453056
0.048108574002981186
0.04815099015831947
0.04816253110766411
0.048212140798568726
0.04818878322839737
0.04819271340966225
0.04812702536582947
0.04809926450252533
0.04806635528802872
0.04805896431207657
0.04806225001811981
0.04806552827358246
0.04809503257274628
0.048113517463207245
0.04817943647503853
0.04819846153259277
0.04826062545180321
0.04820679500699043
0.04818223416805267
0.04809976741671562
0.04807301238179207
0.048062633723020554
0.04806969314813614
0.048099976032972336
0.04811204969882965
0.048161331564188004
0.04815809428691864
0.0481867752969265
0.04813624918460846
0.0481184646487236
0.04806268587708473
0.04804458096623421
0.04802878201007843
0.04802381619811058
0.0480315163731575
0.048037394881248474
0.04807646945118904
0.048106834292411804
0.04819303750991821
0.04821055382490158
0.04827394336462021
0.04819367080926895
0.048159584403038025
0.04807643964886665
0.04805435985326767
0.04805156588554382
0.048060521483421326
0.048100363463163376
0.04811440035700798
0.04817667976021767
0.04816741123795509
0.04819668084383011
0.04812871664762497
0.048098817467689514
0.04803955554962158
0.04802291467785835
0.04801558703184128
0.048015717417001724
0.04803803190588951
0.04805527627468109
0.048126641660928726
0.04816485568881035
0.04826884716749191
0.048234518617391586
0.048245061188936234
0.04812537878751755
0.048085834830999374
0.048049625009298325
0.048047855496406555
0.0480688139796257
0.04807918518781662
0.048141904175281525
0.048158857971429825
0.048237886279821396
0.048206672072410583
0.04821266978979111
0.048111442476511
0.0480656735599041
0.04801759868860245
0.04801351577043533
0.04802895337343216
0.048035405576229095
0.048069294542074203
0.04808223247528076
0.048164643347263336
0.0481952466070652
0.048300012946128845
0.04822354018688202
0.04819605499505997
0.04807169362902641
0.048054326325654984
0.04806296154856682
0.04807381331920624
0.04807412996888161
0.04803729057312012
0.048046793788671494
0.048074137419462204
0.04819737374782562
0.04830154404044151
0.04849541559815407
0.04846656322479248
0.04850982129573822
0.048290833830833435
0.048286788165569305
0.048233285546302795
0.04823247715830803
0.04821452870965004
0.048193782567977905
0.048306677490472794
0.048333898186683655
0.04841259866952896
0.048248209059238434
0.048219792544841766
0.04818494990468025
0.04822815954685211
0.04818236827850342
0.048109784722328186
0.048046380281448364
0.04804098606109619
0.048053644597530365
0.048062462359666824
0.04803013056516647
0.048032455146312714
0.04807845130562782
0.04829598218202591
0.04853619635105133
0.0490235798060894
0.04891158267855644
0.048959873616695404
0.0483790822327137
0.048395249992609024
0.04844355583190918
0.04849350452423096
0.048561859875917435
0.04851160943508148
0.04875949025154114
0.04876044765114784
0.04893593490123749
0.04857689514756203
0.04854826256632805
0.04846833646297455
0.04861718788743019
0.048546984791755676
0.04851832613348961
0.04847254604101181
0.048718441277742386
0.048861533403396606
0.04935425892472267
0.048939891159534454
0.0493391789495945
0.049092795699834824
0.04953047260642052
0.049081042408943176
0.04940924048423767
0.04920325055718422
0.05027654021978378
0.04988715052604675
0.05208760127425194
0.05058194324374199
0.05813485383987427
0.05232171341776848
0.06292715668678284
0.05763210728764534
0.06361623108386993
0.061570510268211365
0.06563584506511688
0.06325945258140564
0.07165509462356567
0.06469486653804779
0.07732859253883362
0.06696169078350067
0.08205759525299072
0.07200212776660919
0.0857618898153305
0.07663869857788086
0.08992854505777359
0.08004772663116455
0.09461131691932678
0.08381006121635437
0.09829840064048767
0.08742472529411316
0.10238528251647949
0.09033829718828201
0.10508985817432404
0.09339621663093567
0.10785343497991562
0.09556286036968231
0.10883168876171112
0.09713292121887207
0.10929974913597107
0.09807682037353516
0.11106547713279724
0.09862899780273438
0.10954602062702179
0.09815578162670135
0.10726939141750336
0.0967719703912735
0.10549299418926239
0.0946941077709198
0.10198703408241272
0.09229366481304169
0.09953777492046356
0.08958790451288223
0.09617622196674347
0.08729193359613419
0.09377461671829224
0.08474735915660858
0.0905185341835022
0.08234772086143494
0.08735570311546326
0.0799170732498169
0.08418747782707214
0.07724294066429138
0.08112338930368423
0.07478436827659607
0.0789288580417633
0.07281530648469925
0.07758395373821259
0.07112469524145126
0.07571408897638321
0.06941457092761993
0.07376686483621597
0.06789782643318176
0.07174142450094223
0.06662014126777649
0.0705210268497467
0.06554597616195679
0.06965016573667526
0.06454905867576599
0.06864754855632782
0.06362726539373398
0.06759492307901382
0.06280995160341263
0.06642338633537292
0.06212721765041351
0.06535536795854568
0.06147022545337677
0.06472712010145187
0.060790300369262695
0.06383471190929413
0.060064420104026794
0.06294260174036026
0.05954892560839653
0.06214693933725357
0.05890963599085808
0.06134137511253357
0.058352723717689514
0.06074685603380203
0.05789465084671974
0.06014611944556236
0.05734504014253616
0.05927214026451111
0.05679982900619507
0.05848706513643265
0.05634753778576851
0.05795978754758835
0.05590999126434326
0.057403575628995895
0.05548315495252609
0.05697754770517349
0.05504818633198738
0.05638138949871063
0.05461009591817856
0.05575234815478325
0.05420754477381706
0.05507495626807213
0.05384867265820503
0.05456652119755745
0.05349210277199745
0.054089270532131195
0.053072281181812286
0.05352410674095154
0.052662044763565063
0.0529576912522316
0.052255112677812576
0.05239655077457428
0.051844753324985504
0.05187349393963814
0.05146173760294914
0.051422297954559326
0.05110589414834976
0.051031678915023804
0.05077444761991501
0.05068618804216385
0.05047602206468582
0.05038740485906601
0.050216369330883026
0.05013084411621094
0.04998526722192764
0.049900636076927185
0.04977596178650856
0.049694884568452835
0.049589965492486954
0.04951578006148338
0.04942898824810982
0.049361519515514374
0.04928802698850632
0.049227312207221985
0.04916317015886307
0.049106888473033905
0.049051009118556976
0.04900055006146431
0.04895121976733208
0.048906683921813965
0.04886334016919136
0.04882287234067917
0.04878443479537964
0.0487484335899353
0.04871389642357826
0.04868175834417343
0.04865099489688873
0.04862181842327118
0.04859397932887077
0.048567865043878555
0.04854244738817215
0.048518888652324677
0.048496052622795105
0.0484747588634491
0.048453863710165024
0.04843534901738167
0.04841666296124458
0.04840059205889702
0.048384081572294235
0.048372041434049606
0.04835907742381096
0.04835355281829834
0.04834481328725815
0.04834691435098648
0.048336759209632874
0.04833570495247841
0.048312004655599594
0.048296891152858734
0.04826924577355385
0.04825291037559509
0.048237431794404984
0.04822695627808571
0.04822051152586937
0.04821177199482918
0.048208869993686676
0.04819978028535843
0.0481964536011219
0.04818310588598251
0.048176318407058716
0.04816029965877533
0.048150770366191864
0.048136722296476364
0.04812776669859886
0.04811723530292511
0.04810885339975357
0.04810062795877457
0.04809308052062988
0.048086076974868774
0.04807871952652931
0.04807361215353012
0.04806805029511452
0.04806673526763916
0.04806448519229889
0.048070140182971954
0.04807012528181076
0.04808054119348526
0.048074424266815186
0.04807616025209427
0.048056114464998245
0.04804540425539017
0.04802698269486427
0.04801885038614273
0.04801177978515625
0.04800669848918915
0.04800518974661827
0.04800202324986458
0.048005059361457825
0.04800259321928024
0.04800799861550331
0.048000629991292953
0.0480007529258728
0.047986578196287155
0.04797935113310814
0.047965727746486664
0.047959163784980774
0.047951266169548035
0.047946106642484665
0.047941938042640686
0.047937579452991486
0.04793648421764374
0.04793470352888107
0.047939956188201904
0.04794268310070038
0.04795657470822334
0.0479576475918293
0.0479678176343441
0.04795261472463608
0.047947414219379425
0.047924965620040894
0.04791554808616638
0.04790552705526352
0.047901105135679245
0.04790065810084343
0.04789934679865837
0.047904785722494125
0.04790515452623367
0.047915298491716385
0.04791157692670822
0.047916874289512634
0.04790204390883446
0.047896578907966614
0.04787946492433548
0.04787249118089676
0.04786350578069687
0.047858819365501404
0.047855593264102936
0.04785223305225372
0.047854118049144745
0.047855064272880554
0.047866471111774445
0.047873809933662415
0.04789687693119049
0.04789721965789795
0.04790900647640228
0.04788430407643318
0.047872062772512436
0.04784666374325752
0.04783845320343971
0.04783402755856514
0.047832999378442764
0.047838956117630005
0.04784032702445984
0.04785321280360222
0.04785151779651642
0.0478602759540081
0.04784630239009857
0.04784343019127846
0.04782361537218094
0.0478149950504303
0.04780282825231552
0.04779791831970215
0.04779377207159996
0.04779002070426941
0.04779040068387985
0.047790683805942535
0.04780088737607002
0.04780877009034157
0.04783397167921066
0.04784221574664116
0.047866273671388626
0.04784739762544632
0.047840192914009094
0.04780443385243416
