# lbfgs, lr=0.8, alpha = 1000000, beta = 0.1
# best_iter: 99, best_loss = 0.9208477735519409, imsave period = 10
303.3198547363281
47.41849136352539
17.04197120666504
8.380904197692871
5.271329879760742
3.845167636871338
2.8837695121765137
2.341017723083496
2.007086753845215
1.7725481986999512
1.6210792064666748
1.5116426944732666
1.427940845489502
1.3659789562225342
1.314985990524292
1.2692629098892212
1.233896255493164
1.2060034275054932
1.18162202835083
1.1596318483352661
1.1406618356704712
1.12464439868927
1.1121093034744263
1.0976827144622803
1.0859148502349854
1.0741074085235596
1.0650681257247925
1.05723237991333
1.0494589805603027
1.0423309803009033
1.0361413955688477
1.030029535293579
1.023533821105957
1.0183619260787964
1.0132660865783691
1.0086770057678223
1.0050266981124878
1.0012071132659912
0.9978851079940796
0.9942200183868408
0.991120457649231
0.9891194105148315
0.985744059085846
0.9831948280334473
0.980435311794281
0.9778723120689392
0.9758630990982056
0.9738103151321411
0.9718248844146729
0.9697061777114868
0.9682549834251404
0.9662522673606873
0.9646430015563965
0.9622576236724854
0.9603749513626099
0.9589716792106628
0.9576647877693176
0.955991268157959
0.954734742641449
0.953024685382843
0.9522829651832581
0.9507550597190857
0.949467122554779
0.9484544992446899
0.9472380876541138
0.9457438588142395
0.9457098245620728
0.9436653852462769
0.9444924592971802
0.9433344006538391
0.9409266710281372
0.9456545114517212
0.9401875138282776
0.9382442831993103
0.937208890914917
0.9386436343193054
0.9405771493911743
0.9363186955451965
0.9341173768043518
0.9330122470855713
0.9328839778900146
0.9314184784889221
0.930882453918457
0.9358591437339783
0.9315280318260193
0.9290491342544556
0.9281086921691895
0.9572770595550537
0.9299745559692383
0.9272604584693909
0.9257628321647644
0.9295034408569336
1.0275280475616455
0.9438865780830383
0.9337864518165588
0.929283857345581
0.926055371761322
0.9239161610603333
0.922103762626648
0.9208477735519409
