# adam, lr=0.01, alpha = 1000000, beta = 0.1
# best_iter: 2769, best_loss = 0.0798514187335968, imsave period = 300
15.83660888671875
11.645498275756836
9.427664756774902
8.061262130737305
7.105729103088379
6.3738203048706055
5.779475212097168
5.277698516845703
4.843742847442627
4.462441921234131
4.124994277954102
3.8250906467437744
3.5580034255981445
3.3199684619903564
3.107865810394287
2.9185235500335693
2.7491884231567383
2.5972278118133545
2.460355520248413
2.33657169342041
2.224433660507202
2.122302293777466
2.0290169715881348
1.9435834884643555
1.865112543106079
1.7929250001907349
1.7265955209732056
1.6654491424560547
1.6089403629302979
1.5565541982650757
1.5079216957092285
1.4627463817596436
1.420671820640564
1.381298542022705
1.344315767288208
1.3095628023147583
1.2768526077270508
1.2459884881973267
1.2167761325836182
1.1890507936477661
1.1627440452575684
1.1377111673355103
1.1138668060302734
1.0911682844161987
1.0694282054901123
1.0486241579055786
1.0287249088287354
1.0096423625946045
0.9913286566734314
0.9737485647201538
0.9568060040473938
0.9404407143592834
0.9247146844863892
0.9094871878623962
0.8947980999946594
0.8805845379829407
0.8668347001075745
0.85350501537323
0.8405532240867615
0.8279902338981628
0.815798282623291
0.8039319515228271
0.792388916015625
0.7811464071273804
0.7701920866966248
0.7595030665397644
0.7490731477737427
0.7388854026794434
0.7289243340492249
0.71918123960495
0.7096605896949768
0.7003422975540161
0.691218912601471
0.68229079246521
0.6735329627990723
0.6649489402770996
0.6565309166908264
0.6482772827148438
0.6401780247688293
0.6322298645973206
0.6244245767593384
0.6167635321617126
0.6092395782470703
0.6018536686897278
0.5945926904678345
0.5874539017677307
0.580437421798706
0.5735405683517456
0.5667588114738464
0.5600900650024414
0.5535321235656738
0.5470819473266602
0.5407359004020691
0.5344905257225037
0.5283446311950684
0.5222975015640259
0.5163422226905823
0.5104811191558838
0.5047121047973633
0.49903178215026855
0.4934391677379608
0.4879319369792938
0.4825070798397064
0.4771655201911926
0.4719046950340271
0.46672195196151733
0.4616173505783081
0.4565873146057129
0.4516330361366272
0.4467528164386749
0.4419461786746979
0.43720895051956177
0.43254226446151733
0.42794325947761536
0.42341017723083496
0.4189453721046448
0.4145442843437195
0.41020676493644714
0.40593287348747253
0.4017195701599121
0.3975677490234375
0.3934752345085144
0.3894415497779846
0.385466068983078
0.381547212600708
0.3776833415031433
0.37387529015541077
0.37012046575546265
0.36641812324523926
0.36276841163635254
0.35917016863822937
0.35562244057655334
0.35212430357933044
0.34867504239082336
0.3452743887901306
0.3419201076030731
0.3386131525039673
0.3353515565395355
0.3321356773376465
0.32896411418914795
0.3258358836174011
0.3227511942386627
0.3197096884250641
0.3167097866535187
0.31375110149383545
0.31083303689956665
0.30795586109161377
0.30511748790740967
0.30231815576553345
0.29955700039863586
0.29683369398117065
0.2941473126411438
0.2914982736110687
0.28888481855392456
0.28630682826042175
0.28376394510269165
0.2812556028366089
0.27878129482269287
0.2763407826423645
0.27393320202827454
0.2715579867362976
0.2692157030105591
0.2669035792350769
0.26462340354919434
0.2623743414878845
0.26015546917915344
0.25796666741371155
0.25580698251724243
0.2536764442920685
0.25157463550567627
0.24950072169303894
0.24745476245880127
0.24543622136116028
0.24344421923160553
0.24147874116897583
0.23953968286514282
0.23762565851211548
0.23573753237724304
0.2338743805885315
0.2320360392332077
0.23022133111953735
0.2284305989742279
0.2266629934310913
0.22491896152496338
0.2231977880001068
0.221498504281044
0.21982160210609436
0.21816658973693848
0.21653293073177338
0.21491986513137817
0.21332749724388123
0.21175555884838104
0.21020376682281494
0.20867137610912323
0.2071581780910492
0.20566421747207642
0.20418903231620789
0.20273207128047943
0.20129302144050598
0.19987161457538605
0.19846785068511963
0.1970817744731903
0.19571220874786377
0.1943591982126236
0.19302302598953247
0.19170309603214264
0.19039911031723022
0.18911080062389374
0.18783830106258392
0.1865810751914978
0.18533849716186523
0.1841105818748474
0.18289794027805328
0.18169915676116943
0.18051472306251526
0.17934411764144897
0.17818734049797058
0.17704439163208008
0.17591488361358643
0.17479856312274933
0.17369505763053894
0.1726045310497284
0.171526700258255
0.17046141624450684
0.16940844058990479
0.16836750507354736
0.16733874380588531
0.16632181406021118
0.16531673073768616
0.1643228828907013
0.16334006190299988
0.16236862540245056
0.16140815615653992
0.16045856475830078
0.1595199704170227
0.15859168767929077
0.1576739102602005
0.15676666796207428
0.15586966276168823
0.15498308837413788
0.1541065275669098
0.15323945879936218
0.1523827314376831
0.15153571963310242
0.15069828927516937
0.14987051486968994
0.14905190467834473
0.14824295043945312
0.1474437564611435
0.1466531902551651
0.14587180316448212
0.14509935677051544
0.1443362683057785
0.14358195662498474
0.14283603429794312
0.14209915697574615
0.14137068390846252
0.140651136636734
0.13993993401527405
0.13923677802085876
0.13854216039180756
0.13785600662231445
0.13717767596244812
0.13650742173194885
0.1358453929424286
0.1351914405822754
0.13454554975032806
0.13390718400478363
0.13327673077583313
0.13265404105186462
0.1320391297340393
0.13143137097358704
0.13083112239837646
0.13023854792118073
0.12965306639671326
0.1290750652551651
0.12850415706634521
0.1279403418302536
0.1273835003376007
0.12683384120464325
0.12629105150699615
0.1257549524307251
0.12522566318511963
0.12470339238643646
0.12418743968009949
0.12367823719978333
0.12317563593387604
0.12267914414405823
0.12218907475471497
0.12170529365539551
0.1212276890873909
0.12075614929199219
0.12029092013835907
0.11983146518468857
0.11937808990478516
0.11893054842948914
0.11848855763673782
0.11805272102355957
0.11762258410453796
0.1171979159116745
0.1167788952589035
0.11636540293693542
0.11595738679170609
0.11555466055870056
0.11515714228153229
0.11476495862007141
0.11437799781560898
0.11399652063846588
0.11361968517303467
0.11324810236692429
0.11288171261548996
0.11251986026763916
0.11216284334659576
0.11181065440177917
0.11146315932273865
0.1111207902431488
0.11078260838985443
0.11044911295175552
0.11012006551027298
0.1097957193851471
0.10947547107934952
0.10915976017713547
0.10884848237037659
0.10854155570268631
0.10823843628168106
0.10793985426425934
0.10764509439468384
0.10735435783863068
0.10706786811351776
0.10678529739379883
0.10650667548179626
0.10623189806938171
0.10596085339784622
0.10569360852241516
0.10543010383844376
0.10517017543315887
0.10491417348384857
0.10466150939464569
0.10441231727600098
0.1041668951511383
0.10392473638057709
0.10368596017360687
0.10345058143138885
0.10321861505508423
0.10298966616392136
0.10276411473751068
0.10254162549972534
0.10232236236333847
0.10210617631673813
0.1018931195139885
0.10168305039405823
0.10147572308778763
0.10127139836549759
0.10107004642486572
0.10087151825428009
0.10067577660083771
0.10048272460699081
0.10029249638319016
0.10010495036840439
0.09992006421089172
0.09973783046007156
0.09955820441246033
0.0993809625506401
0.0992063656449318
0.09903407096862793
0.09886425733566284
0.09869685024023056
0.09853190183639526
0.09836938977241516
0.09820890426635742
0.0980505719780922
0.09789465367794037
0.09774079918861389
0.09758919477462769
0.09743957966566086
0.09729212522506714
0.09714695066213608
0.09700345247983932
0.09686201810836792
0.09672258794307709
0.09658503532409668
0.0964493453502655
0.09631557762622833
0.09618358314037323
0.09605345129966736
0.09592506289482117
0.09579865634441376
0.09567391127347946
0.09555082023143768
0.09542939066886902
0.0953095406293869
0.09519152343273163
0.09507487714290619
0.0949598178267479
0.09484639763832092
0.09473427385091782
0.09462399035692215
0.09451497346162796
0.09440742433071136
0.09430121630430222
0.09419667720794678
0.09409327805042267
0.09399134665727615
0.09389074146747589
0.09379150718450546
0.09369342774152756
0.0935966894030571
0.09350131452083588
0.09340724349021912
0.0933140441775322
0.09322219341993332
0.09313156455755234
0.09304199367761612
0.0929534062743187
0.09286617487668991
0.09278005361557007
0.09269481152296066
0.09261085093021393
0.0925276130437851
0.09244570136070251
0.09236475825309753
0.09228476136922836
0.09220561385154724
0.09212763607501984
0.092050701379776
0.09197458624839783
0.09189918637275696
0.09182493388652802
0.09175155311822891
0.09167888015508652
0.09160708636045456
0.0915362685918808
0.09146630764007568
0.09139696508646011
0.0913284495472908
0.0912608802318573
0.09119410067796707
0.09112811088562012
0.09106288105249405
0.09099847823381424
0.09093479812145233
0.09087163209915161
0.09080928564071655
0.09074770659208298
0.09068670123815536
0.09062635153532028
0.09056674689054489
0.09050793200731277
0.09044959396123886
0.09039198607206345
0.09033471345901489
0.09027846902608871
0.09022259712219238
0.09016727656126022
0.0901126116514206
0.09005855023860931
0.09000504016876221
0.08995212614536285
0.08989973366260529
0.08984777331352234
0.08979643881320953
0.08974558860063553
0.08969516307115555
0.08964546024799347
0.08959632366895676
0.08954740315675735
0.08949902653694153
0.08945128321647644
0.08940387517213821
0.08935664594173431
0.08931028842926025
0.08926421403884888
0.08921851217746735
0.08917328715324402
0.08912844210863113
0.0890842005610466
0.08904030919075012
0.08899682015180588
0.08895359933376312
0.088910773396492
0.08886852860450745
0.08882642537355423
0.08878476172685623
0.08874370157718658
0.08870267122983932
0.08866211771965027
0.08862216770648956
0.08858223259449005
0.08854284882545471
0.0885038822889328
0.08846509456634521
0.08842667192220688
0.0883886069059372
0.08835096657276154
0.08831341564655304
0.0882762223482132
0.08823932707309723
0.08820299059152603
0.08816669881343842
0.08813058584928513
0.08809490501880646
0.08805946260690689
0.08802434802055359
0.08798953890800476
0.08795493096113205
0.08792053908109665
0.08788648247718811
0.08785279095172882
0.08781934529542923
0.08778614550828934
0.08775310218334198
0.0877203494310379
0.08768775314092636
0.08765557408332825
0.08762353658676147
0.087591752409935
0.0875602513551712
0.08752908557653427
0.08749807626008987
0.08746713399887085
0.08743661642074585
0.0874062329530716
0.08737613260746002
0.08734611421823502
0.08731624484062195
0.08728684484958649
0.08725745975971222
0.08722841739654541
0.08719950169324875
0.0871705561876297
0.08714205771684647
0.08711374551057816
0.0870855301618576
0.08705751597881317
0.0870298519730568
0.08700211346149445
0.08697479963302612
0.08694763481616974
0.08692064136266708
0.086893729865551
0.08686712384223938
0.08684051781892776
0.08681414276361465
0.0867881178855896
0.08676204830408096
0.08673632889986038
0.08671052753925323
0.08668506890535355
0.08665972203016281
0.08663441240787506
0.08660939335823059
0.08658438175916672
0.08655981719493866
0.08653521537780762
0.08651077747344971
0.08648664504289627
0.08646225929260254
0.08643849939107895
0.08641461282968521
0.0863909125328064
0.08636744320392609
0.08634393662214279
0.08632075786590576
0.0862976461648941
0.08627477288246155
0.08625189960002899
0.08622915297746658
0.08620655536651611
0.08618414402008057
0.08616182953119278
0.08613963425159454
0.086117684841156
0.0860956609249115
0.08607374131679535
0.08605200797319412
0.08603071421384811
0.08600921183824539
0.08598792552947998
0.08596696704626083
0.0859457477927208
0.08592481166124344
0.08590399473905563
0.08588334918022156
0.08586280047893524
0.08584237843751907
0.08582209795713425
0.08580160140991211
0.08578144013881683
0.0857614204287529
0.08574165403842926
0.0857216864824295
0.08570197969675064
0.08568227291107178
0.085662841796875
0.08564355224370956
0.08562429249286652
0.08560506999492645
0.08558598905801773
0.08556699007749557
0.08554818481206894
0.08552933484315872
0.08551061153411865
0.08549215644598007
0.0854736864566803
0.08545532822608948
0.08543708175420761
0.08541896939277649
0.08540087938308716
0.0853828638792038
0.08536503463983536
0.0853469967842102
0.08532937616109848
0.08531159162521362
0.08529417216777802
0.08527664840221405
0.0852593332529068
0.08524192869663239
0.08522480726242065
0.08520781993865967
0.08519082516431808
0.0851740837097168
0.08515706658363342
0.08514049649238586
0.08512398600578308
0.08510739356279373
0.08509086817502975
0.08507446944713593
0.08505822718143463
0.0850420743227005
0.08502591401338577
0.08500973135232925
0.08499394357204437
0.08497811108827591
0.08496229350566864
0.08494654297828674
0.08493096381425858
0.08491526544094086
0.08489987254142761
0.08488447219133377
0.08486912399530411
0.08485373109579086
0.08483850955963135
0.08482348918914795
0.0848083347082138
0.08479351550340652
0.08477853238582611
0.08476362377405167
0.08474896103143692
0.08473441749811172
0.08471976965665817
0.08470503240823746
0.0846906304359436
0.08467622101306915
0.08466176688671112
0.08464749902486801
0.084633469581604
0.08461944013834
0.084605373442173
0.08459150046110153
0.08457741886377335
0.08456350862979889
0.0845499113202095
0.08453602343797684
0.08452239632606506
0.0845089703798294
0.08449532091617584
0.08448188006877899
0.08446844667196274
0.08445492386817932
0.08444175869226456
0.08442835509777069
0.08441518247127533
0.08440205454826355
0.0843890979886055
0.08437590301036835
0.08436296880245209
0.0843501016497612
0.08433744311332703
0.08432471752166748
0.08431191742420197
0.0842992290854454
0.08428676426410675
0.08427400887012482
0.08426158875226974
0.08424915373325348
0.08423672616481781
0.08422434329986572
0.08421211689710617
0.08420000970363617
0.0841878354549408
0.08417559415102005
0.08416345715522766
0.08415129780769348
0.0841393694281578
0.08412736654281616
0.08411555737257004
0.08410376310348511
0.0840919017791748
0.08408021926879883
0.0840686708688736
0.08405696600675583
0.08404538780450821
0.08403390645980835
0.08402249217033386
0.08401086926460266
0.08399972319602966
0.08398841321468353
0.08397722244262695
0.08396606147289276
0.08395484834909439
0.08394350856542587
0.08393242955207825
0.08392158150672913
0.08391055464744568
0.0838996171951294
0.08388876914978027
0.08387792110443115
0.08386725932359695
0.08385664969682693
0.08384577184915543
0.0838354155421257
0.08382483571767807
0.08381419628858566
0.08380366116762161
0.08379341661930084
0.08378288149833679
0.08377253264188766
0.08376216143369675
0.08375184237957001
0.08374184370040894
0.08373147994279861
0.0837215930223465
0.0837114229798317
0.08370141685009003
0.08369135856628418
0.08368159830570221
0.08367152512073517
0.08366158604621887
0.08365162461996078
0.08364199101924896
0.08363205194473267
0.08362256735563278
0.08361256122589111
0.083603136241436
0.08359351009130478
0.08358386904001236
0.08357445150613785
0.08356498181819916
0.0835556760430336
0.08354619145393372
0.08353672176599503
0.08352750539779663
0.08351839333772659
0.0835091695189476
0.08349981158971786
0.08349073678255081
0.08348145335912704
0.08347257971763611
0.08346333354711533
0.0834544226527214
0.0834452211856842
0.0834360346198082
0.08342736214399338
0.08341844379901886
0.08340954035520554
0.08340081572532654
0.08339182287454605
0.08338301628828049
0.08337439596652985
0.08336576819419861
0.08335722237825394
0.08334863185882568
0.08334009349346161
0.0833316519856453
0.08332304656505585
0.0833144560456276
0.08330612629652023
0.08329770714044571
0.08328928053379059
0.08328117430210114
0.08327276259660721
0.08326438069343567
0.08325627446174622
0.08324803411960602
0.08323992043733597
0.08323170244693756
0.0832236111164093
0.08321528881788254
0.08320723474025726
0.0831994041800499
0.08319109678268433
0.08318337798118591
0.08317535370588303
0.08316746354103088
0.08315970748662949
0.08315178751945496
0.08314374834299088
0.08313596248626709
0.0831284150481224
0.08312071114778519
0.08311305195093155
0.08310522884130478
0.08309753984212875
0.08309008181095123
0.08308234065771103
0.08307474851608276
0.08306720107793808
0.08305985480546951
0.08305221796035767
0.0830448567867279
0.08303733170032501
0.08302980661392212
0.08302251249551773
0.08301515877246857
0.08300790190696716
0.08300087600946426
0.0829935297369957
0.08298607915639877
0.08297906816005707
0.08297201246023178
0.08296477794647217
0.08295778185129166
0.08295068889856339
0.08294375985860825
0.08293652534484863
0.08292967826128006
0.08292271941900253
0.08291587233543396
0.08290895819664001
0.08290177583694458
0.08289500325918198
0.08288819342851639
0.08288123458623886
0.08287461847066879
0.08286779373884201
0.08286107331514359
0.08285422623157501
0.08284734189510345
0.08284085243940353
0.08283421397209167
0.08282758295536041
0.08282101154327393
0.08281446248292923
0.08280790597200394
0.0828012004494667
0.0827946588397026
0.08278817683458328
0.08278175443410873
0.08277513086795807
0.08276887238025665
0.0827624574303627
0.08275604248046875
0.08274978399276733
0.08274353295564651
0.08273699134588242
0.08273099362850189
0.08272463083267212
0.08271832019090652
0.08271215856075287
0.08270591497421265
0.08269983530044556
0.08269371837377548
0.08268749713897705
0.0826815813779831
0.08267547190189362
0.08266916126012802
0.08266323804855347
0.08265698701143265
0.08265098929405212
0.08264515548944473
0.08263890445232391
0.08263324946165085
0.08262699842453003
0.08262111991643906
0.08261529356241226
0.08260935544967651
0.08260350674390793
0.08259785175323486
0.08259178698062897
0.08258610218763351
0.08258005976676941
0.08257441967725754
0.08256858587265015
0.08256269246339798
0.08255717903375626
0.08255120366811752
0.08254559338092804
0.08254002034664154
0.08253422379493713
0.08252856880426407
0.08252318203449249
0.08251768350601196
0.08251199126243591
0.08250653743743896
0.08250097930431366
0.08249537646770477
0.08248984068632126
0.0824844017624855
0.08247885853052139
0.08247347176074982
0.08246815204620361
0.08246256411075592
0.08245719969272614
0.08245183527469635
0.08244658261537552
0.08244123309850693
0.08243595063686371
0.08243060857057571
0.08242552727460861
0.08242030441761017
0.08241501450538635
0.08240962028503418
0.0824044719338417
0.08239918202161789
0.08239413052797318
0.08238871395587921
0.08238358795642853
0.08237850666046143
0.08237336575984955
0.08236837387084961
0.08236314356327057
0.08235812187194824
0.08235302567481995
0.08234799653291702
0.08234284818172455
0.08233796060085297
0.08233306556940079
0.08232812583446503
0.08232294023036957
0.08231829851865768
0.08231339603662491
0.08230811357498169
0.08230351656675339
0.08229857683181763
0.08229376375675201
0.08228889107704163
0.08228413015604019
0.08227906376123428
0.08227419853210449
0.08226937055587769
0.08226463198661804
0.08225999027490616
0.08225513249635696
0.08225046843290329
0.08224551379680634
0.08224088698625565
0.0822363793849945
0.08223143219947815
0.08222711086273193
0.08222226053476334
0.0822177305817604
0.08221301436424255
0.08220843225717545
0.08220373839139938
0.08219917863607407
0.0821947455406189
0.08219005167484283
0.08218564093112946
0.08218083530664444
0.08217640966176987
0.08217202126979828
0.08216741681098938
0.08216294646263123
0.08215855062007904
0.08215396106243134
0.08214970678091049
0.08214528113603592
0.08214075863361359
0.08213643729686737
0.08213195949792862
0.08212748169898987
0.0821232944726944
0.08211888372898102
0.08211440593004227
0.08211009204387665
0.08210575580596924
0.08210159838199615
0.0820973664522171
0.08209303766489029
0.08208850771188736
0.08208417892456055
0.08207996934652328
0.08207577466964722
0.08207154273986816
0.0820673331618309
0.0820632129907608
0.08205901831388474
0.08205476403236389
0.08205077797174454
0.08204636722803116
0.08204242587089539
0.08203822374343872
0.08203395456075668
0.08202990889549255
0.08202587813138962
0.08202175050973892
0.08201777935028076
0.08201363682746887
0.08200965076684952
0.08200554549694061
0.08200164139270782
0.0819975808262825
0.08199357241392136
0.08198952674865723
0.08198576420545578
0.08198168128728867
0.08197791129350662
0.08197394013404846
0.0819699615240097
0.08196614682674408
0.08196210861206055
0.08195824921131134
0.08195451647043228
0.08195049315690994
0.08194663375616074
0.0819428563117981
0.0819389745593071
0.08193518221378326
0.08193147927522659
0.08192767202854156
0.08192375302314758
0.08192040026187897
0.08191660046577454
0.08191262930631638
0.0819091871380806
0.08190526068210602
0.08190157264471054
0.08189794421195984
0.08189430832862854
0.0818905308842659
0.08188702911138535
0.08188329637050629
0.08187960833311081
0.08187567442655563
0.08187218755483627
0.08186856657266617
0.08186477422714233
0.0818614512681961
0.0818575844168663
0.08185403048992157
0.08185064047574997
0.08184679597616196
0.08184349536895752
0.08183983713388443
0.08183623850345612
0.08183279633522034
0.0818295031785965
0.081825852394104
0.081822469830513
0.08181914687156677
0.08181546628475189
0.0818122923374176
0.08180879056453705
0.08180553466081619
0.08180198073387146
0.08179879933595657
0.0817951112985611
0.08179189264774323
0.08178868889808655
0.08178528398275375
0.08178170770406723
0.0817783772945404
0.0817752331495285
0.08177198469638824
0.08176851272583008
0.08176538348197937
0.08176207542419434
0.08175883442163467
0.08175548911094666
0.0817522183060646
0.08174896985292435
0.08174555003643036
0.0817420706152916
0.08173893392086029
0.08173573762178421
0.0817326158285141
0.0817294642329216
0.0817260816693306
0.08172287046909332
0.0817197635769844
0.08171653002500534
0.08171328157186508
0.08170993626117706
0.08170664310455322
0.08170359581708908
0.08170045167207718
0.08169729262590408
0.08169426769018173
0.08169088512659073
0.0816878154873848
0.08168469369411469
0.08168171346187592
0.0816783756017685
0.08167532831430435
0.08167233318090439
0.08166911453008652
0.08166591078042984
0.08166319876909256
0.08165986090898514
0.08165688067674637
0.08165391534566879
0.08165086060762405
0.08164793998003006
0.08164507150650024
0.08164186775684357
0.08163881301879883
0.08163570612668991
0.08163289725780487
0.08162988722324371
0.08162672817707062
0.08162371814250946
0.08162076026201248
0.0816178172826767
0.08161497861146927
0.08161208033561707
0.08160925656557083
0.08160629123449326
0.08160360157489777
0.08160065114498138
0.08159774541854858
0.08159470558166504
0.0815916582942009
0.08158884942531586
0.08158621191978455
0.08158299326896667
0.08158040791749954
0.08157739043235779
0.08157466351985931
0.0815717801451683
0.08156907558441162
0.0815662369132042
0.08156320452690125
0.08156071603298187
0.08155778050422668
0.08155480772256851
0.08155214786529541
0.0815495103597641
0.08154652267694473
0.08154401183128357
0.08154135197401047
0.08153852075338364
0.08153580129146576
0.0815330445766449
0.08153049647808075
0.08152767270803452
0.08152502775192261
0.08152244240045547
0.08151958137750626
0.08151669800281525
0.08151432871818542
0.0815117135643959
0.08150876313447952
0.08150631934404373
0.08150370419025421
0.08150117099285126
0.08149837702512741
0.08149570226669312
0.08149317651987076
0.08149044215679169
0.08148785680532455
0.08148515224456787
0.08148276060819626
0.08147983253002167
0.08147724717855453
0.08147470653057098
0.08147203177213669
0.08146955817937851
0.08146706968545914
0.08146437257528305
0.08146201074123383
0.08145944029092789
0.08145663142204285
0.08145403861999512
0.08145169913768768
0.0814489871263504
0.08144626766443253
0.0814439058303833
0.08144128322601318
0.08143854141235352
0.08143619447946548
0.08143357932567596
0.08143115788698196
0.08142852783203125
0.08142614364624023
0.0814235657453537
0.08142111450433731
0.08141875267028809
0.08141609281301498
0.08141368627548218
0.08141113072633743
0.08140890300273895
0.08140616863965988
0.08140386641025543
0.08140155673027039
0.08139882981777191
0.08139657974243164
0.0813940018415451
0.0813916027545929
0.08138929307460785
0.0813867449760437
0.08138495683670044
0.08138221502304077
0.08137963712215424
0.08137743175029755
0.08137495815753937
0.0813727080821991
0.08137021213769913
0.08136796951293945
0.08136549592018127
0.0813632532954216
0.08136098831892014
0.0813589096069336
0.08135654032230377
0.08135400712490082
0.08135198056697845
0.08134970813989639
0.08134729415178299
0.08134481310844421
0.08134279400110245
0.08134031295776367
0.08133796602487564
0.08133579045534134
0.08133368194103241
0.08133142441511154
0.08132899552583694
0.08132673799991608
0.08132471889257431
0.08132240921258926
0.08131984621286392
0.08131781965494156
0.08131545037031174
0.08131325244903564
0.08131111413240433
0.08130894601345062
0.0813068076968193
0.08130457252264023
0.08130238950252533
0.08130035549402237
0.08129826188087463
0.08129595965147018
0.0812939703464508
0.08129188418388367
0.08128956705331802
0.08128722012042999
0.0812852755188942
0.08128265291452408
0.08128070831298828
0.08127821981906891
0.0812763124704361
0.08127409219741821
0.08127200603485107
0.08126997202634811
0.08126760274171829
0.08126548677682877
0.0812634602189064
0.08126159012317657
0.08125949651002884
0.08125733584165573
0.08125510066747665
0.08125292509794235
0.0812511220574379
0.08124905079603195
0.0812469944357872
0.08124491572380066
0.08124299347400665
0.08124066889286041
0.08123863488435745
0.08123673498630524
0.08123447746038437
0.08123268187046051
0.08123048394918442
0.08122844249010086
0.0812264159321785
0.08122429996728897
0.0812222883105278
0.08122057467699051
0.08121822029352188
0.0812162458896637
0.08121442794799805
0.0812123566865921
0.08121026307344437
0.08120815455913544
0.08120616525411606
0.08120410144329071
0.08120217174291611
0.08119995892047882
0.08119800686836243
0.0811959058046341
0.08119407296180725
0.08119238913059235
0.08119020611047745
0.08118834346532822
0.08118634670972824
0.08118441700935364
0.08118248730897903
0.08118050545454025
0.08117901533842087
0.08117680251598358
0.0811748281121254
0.08117306977510452
0.08117109537124634
0.08116930723190308
0.08116735517978668
0.08116531372070312
0.08116333186626434
0.08116138726472855
0.08115941286087036
0.08115759491920471
0.08115609735250473
0.0811539962887764
0.08115196973085403
0.08115019649267197
0.081148162484169
0.08114641159772873
0.08114448934793472
0.08114257454872131
0.08114088326692581
0.0811389684677124
0.08113722503185272
0.08113519847393036
0.08113358914852142
0.0811314582824707
0.08112975209951401
0.0811280682682991
0.08112616091966629
0.08112433552742004
0.08112239837646484
0.08112050592899323
0.08111905306577682
0.0811169445514679
0.08111513406038284
0.0811132937669754
0.08111131191253662
0.08110930025577545
0.08110768347978592
0.0811062902212143
0.08110401034355164
0.0811024010181427
0.08110036700963974
0.08109858632087708
0.0810968279838562
0.08109526336193085
0.08109340816736221
0.08109152317047119
0.08108959347009659
0.081088125705719
0.08108613640069962
0.08108433336019516
0.0810822993516922
0.08108080178499222
0.08107928186655045
0.0810776874423027
0.08107566833496094
0.0810738131403923
0.08107231557369232
0.08107058703899384
0.0810687467455864
0.08106720447540283
0.08106565475463867
0.08106377720832825
0.08106214553117752
0.0810602456331253
0.08105847239494324
0.08105666190385818
0.08105503767728806
0.0810534656047821
0.08105182647705078
0.08104980736970901
0.08104805648326874
0.08104676753282547
0.08104480057954788
0.08104322850704193
0.0810413584113121
0.08103958517313004
0.08103808760643005
0.08103655278682709
0.08103473484516144
0.08103304356336594
0.08103116601705551
0.0810294896364212
0.08102784305810928
0.08102618157863617
0.0810244232416153
0.08102287352085114
0.08102141320705414
0.08101972937583923
0.08101778477430344
0.08101654052734375
0.08101481199264526
0.08101339638233185
0.08101198822259903
0.08101028949022293
0.0810086727142334
0.08100689947605133
0.08100567013025284
0.08100400120019913
0.08100222051143646
0.08100055158138275
0.080998994410038
0.08099742233753204
0.08099591732025146
0.08099428564310074
0.0809922069311142
0.08099091798067093
0.08098933100700378
0.08098752051591873
0.0809859186410904
0.08098428696393967
0.0809827446937561
0.08098100870847702
0.08097963780164719
0.08097829669713974
0.08097698539495468
0.0809750184416771
0.08097335696220398
0.08097206056118011
0.08097068965435028
0.08096884936094284
0.08096754550933838
0.08096583932638168
0.08096420019865036
0.0809624120593071
0.08096106350421906
0.0809594914317131
0.0809580534696579
0.08095649629831314
0.0809548944234848
0.08095338940620422
0.08095195889472961
0.08095001429319382
0.0809485986828804
0.08094703406095505
0.08094576001167297
0.0809442475438118
0.08094245940446854
0.08094117790460587
0.08093952387571335
0.08093815296888351
0.08093667775392532
0.08093477040529251
0.08093365281820297
0.0809319019317627
0.08093035221099854
0.08092884719371796
0.08092757314443588
0.08092593401670456
0.0809246152639389
0.08092287927865982
0.0809212476015091
0.0809197872877121
0.08091884106397629
0.08091717213392258
0.08091579377651215
0.0809139683842659
0.08091268688440323
0.08091083914041519
0.08090978860855103
0.08090803772211075
0.08090668171644211
0.08090504258871078
0.0809035673737526
0.08090188354253769
0.08090060949325562
0.08089945465326309
0.08089785277843475
0.08089634776115417
0.08089456707239151
0.08089335262775421
0.08089187741279602
0.08089107275009155
0.08088934421539307
0.08088774979114532
0.08088631927967072
0.08088485896587372
0.08088316768407822
0.08088231086730957
0.08088026940822601
0.08087891340255737
0.0808773934841156
0.0808761864900589
0.08087453246116638
0.08087362349033356
0.08087179809808731
0.08087080717086792
0.08086930960416794
0.08086811006069183
0.08086647093296051
0.0808652862906456
0.08086331933736801
0.08086221665143967
0.0808606743812561
0.0808597207069397
0.08085783571004868
0.08085671812295914
0.08085522800683975
0.08085396885871887
0.08085232228040695
0.08085108548402786
0.08084921538829803
0.0808483138680458
0.08084645122289658
0.08084563910961151
0.0808437168598175
0.08084282279014587
0.08084096014499664
0.08084001392126083
0.08083824068307877
0.08083755522966385
0.08083593100309372
0.0808355063199997
0.08083361387252808
0.08083286136388779
0.08083131164312363
0.08083104342222214
0.0808287188410759
0.0808287039399147
0.08082691580057144
0.08082650601863861
0.08082437515258789
0.08082485944032669
0.08082269877195358
0.08082295209169388
0.08082043379545212
0.08082132786512375
0.08081920444965363
0.08081985265016556
0.08081681281328201
0.08081816136837006
0.0808149054646492
0.08081687241792679
0.08081354200839996
0.08081520348787308
0.0808122456073761
0.08081462234258652
0.08081119507551193
0.08081316947937012
0.08080931752920151
0.08081115782260895
0.08080703020095825
0.08080857992172241
0.08080463856458664
0.08080665022134781
0.08080311119556427
0.08080549538135529
0.08080142736434937
0.08080404251813889
0.08080010116100311
0.08080297708511353
0.08079805970191956
0.08080098778009415
0.08079621940851212
0.08079925924539566
0.08079450577497482
0.08079838007688522
0.0807938203215599
0.08079767972230911
0.08079227060079575
0.08079565316438675
0.08079013228416443
0.08079325407743454
0.0807875543832779
0.08079088479280472
0.0807851031422615
0.08078818023204803
0.08078286796808243
0.08078611642122269
0.08078065514564514
0.08078427612781525
0.08077903091907501
0.08078373968601227
0.08077862858772278
0.08078364282846451
0.08077763766050339
0.0807824432849884
0.08077574521303177
0.08078096061944962
0.08077437430620193
0.08077959716320038
0.08077272027730942
0.08077754080295563
0.080770343542099
0.08077599853277206
0.08076855540275574
0.08077516406774521
0.08076905459165573
0.0807759240269661
0.08076836168766022
0.08077622205018997
0.08076836168766022
0.08077675849199295
0.08076809346675873
0.08077573031187057
0.08076696842908859
0.08077315241098404
0.0807638019323349
0.08077046275138855
0.08076133579015732
0.080767922103405
0.08076001703739166
0.08076702058315277
0.08075909316539764
0.08076751232147217
0.08075831830501556
0.08076731115579605
0.08075808733701706
0.0807672068476677
0.08075831085443497
0.08076735585927963
0.08075674623250961
0.08076732605695724
0.08075612783432007
0.08076596260070801
0.08075611293315887
0.08076702058315277
0.08075597882270813
0.08076701313257217
0.08075524866580963
0.08076668530702591
0.08075392991304398
0.08076408505439758
0.08075152337551117
0.08076125383377075
0.08074958622455597
0.08076053857803345
0.08074969053268433
0.08076322078704834
0.08075238019227982
0.08076846599578857
0.08075592666864395
0.08077310770750046
0.08075781911611557
0.08077295124530792
0.08075592666864395
0.08077026158571243
0.08075325936079025
0.08076630532741547
0.08075172454118729
0.08076461404561996
0.08075021952390671
0.08076337724924088
0.08074788749217987
0.08076219260692596
0.08074748516082764
0.0807640329003334
0.08074981719255447
0.08076969534158707
0.08075500279664993
0.08077622950077057
0.08075863867998123
0.08078216016292572
0.08076201379299164
0.08078191429376602
0.08075813949108124
0.08077342063188553
0.08075078576803207
0.08076323568820953
0.08074420690536499
0.08075802773237228
0.08074319362640381
0.08076109737157822
0.08074795454740524
0.08077199757099152
0.08075540512800217
0.08078306168317795
0.08075966686010361
0.08078228682279587
0.08075415343046188
0.08077172189950943
0.08074747025966644
0.08076242357492447
0.08074378967285156
0.0807630866765976
0.08074802905321121
0.08077606558799744
0.08076149225234985
0.08079501986503601
0.08076867461204529
0.08079737424850464
0.08076271414756775
0.08078230917453766
0.08075081557035446
0.08076610416173935
0.080743707716465
0.08076027035713196
0.08074326068162918
0.08076893538236618
0.08075416833162308
0.0807904303073883
0.08076992630958557
0.08080776035785675
0.08077366650104523
0.0808032974600792
0.08076413720846176
0.08078504353761673
0.08075281232595444
0.08076820522546768
0.08074376732110977
0.08076578378677368
0.08074872195720673
0.08078525215387344
0.08077029138803482
0.08082126826047897
0.08079297095537186
0.08084101229906082
0.08078991621732712
0.08082031458616257
0.0807725340127945
0.08078809082508087
0.08075466006994247
0.08076813071966171
0.08074629306793213
0.0807737186551094
0.08076445758342743
0.08081886172294617
0.08080408722162247
0.08087021112442017
0.08081803470849991
0.08087320625782013
0.08080631494522095
0.08084435015916824
0.08079517632722855
0.0808161050081253
0.08078119903802872
0.08080534636974335
0.08078186213970184
0.08083117753267288
0.08081445097923279
0.08089320361614227
0.08085595816373825
0.08094000071287155
0.08086192607879639
0.08091717213392258
0.0808408111333847
0.08087404072284698
0.08082082122564316
0.08084060251712799
0.08080565184354782
0.08084096759557724
0.08081942796707153
0.08090011030435562
0.08088315278291702
0.08100447058677673
0.08093856275081635
0.0810529962182045
0.08093155175447464
0.08101452887058258
0.08092101663351059
0.08097793161869049
0.08090909570455551
0.08095333725214005
0.08090675622224808
0.08098109811544418
0.08094333112239838
0.08106987178325653
0.08100703358650208
0.08116577565670013
0.08103903383016586
0.08118022233247757
0.0810360237956047
0.08114700764417648
0.08103641867637634
0.08112568408250809
0.08104288578033447
0.0811566561460495
0.08108706772327423
0.08127591758966446
0.08117359131574631
0.08143119513988495
0.08125080168247223
0.08153815567493439
0.08130732923746109
0.08163861930370331
0.081402987241745
0.08181227743625641
0.08155445009469986
0.08217483013868332
0.0818413496017456
0.08300475031137466
0.08222419768571854
0.08457625657320023
0.08289651572704315
0.08724018931388855
0.08433589339256287
0.09068059176206589
0.08680859953165054
0.092466801404953
0.0891394168138504
0.09341487288475037
0.09034252911806107
0.09410293400287628
0.09106852859258652
0.09475850313901901
0.09145723283290863
0.09534558653831482
0.091326043009758
0.09516813606023788
0.09130844473838806
0.09501145035028458
0.0914522111415863
0.0952344611287117
0.09158693253993988
0.095639668405056
0.09165758639574051
0.0956035703420639
0.09171536564826965
0.09526635706424713
0.09173392504453659
0.09524720907211304
0.09161096811294556
0.09514742344617844
0.09147115796804428
0.09469889849424362
0.09134703874588013
0.09445571899414062
0.09114567190408707
0.09414970874786377
0.09094368666410446
0.09399493783712387
0.09075522422790527
0.0937657505273819
0.09051798284053802
0.09341109544038773
0.09034551680088043
0.0930752381682396
0.090177521109581
0.09253284335136414
0.08987005800008774
0.09217847883701324
0.0895957201719284
0.09188777953386307
0.08935078978538513
0.09151384979486465
0.08906341344118118
0.09118254482746124
0.08871845155954361
0.09081406146287918
0.08848010003566742
0.09044645726680756
0.08826686441898346
0.09015458822250366
0.08803301304578781
0.08972235023975372
0.0877949669957161
0.08935556560754776
0.08751171827316284
0.08895794302225113
0.08719905465841293
0.08833131194114685
0.08682769536972046
0.08774174004793167
0.08642707765102386
0.08726111054420471
0.08611666411161423
0.08689115196466446
0.08579490333795547
0.08652739971876144
0.08540242165327072
0.08602124452590942
0.08505869656801224
0.08547274768352509
0.08474337309598923
0.08503344655036926
0.08441485464572906
0.08465390652418137
0.08409702032804489
0.08430676907300949
0.08378593623638153
0.08392132818698883
0.08346205204725266
0.08353316783905029
0.0831533670425415
0.08314584195613861
0.08287167549133301
0.08282168954610825
0.08260190486907959
0.0825466588139534
0.08236084878444672
0.08230018615722656
0.08214223384857178
0.08208192139863968
0.08194215595722198
0.08188114315271378
0.08176776766777039
0.08170469105243683
0.08160945773124695
0.08154965192079544
0.08146936446428299
0.08141320943832397
0.08134690672159195
0.08129660785198212
0.08123937994241714
0.08119522780179977
0.08114629238843918
0.08110857754945755
0.08106527477502823
0.08103204518556595
0.0809936597943306
0.0809653177857399
0.08093077689409256
0.08090793341398239
0.08087683469057083
0.08085771650075912
0.08082990348339081
0.0808151587843895
0.0807894840836525
0.08077841252088547
0.08075389266014099
0.08074492961168289
0.08072187006473541
0.08071429282426834
0.08069176971912384
0.08068589866161346
0.08066426217556
0.08065831661224365
0.0806381106376648
0.0806334987282753
0.08061569929122925
0.08061321824789047
0.08059730380773544
0.08059700578451157
0.08058170229196548
0.08058377355337143
0.08056850731372833
0.08057096600532532
0.08055417984724045
0.08055571466684341
0.08053821325302124
0.08053811639547348
0.08052100241184235
0.08052046597003937
0.080506831407547
0.08050853759050369
0.08049691468477249
0.08050251007080078
0.08049185574054718
0.08050179481506348
0.08048925548791885
0.08049879968166351
0.08048170804977417
0.08048827201128006
0.08047033101320267
0.0804748684167862
0.08045809715986252
0.08046158403158188
0.08044733107089996
0.08045220375061035
0.0804409459233284
0.08045011013746262
0.08044127374887466
0.08045550435781479
0.0804443359375
0.08045868575572968
0.08044087141752243
0.08045148849487305
0.08043044060468674
0.08043645322322845
0.08041771501302719
0.08042079955339432
0.08040593564510345
0.08041134476661682
0.0804014578461647
0.08041258156299591
0.0804055854678154
0.08042501658201218
0.08041524887084961
0.08043685555458069
0.08041848987340927
0.08043462038040161
0.0804084986448288
0.08041838556528091
0.08039568364620209
0.0804002434015274
0.08038239181041718
0.08038656413555145
0.08037403225898743
0.08038526773452759
0.080378957092762
0.08040221780538559
0.08039829134941101
0.08043238520622253
0.08041533827781677
0.08044379949569702
0.08040999621152878
0.08042252063751221
0.08038842678070068
0.08039047569036484
0.08036763221025467
0.08036662638187408
0.08035100251436234
0.08035361766815186
0.08034613728523254
0.08036470413208008
0.08037051558494568
0.08042047917842865
0.08042494207620621
0.08048634231090546
0.08044591546058655
0.08047831058502197
0.08041811734437943
0.08042752742767334
0.08038870245218277
0.08038435876369476
0.08036260306835175
0.08035331964492798
0.08033864200115204
0.08033277839422226
0.0803222805261612
0.08032698184251785
0.0803271010518074
0.08036325126886368
0.08038496226072311
0.0804709941148758
0.08046751469373703
0.08055167645215988
0.08047238737344742
0.08050485700368881
0.0804310068488121
0.08043879270553589
0.08040181547403336
0.08038981258869171
0.08036775887012482
0.08035197108983994
0.08033598959445953
0.08032522350549698
0.08031134307384491
0.08030594140291214
0.08029729127883911
0.08030787110328674
0.08031851053237915
0.08038192987442017
0.08041948080062866
0.08054446429014206
0.08051662892103195
0.08061520755290985
0.08049727976322174
0.0805436372756958
0.08046255260705948
0.08047102391719818
0.0804315134882927
0.08041831851005554
0.08038825541734695
0.0803808867931366
0.08036255836486816
0.08038462698459625
0.08039776980876923
0.08049975335597992
0.08054139465093613
0.08072444796562195
0.08063597232103348
0.08075486123561859
0.08058156818151474
0.0806390717625618
0.08054719120264053
0.08055494725704193
0.08051102608442307
0.0804891288280487
0.08044949918985367
0.0804411992430687
0.08041643351316452
0.08045312762260437
0.08047846704721451
0.08063724637031555
0.08068584650754929
0.08094751089811325
0.08078020066022873
0.08094649761915207
0.08069871366024017
0.08080370724201202
0.08069013059139252
0.08071408420801163
0.08065959811210632
0.08065032213926315
0.08059941232204437
0.08065316081047058
0.08065147697925568
0.08086950331926346
0.08087985217571259
0.08121079206466675
0.08096713572740555
0.08123859763145447
0.08090834319591522
0.08115702867507935
0.08096794039011002
0.08116176724433899
0.08106384426355362
0.0813341736793518
0.08120904117822647
0.08175347745418549
0.08142493665218353
0.08226349949836731
0.08165238797664642
0.08292613923549652
0.08202768862247467
0.08433286100625992
0.08284194767475128
0.08749773353338242
0.08419156819581985
0.09155255556106567
0.08660998195409775
0.09350456297397614
0.08938255906105042
0.09519802033901215
0.09147851914167404
0.09650525450706482
0.09274909645318985
0.09803777188062668
0.09330584108829498
0.09921795129776001
0.09395544230937958
0.10054732859134674
0.09483298659324646
0.10215768963098526
0.09601692855358124
0.10329638421535492
0.09696628153324127
0.10459336638450623
0.09821434319019318
0.10618690401315689
0.09927495568990707
0.10656846314668655
0.09997735172510147
0.10689672082662582
0.10058733075857162
0.10769490897655487
0.10112939029932022
0.10817327350378036
0.10137392580509186
0.10862036794424057
0.10155241936445236
0.10775991529226303
0.10160299390554428
0.10772007703781128
0.1014588251709938
0.10770463943481445
0.1012941300868988
0.10689622163772583
0.10078128427267075
0.105938620865345
0.10036150366067886
0.1054689958691597
0.09988106042146683
0.10483130812644958
0.09908507019281387
0.1035914272069931
0.09857793152332306
0.1029382199048996
0.09788025915622711
0.10142786055803299
0.096982941031456
0.10028591752052307
0.0962405800819397
0.09945879876613617
0.09555525332689285
0.09867939352989197
0.09475726634263992
0.09749696403741837
0.09392622858285904
0.09632356464862823
0.0932304859161377
0.09568337351083755
0.0926930159330368
0.09520863741636276
0.09197279810905457
0.09411071240901947
0.0912223532795906
0.09285082668066025
0.09060528129339218
0.09178351610898972
0.08997438848018646
0.09093436598777771
0.08922258764505386
0.0900161862373352
0.08847477287054062
0.08921830356121063
0.08781476318836212
0.08838163316249847
0.08719009160995483
0.08755721151828766
0.08652277290821075
0.08671791106462479
0.0858970433473587
0.08599216490983963
0.0853547751903534
0.08538876473903656
0.08483490347862244
0.08483144640922546
0.08433923125267029
0.08428660780191422
0.08388104289770126
0.08379105478525162
0.08347885310649872
0.08335678279399872
0.08311202377080917
0.08298176527023315
0.08277659863233566
0.08264853060245514
0.08247628808021545
0.08236072957515717
0.08221776783466339
0.08211346715688705
0.08199342340230942
0.08189995586872101
0.08179719001054764
0.08171305060386658
0.08162593096494675
0.08154954016208649
0.08147566020488739
0.08140859752893448
0.08134323358535767
0.08128353208303452
0.08122770488262177
0.08117464929819107
0.08112579584121704
0.08107807487249374
0.08103515952825546
0.08099345117807388
0.08095522224903107
0.08091745525598526
0.08088412135839462
0.08085060864686966
0.08082062005996704
0.08079077303409576
0.08076424896717072
0.0807371437549591
0.08071381598711014
0.08068950474262238
0.08066841214895248
0.08064579963684082
0.08062775433063507
0.08060768991708755
0.08059227466583252
0.08057408034801483
0.08056111633777618
0.08054423332214355
0.08053464442491531
0.08051897585391998
0.08051244914531708
0.08049730211496353
0.08049227297306061
0.08047711104154587
0.08047336339950562
0.08045706897974014
0.08045406639575958
0.08043812960386276
0.08043427765369415
0.08041921257972717
0.08041559159755707
0.08040126413106918
0.08039817959070206
0.08038544654846191
0.08038312941789627
0.08037090301513672
0.08037049323320389
0.08035928010940552
0.08035975694656372
0.08034780621528625
0.08034992218017578
0.08033805340528488
0.08034160733222961
0.08032898604869843
0.08033239841461182
0.08031921833753586
0.08032214641571045
0.08030816167593002
0.08031052350997925
0.08029721677303314
0.0802992731332779
0.08028770238161087
0.08029112964868546
0.08028017729520798
0.0802849754691124
0.08027444034814835
0.0802808478474617
0.08026905357837677
0.08027546852827072
0.08026192337274551
0.08026742935180664
0.0802532285451889
0.08025973290205002
0.0802474394440651
0.08025365322828293
0.0802418664097786
0.08024895936250687
0.08023616671562195
0.08024530857801437
0.08023342490196228
0.08024315536022186
0.08023068308830261
0.08023908734321594
0.08022365719079971
0.08023164421319962
0.08021677285432816
0.0802239179611206
0.08021064847707748
0.08021736890077591
0.08020433783531189
0.08021228015422821
0.0802011713385582
0.08021220564842224
0.08020054548978806
0.08021456003189087
0.08020169287919998
0.08021502196788788
0.08019766956567764
0.0802072137594223
0.08018899708986282
0.08019692450761795
0.08018121123313904
0.08018754422664642
0.08017337322235107
0.08018186688423157
0.08017071336507797
0.0801849439740181
0.0801749899983406
0.08019290864467621
0.08017975091934204
0.08019876480102539
0.08018036931753159
0.08019651472568512
0.08017449826002121
0.08018668740987778
0.08016610145568848
0.08017643541097641
0.08015915751457214
0.0801696926355362
0.08015521615743637
0.0801689550280571
0.08015725761651993
0.08017516881227493
0.08016093820333481
0.0801803395152092
0.08016093075275421
0.08017750829458237
0.08015590906143188
0.0801694467663765
0.0801483765244484
0.08016134053468704
0.08014402538537979
0.08015887439250946
0.08014443516731262
0.08016557991504669
0.08015309274196625
0.0801791325211525
0.08016142249107361
0.0801866427063942
0.08015982806682587
0.08017807453870773
0.08015018701553345
0.08016391098499298
0.08014102280139923
0.08015528321266174
0.0801381841301918
0.08015765249729156
0.08014293760061264
0.0801713615655899
0.080155149102211
0.08018697798252106
0.08016358315944672
0.0801897719502449
0.08015724271535873
0.08017749339342117
0.08014709502458572
0.08016302436590195
0.0801369845867157
0.08015090227127075
0.08013178408145905
0.08015318959951401
0.08013933897018433
0.08017662167549133
0.08016625791788101
0.08021844923496246
0.0801941305398941
0.08024197816848755
0.08019239455461502
0.08021894842386246
0.08016616106033325
0.08017439395189285
0.08013998717069626
0.08014259487390518
0.08012022823095322
0.08012967556715012
0.08011998236179352
0.08015739172697067
0.08016721159219742
0.08025266975164413
0.0802474170923233
0.08033378422260284
0.08025522530078888
0.08029124140739441
0.08020587265491486
0.08021014928817749
0.08016923815011978
0.08015485852956772
0.0801323652267456
0.08011399954557419
0.08009965717792511
0.08008521050214767
0.08008049428462982
0.0800728052854538
0.08009601384401321
0.08011941611766815
0.08022455871105194
0.0802767351269722
0.08046099543571472
0.08038772642612457
0.0805220901966095
0.08034960925579071
0.08041875064373016
0.08031988888978958
0.08033225685358047
0.08028898388147354
0.08026619255542755
0.08022699505090714
0.08021150529384613
0.08018242567777634
0.08019781112670898
0.08020449429750443
0.08030646294355392
0.08036305755376816
0.08059428632259369
0.08052192628383636
0.08069579303264618
0.08045564591884613
0.08054354041814804
0.08041270077228546
0.08044099062681198
0.08038514107465744
0.08036273717880249
0.08031650632619858
0.08030353486537933
0.08027033507823944
0.08032917231321335
0.08036438375711441
0.08060211688280106
0.08063915371894836
0.08097713440656662
0.08069626986980438
0.08090291172266006
0.08060403168201447
0.08074598759412766
0.08061879128217697
0.08066301047801971
0.08059517294168472
0.08062983304262161
0.08058121055364609
0.08077242225408554
0.0807681605219841
0.08124269545078278
0.08105670660734177
0.08158744126558304
0.08105271309614182
0.08158379793167114
0.08111797273159027
0.08167785406112671
0.08138652890920639
0.08220502734184265
0.08189285546541214
0.08359730988740921
0.08238139748573303
0.08545418083667755
0.08300123363733292
0.08851207047700882
0.08465593308210373
0.09143117070198059
0.0873231515288353
0.09385620057582855
0.08973922580480576
0.09618350863456726
0.09163198620080948
0.09757732599973679
0.09298795461654663
0.09891794621944427
0.09397454559803009
0.10036705434322357
0.09487494826316833
0.10209549963474274
0.09571953117847443
0.10363741219043732
0.09708014875650406
0.10562658309936523
0.09879429638385773
0.1082015186548233
0.10007445514202118
0.10922322422266006
0.10145850479602814
0.1107032373547554
0.10287704318761826
0.11269877105951309
0.10430686920881271
0.11362971365451813
0.10559515655040741
0.11521200835704803
0.10631837695837021
0.11505481600761414
0.10714057087898254
0.115607850253582
0.10747282207012177
0.11655071377754211
0.10774450749158859
0.11540243029594421
0.10735571384429932
0.11390122771263123
0.10665623843669891
0.11243560165166855
0.10589836537837982
0.11149642616510391
0.10510062426328659
0.11134509742259979
0.10440965741872787
0.1106761246919632
0.10370269417762756
0.10969026386737823
0.10297424346208572
0.10810621827840805
0.10211694240570068
0.10647034645080566
0.10112306475639343
0.10498899221420288
0.10012449324131012
0.10401532799005508
0.09913356602191925
0.10287570208311081
0.09812383353710175
0.1016932800412178
0.09711600840091705
0.09982217848300934
0.09599985182285309
0.09837920218706131
0.09511639177799225
0.09737030416727066
0.09422007948160172
0.09630803763866425
0.09319894760847092
0.09520208835601807
0.09224434196949005
0.09377080202102661
0.09145407378673553
0.09277915209531784
0.090658999979496
0.09172368049621582
0.08979275077581406
0.09070837497711182
0.0890490710735321
0.08978774398565292
0.08829118311405182
0.088751420378685
0.08750472962856293
0.0877971202135086
0.08677661418914795
0.08685304969549179
0.0860973596572876
0.08608224242925644
0.08545500040054321
0.08539149910211563
0.08485650271177292
0.08477963507175446
0.08432382345199585
0.08422581851482391
0.08384715765714645
0.08372863382101059
0.08341725915670395
0.08328856527805328
0.08303285390138626
0.08289466053247452
0.08268748223781586
0.08255065977573395
0.08237951248884201
0.08225470781326294
0.08211813867092133
0.08200214803218842
0.08188966661691666
0.08178818225860596
0.081690713763237
0.08159905672073364
0.08151692897081375
0.08143554627895355
0.081363245844841
0.08129190653562546
0.08122849464416504
0.0811648741364479
0.08110892027616501
0.08105270564556122
0.08100289851427078
0.08095388859510422
0.08090975135564804
0.08086556941270828
0.08082617074251175
0.08078750967979431
0.0807519182562828
0.08071783185005188
0.0806860625743866
0.08065532892942429
0.08062679320573807
0.0805991068482399
0.08057352155447006
0.08054858446121216
0.0805249884724617
0.08050306886434555
0.080482117831707
0.0804617777466774
0.08044254779815674
0.08042431622743607
0.08040700107812881
0.08039052039384842
0.08037471771240234
0.0803598016500473
0.08034507185220718
0.08033129572868347
0.08031807839870453
0.08030523359775543
0.08029299974441528
0.08028120547533035
0.08026961982250214
0.08025900274515152
0.08024867624044418
0.08023837208747864
0.08022858202457428
0.08021906763315201
0.08020981401205063
0.08020136505365372
0.08019283413887024
0.0801849365234375
0.08017687499523163
0.08016965538263321
0.08016210049390793
0.08015529066324234
0.08014794439077377
0.08014262467622757
0.08013593405485153
0.08013249188661575
0.08012719452381134
0.0801273062825203
0.08012443780899048
0.08013103902339935
0.08012807369232178
0.08013879507780075
0.08013014495372772
0.08014042675495148
0.08012431114912033
0.08012912422418594
0.08011166751384735
0.08011137694120407
0.08009704947471619
0.08009599149227142
0.0800858810544014
0.08008584380149841
0.08007808029651642
0.08008195459842682
0.08007539808750153
0.08008408546447754
0.08007682859897614
0.08008692413568497
0.08007492870092392
0.08008396625518799
0.08006796985864639
0.08007349073886871
0.0800575390458107
0.08006034791469574
0.08004715293645859
0.0800493061542511
0.08003832399845123
0.08004286885261536
0.08003441989421844
0.08004388213157654
0.08003674447536469
0.08005258440971375
0.0800430029630661
0.08005629479885101
0.08003811538219452
0.08004634827375412
0.08002675324678421
0.08003047108650208
0.08001390099525452
0.08001403510570526
0.08000178635120392
0.08000530302524567
0.07999690622091293
0.08000536262989044
0.08000010251998901
0.08001721650362015
0.08001238107681274
0.0800345242023468
0.080019012093544
0.08003555983304977
0.08001041412353516
0.08001631498336792
0.07999415695667267
0.07999574393033981
0.07997962832450867
0.07998001575469971
0.07996949553489685
0.07997382432222366
0.07996779680252075
0.07998209446668625
0.0799807459115982
0.08001026511192322
0.08000587671995163
0.0800376906991005
0.08001155406236649
0.08002562075853348
0.07999052852392197
0.07999304682016373
0.07996837794780731
0.07996509969234467
0.07995053380727768
0.07994594424962997
0.07993578910827637
0.0799344927072525
0.07992835342884064
0.0799378827214241
0.07994139194488525
0.07997482270002365
0.07998503744602203
0.08003540337085724
0.0800151526927948
0.08004684001207352
0.0799962505698204
0.08000592142343521
0.07997007668018341
0.07996705919504166
0.079947829246521
0.07993955165147781
0.0799265056848526
0.0799206793308258
0.0799105241894722
0.0799090787768364
0.07990410178899765
0.07991648465394974
0.07992510497570038
0.07997183501720428
0.07998887449502945
0.08005913347005844
0.08003063499927521
0.08007347583770752
0.08000651001930237
0.08001764863729477
0.07997393608093262
0.07996895164251328
0.07994785159826279
0.07993556559085846
0.07992199808359146
0.07991117238998413
0.07990127056837082
0.07989156991243362
0.07988552004098892
0.0798768699169159
0.0798790231347084
0.07987961173057556
0.07990584522485733
0.07992859929800034
0.08000607043504715
0.08002284914255142
0.08012349903583527
0.08006644994020462
0.08012974262237549
0.08003856241703033
0.08005701005458832
0.0800078958272934
0.0799993947148323
0.07997085154056549
0.07995447516441345
0.07993553578853607
0.0799221321940422
0.07990767061710358
0.07989589869976044
0.0798836499452591
0.07987343519926071
0.0798623114824295
0.07985784858465195
0.0798514187335968
0.07986056059598923
0.07987207919359207
0.07993011921644211
0.07997804135084152
0.08012319356203079
0.08012706786394119
0.08026978373527527
0.08013460785150528
0.08020719140768051
0.08009368181228638
0.08011578023433685
0.08006750792264938
0.08005304634571075
0.08001864701509476
0.07999912649393082
0.07997112721204758
0.07996734231710434
0.07995421439409256
0.07998757064342499
0.08001283556222916
0.08014455437660217
0.08018004149198532
0.0803726464509964
0.08025231957435608
0.08035094290971756
0.08017097413539886
0.0802188590168953
0.08013913780450821
0.08013595640659332
0.08009586483240128
0.08006484806537628
0.08003012090921402
0.0800088495016098
0.07998017221689224
0.07997630536556244
0.0799659863114357
0.08001306653022766
0.08005814999341965
0.08024737238883972
0.08029098063707352
0.08055078983306885
0.08035910129547119
0.0805099830031395
0.08027585595846176
0.08035746216773987
0.08026216179132462
0.0802665650844574
0.08021657913923264
0.08018793165683746
0.08013641834259033
0.08014102280139923
0.08012121170759201
0.08022668212652206
0.0802779346704483
0.08055759221315384
0.0804985910654068
0.0807478129863739
0.08043430745601654
0.08058974891901016
0.0803789347410202
0.08046378195285797
0.08037623763084412
0.0803888589143753
0.08032452315092087
0.08036302030086517
0.08032535761594772
0.08053239434957504
0.0805496871471405
0.08099034428596497
0.08078791201114655
0.08119338750839233
0.08071056753396988
0.0810437798500061
0.08073101192712784
0.08099610358476639
0.08083764463663101
0.08113651722669601
0.08103938400745392
0.08168598264455795
0.08135361969470978
0.08251430094242096
0.08157623559236526
0.08332280069589615
0.08204837143421173
0.08519847691059113
0.08314106613397598
0.0889626145362854
0.08492361009120941
0.09306739270687103
0.08750049769878387
0.09463242441415787
0.09026046097278595
0.09596265852451324
0.09227313101291656
0.09747917950153351
0.09335452318191528
0.09949144721031189
0.09398218989372253
0.10124237835407257
0.09487458318471909
0.10286739468574524
0.09624877572059631
0.1056438684463501
0.09802275896072388
0.10807817429304123
0.09988493472337723
0.10995115339756012
0.1021333709359169
0.11229095607995987
0.10411648452281952
0.11452122777700424
0.10552206635475159
0.11532264202833176
0.10685911774635315
0.11648601293563843
0.10796662420034409
0.11892850697040558
0.10946407914161682
0.12086507678031921
0.11057222634553909
0.12113658338785172
0.11133573949337006
0.12108141928911209
0.11186157912015915
0.12105889618396759
0.11213138699531555
0.12105884402990341
0.11175523698329926
0.1199369728565216
0.1114141121506691
0.11918095499277115
0.11067423224449158
0.11766508221626282
0.10964294523000717
0.11614535003900528
0.10861577838659286
0.11512019485235214
0.10787548869848251
0.11491341888904572
0.10683274269104004
0.11261025071144104
0.10586166381835938
0.11095947027206421
0.10441844910383224
0.10919684916734695
0.10316823422908783
0.10766883939504623
0.10200577974319458
0.10603266954421997
0.10077430307865143
0.10425373911857605
0.09938681125640869
0.10248632729053497
0.09809517860412598
0.10087298601865768
0.09705518186092377
0.09970182180404663
0.09590404480695724
0.09839949011802673
0.09476767480373383
0.09685321152210236
0.09371696412563324
0.09532086551189423
0.09270992875099182
0.09391654282808304
0.0916612446308136
0.09263810515403748
0.09068461507558823
0.09148148447275162
0.08973968774080276
0.09040150046348572
0.08881757408380508
0.08925682306289673
0.08794154226779938
0.0881054550409317
0.0871247798204422
0.08720026910305023
0.08638052642345428
0.08637391030788422
0.08569302409887314
0.08563625067472458
0.08504261821508408
0.08495547622442245
0.08445495367050171
0.0843372792005539
0.08393851667642593
0.08378297835588455
0.08346937596797943
0.08330057561397552
0.08305098116397858
0.08288034796714783
0.08268420398235321
0.08252280950546265
0.08236150443553925
0.0822163000702858
0.0820813775062561
0.08195387572050095
0.08184122294187546
0.08172963559627533
0.0816330686211586
0.0815352275967598
0.08144904673099518
0.08136332035064697
0.08128649741411209
0.08121106773614883
0.08114241063594818
0.08107694983482361
0.0810164213180542
0.08095934242010117
0.08090487867593765
0.08085456490516663
0.08080623298883438
0.08076157420873642
0.08071856200695038
0.0806792601943016
0.0806417167186737
0.0806061401963234
0.08057158440351486
0.08053997904062271
0.08050936460494995
0.08048081398010254
0.08045372366905212
0.08042826503515244
0.08040335774421692
0.08038021624088287
0.08035796135663986
0.08033718168735504
0.08031702786684036
0.08029800653457642
0.08027985692024231
