# lbfgs, lr=0.8, alpha = 1000000, beta = 0.1
# best_iter: 99, best_loss = 0.04029311239719391, imsave period = 10
6.687419891357422
0.5849540829658508
0.19469550251960754
0.10685396194458008
0.07869642972946167
0.06357139348983765
0.0551225021481514
0.051085006445646286
0.04835832491517067
0.0467626228928566
0.045568354427814484
0.044560909271240234
0.043766316026449203
0.04302949830889702
0.042543135583400726
0.042183905839920044
0.041892535984516144
0.04166487604379654
0.04148131236433983
0.04134129360318184
0.04123014211654663
0.04114053398370743
0.04106680676341057
0.04100517928600311
0.040952056646347046
0.040906019508838654
0.04086633771657944
0.04083092883229256
0.04079924523830414
0.04077082499861717
0.040744930505752563
0.04072115197777748
0.040699414908885956
0.040679022669792175
0.04066023975610733
0.04064272716641426
0.040626417845487595
0.0406111441552639
0.04059705138206482
0.040583956986665726
0.04057159274816513
0.040560033172369
0.04054892063140869
0.04053850471973419
0.040528591722249985
0.040519073605537415
0.04051002115011215
0.04050133749842644
0.04049312323331833
0.04048534482717514
0.04047791659832001
0.040470805019140244
0.040463849902153015
0.04045715928077698
0.0404508002102375
0.04044469818472862
0.04043890908360481
0.040433239191770554
0.04042775183916092
0.04042235389351845
0.04041717201471329
0.040412139147520065
0.040407370775938034
0.040402770042419434
0.04039826989173889
0.04039391130208969
0.040389664471149445
0.040385518223047256
0.040381498634815216
0.04037753492593765
0.04037373140454292
0.04036998003721237
0.04036632180213928
0.04036274179816246
0.04035920277237892
0.04035578668117523
0.04035242646932602
0.040349218994379044
0.040346045047044754
0.04034298658370972
0.04033999517560005
0.04033704102039337
0.04033415764570236
0.04033128544688225
0.0403285026550293
0.04032575711607933
0.04032309353351593
0.0403204970061779
0.040317974984645844
0.04031549021601677
0.040313076227903366
0.040310684591531754
0.04030834510922432
0.040306076407432556
0.04030384123325348
0.04030165076255798
0.04029947891831398
0.040297336876392365
0.04029521718621254
0.04029311239719391
