# lbfgs, lr=0.8, alpha = 1000000, beta = 0.1
# best_iter: 99, best_loss = 0.12795445322990417, imsave period = 10
7.038557529449463
0.6434469819068909
0.3744073510169983
0.3002871870994568
0.25890663266181946
0.23504799604415894
0.21739089488983154
0.20401936769485474
0.1941317915916443
0.18475791811943054
0.17695599794387817
0.1700078696012497
0.16380897164344788
0.15840250253677368
0.1543881744146347
0.1509990394115448
0.14827482402324677
0.14602485299110413
0.14407938718795776
0.142725870013237
0.14166322350502014
0.14047837257385254
0.13948357105255127
0.13871945440769196
0.13800597190856934
0.1373642385005951
0.13680650293827057
0.13630716502666473
0.1358221471309662
0.1354147344827652
0.13500946760177612
0.13465267419815063
0.13428768515586853
0.1339983195066452
0.1337055116891861
0.13343867659568787
0.13317540287971497
0.13293004035949707
0.13268879055976868
0.13247050344944
0.1322672963142395
0.1320677101612091
0.13187646865844727
0.13170085847377777
0.1315380036830902
0.13137327134609222
0.13122501969337463
0.13108226656913757
0.13093164563179016
0.13080188632011414
0.13067609071731567
0.13055366277694702
0.13045169413089752
0.1303374022245407
0.13023415207862854
0.13013416528701782
0.13003520667552948
0.1299458146095276
0.1298585683107376
0.12977071106433868
0.12969307601451874
0.12961266934871674
0.1295395940542221
0.12946748733520508
0.12940318882465363
0.12934114038944244
0.1292751133441925
0.12920987606048584
0.12914785742759705
0.12908822298049927
0.12903469800949097
0.12898008525371552
0.12893202900886536
0.12887078523635864
0.1288170963525772
0.12876974046230316
0.12872076034545898
0.1286763995885849
0.12863284349441528
0.1285901963710785
0.1285487860441208
0.12850914895534515
0.12847048044204712
0.12843288481235504
0.12839891016483307
0.1283664107322693
0.12832771241664886
0.12829571962356567
0.12826277315616608
0.12823134660720825
0.12820449471473694
0.12817086279392242
0.12814153730869293
0.12811222672462463
0.12808431684970856
0.12805677950382233
0.12803103029727936
0.12800420820713043
0.12797918915748596
0.12795445322990417
