# adam, lr=0.01, alpha = 1000000, beta = 0.1
# best_iter: 2892, best_loss = 0.17093463242053986, imsave period = 300
15.819279670715332
6.0612616539001465
3.976980447769165
3.2613613605499268
2.9236226081848145
2.7244713306427
2.5874075889587402
2.480231285095215
2.3884387016296387
2.306516170501709
2.2301993370056152
2.1579885482788086
2.0890040397644043
2.0224788188934326
1.957854986190796
1.8947803974151611
1.833601951599121
1.7741867303848267
1.7165899276733398
1.6609232425689697
1.6074583530426025
1.5561065673828125
1.5069067478179932
1.4598562717437744
1.414969563484192
1.37221360206604
1.3314927816390991
1.2927930355072021
1.2559597492218018
1.2209123373031616
1.1875470876693726
1.1558220386505127
1.125684380531311
1.0970557928085327
1.0697927474975586
1.0438930988311768
1.0192574262619019
0.9957695007324219
0.9733775854110718
0.9520232081413269
0.9316385984420776
0.9121995568275452
0.8936465978622437
0.8759338855743408
0.8590075373649597
0.8428205251693726
0.827314019203186
0.8124629259109497
0.798254132270813
0.7846482992172241
0.7716143131256104
0.7591202259063721
0.747138261795044
0.7356249094009399
0.7245590090751648
0.713933527469635
0.7037143707275391
0.6938703060150146
0.6843750476837158
0.6752161383628845
0.6663811206817627
0.6578612923622131
0.6496382355690002
0.6416890025138855
0.6340034008026123
0.6265702247619629
0.6193733811378479
0.6124109029769897
0.6056767702102661
0.5991539359092712
0.5928374528884888
0.586708664894104
0.5807654857635498
0.574993371963501
0.5693854689598083
0.5639400482177734
0.5586448311805725
0.5534932017326355
0.5484761595726013
0.5435913801193237
0.5388323664665222
0.5341978073120117
0.529680073261261
0.5252726674079895
0.5209741592407227
0.5167821645736694
0.5126923322677612
0.5086982250213623
0.5047954320907593
0.5009821653366089
0.49725401401519775
0.4936103820800781
0.4900474548339844
0.48655951023101807
0.48314809799194336
0.47980818152427673
0.4765394330024719
0.4733350872993469
0.470190167427063
0.4671083390712738
0.4640847146511078
0.4611201286315918
0.45821359753608704
0.4553638696670532
0.45257043838500977
0.44982972741127014
0.4471403658390045
0.44450289011001587
0.44191277027130127
0.4393689036369324
0.4368719160556793
0.434420108795166
0.4320104420185089
0.4296441078186035
0.4273187518119812
0.42503365874290466
0.422787606716156
0.42058104276657104
0.4184113144874573
0.4162765145301819
0.41417840123176575
0.41211360692977905
0.4100806713104248
0.4080798625946045
0.40611129999160767
0.4041721224784851
0.40226301550865173
0.400382399559021
0.3985305428504944
0.3967076539993286
0.3949127793312073
0.3931441307067871
0.3914014995098114
0.3896826207637787
0.38798755407333374
0.3863166570663452
0.384669691324234
0.38304686546325684
0.38144659996032715
0.37986722588539124
0.3783099055290222
0.3767738342285156
0.3752569556236267
0.3737599551677704
0.3722836673259735
0.3708273768424988
0.36939144134521484
0.36797475814819336
0.3665761351585388
0.3651959300041199
0.3638335168361664
0.3624878227710724
0.36116015911102295
0.35984888672828674
0.35855305194854736
0.35727280378341675
0.35600852966308594
0.3547601103782654
0.3535267114639282
0.3523092567920685
0.3511059284210205
0.34991568326950073
0.3487408757209778
0.3475798964500427
0.3464324176311493
0.34529823064804077
0.3441786766052246
0.343071848154068
0.34197747707366943
0.340895414352417
0.33982521295547485
0.338766872882843
0.33772146701812744
0.3366881012916565
0.3356647193431854
0.3346538841724396
0.33365339040756226
0.3326636552810669
0.33168521523475647
0.3307175040245056
0.32976233959198
0.3288155794143677
0.3278800845146179
0.3269541263580322
0.3260376453399658
0.3251301050186157
0.3242316246032715
0.323343425989151
0.322464257478714
0.3215930759906769
0.3207312226295471
0.3198776841163635
0.3190329074859619
0.3181959390640259
0.31736719608306885
0.31654706597328186
0.3157346844673157
0.3149298131465912
0.31413280963897705
0.31334197521209717
0.31255990266799927
0.31178516149520874
0.3110176920890808
0.31025683879852295
0.3095037341117859
0.30875831842422485
0.3080196678638458
0.30728739500045776
0.3065614402294159
0.3058425188064575
0.3051301836967468
0.3044237196445465
0.3037238121032715
0.3030302822589874
0.30234140157699585
0.3016592264175415
0.3009819984436035
0.3003108501434326
0.2996460199356079
0.2989860773086548
0.29833221435546875
0.29768306016921997
0.29703986644744873
0.2964019775390625
0.2957688868045807
0.2951412498950958
0.2945193648338318
0.29390162229537964
0.2932888865470886
0.29268211126327515
0.29207953810691833
0.2914814054965973
0.29088789224624634
0.2902989685535431
0.28971391916275024
0.2891339361667633
0.28855791687965393
0.287986159324646
0.2874186635017395
0.2868555188179016
0.28629764914512634
0.285742849111557
0.28519338369369507
0.2846466600894928
0.28410422801971436
0.28356504440307617
0.28303053975105286
0.2825005054473877
0.28197309374809265
0.28144997358322144
0.2809302508831024
0.2804142236709595
0.2799016833305359
0.2793928384780884
0.27888792753219604
0.27838608622550964
0.2778884768486023
0.2773931622505188
0.27690210938453674
0.2764149010181427
0.27593106031417847
0.2754490077495575
0.274971604347229
0.27449655532836914
0.2740255892276764
0.2735573947429657
0.27309325337409973
0.27263143658638
0.27217331528663635
0.27171725034713745
0.2712642550468445
0.2708142399787903
0.2703675925731659
0.2699235677719116
0.2694826126098633
0.26904386281967163
0.2686096131801605
0.2681775689125061
0.2677488327026367
0.2673211991786957
0.26689714193344116
0.26647472381591797
0.2660561501979828
0.2656399607658386
0.2652270793914795
0.26481616497039795
0.26440852880477905
0.2640026807785034
0.2636001706123352
0.2631993889808655
0.2628026008605957
0.26240530610084534
0.26201122999191284
0.26161545515060425
0.2612246870994568
0.2608354985713959
0.2604496479034424
0.26006579399108887
0.2596851587295532
0.2593071162700653
0.2589307129383087
0.2585574686527252
0.25818565487861633
0.2578163146972656
0.2574489712715149
0.25708505511283875
0.25672295689582825
0.25636377930641174
0.2560075521469116
0.255655437707901
0.2553066909313202
0.25496193766593933
0.25461244583129883
0.25426679849624634
0.25391697883605957
0.253572553396225
0.2532286047935486
0.25288939476013184
0.25255149602890015
0.25221654772758484
0.25188273191452026
0.25155264139175415
0.25122421979904175
0.25089800357818604
0.25057676434516907
0.2502608001232147
0.24995213747024536
0.24963560700416565
0.24932217597961426
0.24899601936340332
0.2486782968044281
0.24836450815200806
0.24805724620819092
0.2477562129497528
0.24745386838912964
0.24715754389762878
0.24685315787792206
0.246554434299469
0.24624896049499512
0.2459520399570465
0.2456532120704651
0.2453596591949463
0.24506694078445435
0.24477671086788177
0.24448862671852112
0.24420204758644104
0.2439175546169281
0.24363462626934052
0.24335481226444244
0.24307671189308167
0.24280473589897156
0.24253995716571808
0.24228528141975403
0.24202373623847961
0.2417612373828888
0.24147483706474304
0.24119599163532257
0.24091854691505432
0.24065503478050232
0.24039672315120697
0.2401421070098877
0.2398945391178131
0.23963625729084015
0.2393779754638672
0.23910748958587646
0.23884454369544983
0.23858344554901123
0.23832806944847107
0.23807741701602936
0.23782992362976074
0.23759247362613678
0.23735754191875458
0.23713241517543793
0.23688757419586182
0.23663854598999023
0.23637346923351288
0.23612470924854279
0.23588211834430695
0.23564831912517548
0.2354244440793991
0.2351955771446228
0.23497506976127625
0.2347320020198822
0.2344949096441269
0.2342459261417389
0.2340126633644104
0.2337813675403595
0.23355692625045776
0.23333969712257385
0.23312434554100037
0.2329215407371521
0.23270556330680847
0.23248860239982605
0.2322445511817932
0.23201262950897217
0.23178675770759583
0.23157314956188202
0.23136809468269348
0.23116230964660645
0.23096472024917603
0.23074978590011597
0.23053574562072754
0.23030614852905273
0.2300877720117569
0.2298729121685028
0.22966377437114716
0.2294626384973526
0.22926758229732513
0.22908863425254822
0.22890211641788483
0.2287149727344513
0.22849303483963013
0.22827394306659698
0.2280544489622116
0.22785648703575134
0.2276698797941208
0.2274867296218872
0.2273094207048416
0.22711443901062012
0.22691726684570312
0.2267020046710968
0.2264997363090515
0.2263004034757614
0.2261090874671936
0.22592566907405853
0.22574663162231445
0.22558268904685974
0.2254149615764618
0.2252531498670578
0.2250543236732483
0.22484919428825378
0.22463658452033997
0.22445350885391235
0.22428159415721893
0.22411158680915833
0.2239513099193573
0.22377440333366394
0.22359877824783325
0.22340136766433716
0.22321277856826782
0.22302421927452087
0.2228454351425171
0.22267118096351624
0.2225026786327362
0.22234828770160675
0.22220483422279358
0.22208406031131744
0.22192880511283875
0.22175395488739014
0.22152501344680786
0.22133810818195343
0.22118712961673737
0.22104597091674805
0.22090646624565125
0.22072508931159973
0.22054046392440796
0.22034740447998047
0.2201819121837616
0.2200322300195694
0.21988756954669952
0.219763845205307
0.21961383521556854
0.21945597231388092
0.21925710141658783
0.21907973289489746
0.21891650557518005
0.21876834332942963
0.21863442659378052
0.21849802136421204
0.2183731198310852
0.21821042895317078
0.2180454283952713
0.2178582400083542
0.21769589185714722
0.2175459861755371
0.2174062281847
0.21728454530239105
0.21716073155403137
0.21704527735710144
0.21688801050186157
0.2167217880487442
0.2165369689464569
0.21638457477092743
0.21625059843063354
0.21612367033958435
0.21601401269435883
0.21588288247585297
0.21575096249580383
0.21557939052581787
0.2154202163219452
0.2152615487575531
0.2151205986738205
0.21499082446098328
0.21486671268939972
0.21476632356643677
0.2146614044904709
0.21456775069236755
0.21440717577934265
0.2142367959022522
0.21406230330467224
0.21393270790576935
0.21382491290569305
0.21371299028396606
0.21360883116722107
0.21346522867679596
0.21331465244293213
0.21315190196037292
0.2130129635334015
0.2128867357969284
0.21276843547821045
0.21267370879650116
0.21257926523685455
0.21249932050704956
0.21235860884189606
0.21220561861991882
0.21203075349330902
0.21189969778060913
0.21179279685020447
0.21169185638427734
0.21160626411437988
0.2114916741847992
0.21137095987796783
0.21120502054691315
0.21106310188770294
0.21093115210533142
0.21081827580928802
0.2107231467962265
0.21062853932380676
0.21056240797042847
0.21046441793441772
0.21034470200538635
0.21016673743724823
0.21002088487148285
0.20990362763404846
0.20981067419052124
0.20973509550094604
0.20964233577251434
0.20954689383506775
0.2093968540430069
0.20925459265708923
0.20911401510238647
0.209002286195755
0.20890751481056213
0.2088187336921692
0.208757221698761
0.2086765170097351
0.20859050750732422
0.20842763781547546
0.20827524363994598
0.20814672112464905
0.20805561542510986
0.20798221230506897
0.2078951597213745
0.20781151950359344
0.20767825841903687
0.20754912495613098
0.20741114020347595
0.20729903876781464
0.20719514787197113
0.20709924399852753
0.20702460408210754
0.2069576382637024
0.2069241851568222
0.20684705674648285
0.20674142241477966
0.2065543383359909
0.2064201533794403
0.2063339799642563
0.20626825094223022
0.2062140703201294
0.2061110883951187
0.20599564909934998
0.20584364235401154
0.20572808384895325
0.20562955737113953
0.20554666221141815
0.20549198985099792
0.2054370939731598
0.2053995579481125
0.2052920013666153
0.20515970885753632
0.20499329268932343
0.20489035546779633
0.2048248052597046
0.20476119220256805
0.2047114372253418
0.20461657643318176
0.20451043546199799
0.20436155796051025
0.2042485624551773
0.20415374636650085
0.20407292246818542
0.20401859283447266
0.203963041305542
0.20393186807632446
0.2038462609052658
0.2037273347377777
0.20356272161006927
0.20345830917358398
0.20339006185531616
0.2033328413963318
0.20329342782497406
0.20321452617645264
0.2031278908252716
0.20298582315444946
0.20286691188812256
0.2027718871831894
0.2026962786912918
0.20264604687690735
0.2026020884513855
0.20258958637714386
0.20251983404159546
0.20241208374500275
0.2022417187690735
0.20213256776332855
0.20207186043262482
0.20202644169330597
0.20199179649353027
0.2019052952528
0.20180633664131165
0.20166900753974915
0.20156759023666382
0.2014811933040619
0.20141556859016418
0.2013687640428543
0.2013259381055832
0.20131239295005798
0.2012389898300171
0.20114119350910187
0.200984388589859
0.2008788287639618
0.2008151113986969
0.20077185332775116
0.20075049996376038
0.20069363713264465
0.20062467455863953
0.20048639178276062
0.20037464797496796
0.2002774327993393
0.2002137154340744
0.2001696228981018
0.2001335322856903
0.20013171434402466
0.2000730037689209
0.1999823898077011
0.1998215615749359
0.19971920549869537
0.19965535402297974
0.19961601495742798
0.19959548115730286
0.19953539967536926
0.19947057962417603
0.19934317469596863
0.1992347240447998
0.19914200901985168
0.19908028841018677
0.19903752207756042
0.19900259375572205
0.19900602102279663
0.19895830750465393
0.19888946413993835
0.1987387239933014
0.19862613081932068
0.1985514611005783
0.19851383566856384
0.1984996348619461
0.19845731556415558
0.19841189682483673
0.19828566908836365
0.19817623496055603
0.1980806589126587
0.19802185893058777
0.1979886293411255
0.19795992970466614
0.19796156883239746
0.19791510701179504
0.19785647094249725
0.19771021604537964
0.197599858045578
0.19752484560012817
0.19748222827911377
0.19746345281600952
0.19743043184280396
0.1974012851715088
0.19730599224567413
0.1972084790468216
0.19709095358848572
0.19701798260211945
0.1969636082649231
0.1969205141067505
0.19691012799739838
0.19690674543380737
0.19693022966384888
0.19686217606067657
0.1967514455318451
0.1965845227241516
0.19651564955711365
0.19650013744831085
0.1964799463748932
0.19647273421287537
0.19638599455356598
0.19629158079624176
0.19616614282131195
0.19609203934669495
0.1960369050502777
0.19599315524101257
0.19598445296287537
0.19598370790481567
0.19602026045322418
0.19596374034881592
0.1958540976047516
0.1956845223903656
0.1956147998571396
0.19560648500919342
0.19559741020202637
0.19558745622634888
0.19550415873527527
0.1954069286584854
0.19528310000896454
0.19521570205688477
0.19517016410827637
0.19513492286205292
0.195128932595253
0.19512225687503815
0.19513744115829468
0.19506587088108063
0.19496643543243408
0.19481976330280304
0.1947534829378128
0.19472754001617432
0.194713294506073
0.19472388923168182
0.19467663764953613
0.19460977613925934
0.19447672367095947
0.1943911612033844
0.19432798027992249
0.19429126381874084
0.19428330659866333
0.1942855715751648
0.19432343542575836
0.1942935287952423
0.19421526789665222
0.1940413862466812
0.19395700097084045
0.19393672049045563
0.19393086433410645
0.19393499195575714
0.19387279450893402
0.19379578530788422
0.19367331266403198
0.193596750497818
0.19354936480522156
0.19351978600025177
0.19351771473884583
0.1935265213251114
0.19358375668525696
0.1935289204120636
0.1934245228767395
0.19327029585838318
0.19321376085281372
0.19319935142993927
0.193191796541214
0.1932075023651123
0.193155899643898
0.19306984543800354
0.1929483413696289
0.1928791105747223
0.19282715022563934
0.19279485940933228
0.1927988976240158
0.19280415773391724
0.192842498421669
0.19279347360134125
0.19272226095199585
0.1925775408744812
0.19249027967453003
0.1924591213464737
0.1924521028995514
0.19246047735214233
0.1924324482679367
0.19240617752075195
0.1922958642244339
0.19221045076847076
0.19212354719638824
0.19208145141601562
0.1920604705810547
0.19205284118652344
0.19209551811218262
0.19212448596954346
0.1921434998512268
0.19201987981796265
0.19187529385089874
0.19177958369255066
0.19177646934986115
0.1917906552553177
0.19178202748298645
0.19178521633148193
0.1916796714067459
0.19157859683036804
0.19148564338684082
0.19144774973392487
0.1914227157831192
0.1913950890302658
0.19142934679985046
0.19147604703903198
0.19152912497520447
0.1914476752281189
0.19132459163665771
0.19117283821105957
0.19115084409713745
0.1911734640598297
0.19117513298988342
0.19116896390914917
0.19104647636413574
0.19095268845558167
0.1908770501613617
0.19083188474178314
0.19080553948879242
0.19079270958900452
0.1908392757177353
0.1908995509147644
0.19098100066184998
0.19088852405548096
0.1907300353050232
0.19057315587997437
0.19058020412921906
0.190639466047287
0.19061987102031708
0.19057518243789673
0.19043180346488953
0.19034305214881897
0.19029739499092102
0.19027908146381378
0.1902933418750763
0.19030927121639252
0.19035382568836212
0.19031818211078644
0.19023025035858154
0.19006793200969696
0.1900109350681305
0.19000214338302612
0.18999934196472168
0.19002071022987366
0.18999804556369781
0.18995554745197296
0.18982943892478943
0.1897515505552292
0.1896982043981552
0.18966075778007507
0.18964502215385437
0.18964920938014984
0.1897149682044983
0.18977084755897522
0.1898137331008911
0.1896943300962448
0.18954694271087646
0.1894310712814331
0.18944180011749268
0.18949554860591888
0.18947727978229523
0.1894269585609436
0.18931171298027039
0.18922561407089233
0.18916377425193787
0.18913482129573822
0.18913641571998596
0.1891523152589798
0.18922442197799683
0.18926648795604706
0.18929484486579895
0.18911875784397125
0.1889777034521103
0.1889306902885437
0.1889539510011673
0.18899725377559662
0.18896709382534027
0.18891707062721252
0.18879111111164093
0.18870121240615845
0.18866008520126343
0.18865427374839783
0.18866607546806335
0.18868935108184814
0.18878105282783508
0.18878507614135742
0.18871480226516724
0.18851494789123535
0.18845976889133453
0.18847694993019104
0.18847030401229858
0.1885036826133728
0.18850156664848328
0.1884615421295166
0.1883186548948288
0.18823114037513733
0.18819543719291687
0.18817923963069916
0.188137948513031
0.18812818825244904
0.18819627165794373
0.18823838233947754
0.18829770386219025
0.1882242113351822
0.18813762068748474
0.18799225986003876
0.18792541325092316
0.187968909740448
0.1879938542842865
0.18799017369747162
0.18793699145317078
0.1878816932439804
0.18775442242622375
0.1876925230026245
0.18766427040100098
0.18764156103134155
0.1876501739025116
0.18768374621868134
0.18780536949634552
0.18790480494499207
0.1879047006368637
0.1876901239156723
0.187530979514122
0.1875191479921341
0.18758438527584076
0.18758171796798706
0.18749092519283295
0.18743720650672913
0.18732398748397827
0.18725870549678802
0.18725338578224182
0.1872532069683075
0.18727974593639374
0.1873113363981247
0.18741439282894135
0.18740680813789368
0.18727611005306244
0.18709488213062286
0.18706904351711273
0.1870669424533844
0.1870478391647339
0.18706411123275757
0.18704189360141754
0.1869913935661316
0.1868715137243271
0.18683189153671265
0.1867842823266983
0.18672463297843933
0.1866881400346756
0.18665477633476257
0.18664436042308807
0.18666966259479523
0.18682923913002014
0.18712247908115387
0.18741685152053833
0.18722429871559143
0.18686819076538086
0.1867801994085312
0.18695230782032013
0.18695953488349915
0.18673352897167206
0.18660950660705566
0.18661105632781982
0.18663795292377472
0.18664735555648804
0.18655617535114288
0.18647432327270508
0.18637116253376007
0.18630599975585938
0.186253622174263
0.1862342655658722
0.1862347424030304
0.1862649917602539
0.18638652563095093
0.18647737801074982
0.1865157186985016
0.1863177865743637
0.18612441420555115
0.18608543276786804
0.18616418540477753
0.18621617555618286
0.18612810969352722
0.18599960207939148
0.18588866293430328
0.18587574362754822
0.18588900566101074
0.1858959048986435
0.18593494594097137
0.18589670956134796
0.18584439158439636
0.1857183873653412
0.18565809726715088
0.1856113076210022
0.18557152152061462
0.18555569648742676
0.185564324259758
0.18565700948238373
0.18580126762390137
0.1859722137451172
0.18589283525943756
0.18565961718559265
0.18548762798309326
0.18558372557163239
0.18567520380020142
0.18560117483139038
0.18548735976219177
0.18535499274730682
0.1853332221508026
0.18535242974758148
0.18536698818206787
0.18541289865970612
0.18537017703056335
0.18531732261180878
0.18519434332847595
0.1851212978363037
0.18507693707942963
0.18506240844726562
0.185094952583313
0.18513251841068268
0.1852283775806427
0.1852729320526123
0.18525151908397675
0.18503165245056152
0.18491202592849731
0.18492446839809418
0.184975728392601
0.18501180410385132
0.18498529493808746
0.1849568784236908
0.18482626974582672
0.18474164605140686
0.18470527231693268
0.18470707535743713
0.18472793698310852
0.1847587376832962
0.18486334383487701
0.18489858508110046
0.1848640739917755
0.18468749523162842
0.1845998466014862
0.18456809222698212
0.18457254767417908
0.18462629616260529
0.18465255200862885
0.1846376359462738
0.1845436692237854
0.18448863923549652
0.18437787890434265
0.18433451652526855
0.1843326985836029
0.18433816730976105
0.18439577519893646
0.18448956310749054
0.18464583158493042
0.18468190729618073
0.18455135822296143
0.1842968463897705
0.18426203727722168
0.1843179613351822
0.18435052037239075
0.1843542903661728
0.1842806488275528
0.18422648310661316
0.1841118037700653
0.1840607225894928
0.18402458727359772
0.18400105834007263
0.18400666117668152
0.18403756618499756
0.18419766426086426
0.1844346821308136
0.18466360867023468
0.1845254898071289
0.18417125940322876
0.18405373394489288
0.18424755334854126
0.184233620762825
0.18409012258052826
0.1840943694114685
0.18398799002170563
0.1838688999414444
0.18385878205299377
0.18387004733085632
0.18388435244560242
0.1838705837726593
0.1840042620897293
0.18405984342098236
0.18397541344165802
0.1837913691997528
0.18371081352233887
0.18365119397640228
0.1836402416229248
0.18365579843521118
0.18366500735282898
0.18373551964759827
0.18369975686073303
0.18366730213165283
0.1835373193025589
0.1835034191608429
0.18343313038349152
0.1833428144454956
0.18330669403076172
0.18330755829811096
0.18329860270023346
0.1833122968673706
0.18349440395832062
0.18384487926959991
0.18421636521816254
0.18398796021938324
0.18367105722427368
0.18353039026260376
0.18361185491085052
0.18372568488121033
0.18364056944847107
0.18348059058189392
0.18330858647823334
0.18327966332435608
0.18331633508205414
0.18329772353172302
0.18329717218875885
0.18331578373908997
0.18335308134555817
0.18319253623485565
0.18310502171516418
0.1830446422100067
0.18300141394138336
0.18292975425720215
0.18287576735019684
0.18288733065128326
0.18291588127613068
0.18302559852600098
0.18324880301952362
0.1835452914237976
0.18343485891819
0.18309611082077026
0.18291214108467102
0.18306834995746613
0.1831503063440323
0.1830538809299469
0.18297269940376282
0.18280379474163055
0.1827404648065567
0.1827661693096161
0.18276916444301605
0.18281902372837067
0.1828918755054474
0.18295392394065857
0.18281733989715576
0.18266403675079346
0.1825510859489441
0.1825457215309143
0.18255870044231415
0.18259349465370178
0.1826888471841812
0.18263569474220276
0.18258081376552582
0.18246345221996307
0.1823885440826416
0.1823093295097351
0.1822967231273651
0.18234670162200928
0.1823999583721161
0.1825358122587204
0.18265755474567413
0.18271180987358093
0.1824268400669098
0.18227440118789673
0.18228298425674438
0.18233622610569
0.1823715716600418
0.18236412107944489
0.1823200285434723
0.18215933442115784
0.18210874497890472
0.1820746660232544
0.1820412278175354
0.18200361728668213
0.1820334494113922
0.18215075135231018
0.18226370215415955
0.18248239159584045
0.18249203264713287
0.18230904638767242
0.18202084302902222
0.18204325437545776
0.18216826021671295
0.18215876817703247
0.18215715885162354
0.1820528507232666
0.18192437291145325
0.1818237155675888
0.18183454871177673
0.1818632334470749
0.18187646567821503
0.18201205134391785
0.1821804791688919
0.18226782977581024
0.18205006420612335
0.18188884854316711
0.18180087208747864
0.18180735409259796
0.18187874555587769
0.18191280961036682
0.18191276490688324
0.18178343772888184
0.1817231923341751
0.18164268136024475
0.18155521154403687
0.18151666224002838
0.18151742219924927
0.18149913847446442
0.18149201571941376
0.18160995841026306
0.18183749914169312
0.1822458654642105
0.18233321607112885
0.18212807178497314
0.18169093132019043
0.181727334856987
0.18193894624710083
0.18194787204265594
0.181893453001976
0.18171752989292145
0.18161645531654358
0.18153439462184906
0.18150749802589417
0.18156518042087555
0.18161672353744507
0.18173135817050934
0.1817820519208908
0.181797593832016
0.1815142035484314
0.18137432634830475
0.18136993050575256
0.18140995502471924
0.18143948912620544
0.18142536282539368
0.1815045177936554
0.18142187595367432
0.18130913376808167
0.1812138706445694
0.18116453289985657
0.18108896911144257
0.18106377124786377
0.1810447722673416
0.1810164451599121
0.18098483979701996
0.181061252951622
0.1814056634902954
0.1818588823080063
0.18225246667861938
0.1819545030593872
0.18159055709838867
0.18146774172782898
0.1816323697566986
0.18172121047973633
0.18153370916843414
0.18143925070762634
0.18128930032253265
0.18116983771324158
0.18120601773262024
0.18124084174633026
0.18126508593559265
0.1813022941350937
0.1814970076084137
0.18139803409576416
0.18117892742156982
0.18098124861717224
0.18101713061332703
0.18098755180835724
0.18091844022274017
0.18101376295089722
0.18106962740421295
0.18115153908729553
0.18120497465133667
0.18116538226604462
0.18092411756515503
0.18084289133548737
0.18082132935523987
0.18079590797424316
0.1807248294353485
0.18075382709503174
0.18087056279182434
0.18080565333366394
0.18084828555583954
0.18085512518882751
0.1808043271303177
0.18062908947467804
0.18056835234165192
0.1805199533700943
0.18045882880687714
0.1804329752922058
0.18046270310878754
0.1805134415626526
0.1805819869041443
0.18083998560905457
0.18102648854255676
0.18091663718223572
0.18049877882003784
0.18050619959831238
0.1805720031261444
0.18050767481327057
0.1805669367313385
0.18060454726219177
0.18057022988796234
0.18044541776180267
0.18040767312049866
0.18034222722053528
0.18025894463062286
0.180189311504364
0.18021589517593384
0.18014763295650482
0.18009723722934723
0.18010865151882172
0.18024404346942902
0.18052062392234802
0.18105165660381317
0.18144643306732178
0.18119941651821136
0.18043141067028046
0.18055975437164307
0.180860236287117
0.1808941513299942
0.18079078197479248
0.18052521347999573
0.180470272898674
0.18042270839214325
0.18041662871837616
0.18038451671600342
0.1803610920906067
0.18050932884216309
0.18054738640785217
0.18058744072914124
0.18033742904663086
0.18033099174499512
0.18023861944675446
0.18013344705104828
0.18011009693145752
0.18006396293640137
0.1800815463066101
0.18016338348388672
0.18042483925819397
0.18067537248134613
0.18079161643981934
0.1804255098104477
0.18032726645469666
0.18016831576824188
0.18023602664470673
0.1803842931985855
0.18032203614711761
0.18025311827659607
0.1800496131181717
0.17999880015850067
0.17989683151245117
0.17985036969184875
0.17984238266944885
0.17985588312149048
0.17997224628925323
0.18017446994781494
0.1805448830127716
0.18057894706726074
0.18025250732898712
0.17986814677715302
0.17996293306350708
0.18005771934986115
0.1800154447555542
0.18003645539283752
0.1798786222934723
0.1797199845314026
0.17963401973247528
0.17965444922447205
0.17962120473384857
0.1795709729194641
0.17965656518936157
0.1798616200685501
0.18017423152923584
0.18030449748039246
0.18025439977645874
0.17979402840137482
0.17973044514656067
0.17977988719940186
0.17985324561595917
0.179970845580101
0.1798090636730194
0.17970937490463257
0.179561585187912
0.17948272824287415
0.17943471670150757
0.17942717671394348
0.17946089804172516
0.17952869832515717
0.1797267347574234
0.17993135750293732
0.18009932339191437
0.1796714812517166
0.17953987419605255
0.17947112023830414
0.17953039705753326
0.1796431839466095
0.17964985966682434
0.17968815565109253
0.1795198917388916
0.17937012016773224
0.1792658567428589
0.1792217642068863
0.1791956126689911
0.1791982650756836
0.17929987609386444
0.17946141958236694
0.17973285913467407
0.17977271974086761
0.17965325713157654
0.17924198508262634
0.17923319339752197
0.17938682436943054
0.17944872379302979
0.17945612967014313
0.17930784821510315
0.17924422025680542
0.17909233272075653
0.17902114987373352
0.1790332794189453
0.17905539274215698
0.17912574112415314
0.17920531332492828
0.17942214012145996
0.17956048250198364
0.1795026957988739
0.17905758321285248
0.17903199791908264
0.1791335940361023
0.1791229248046875
0.17910441756248474
0.17914879322052002
0.1792314052581787
0.17899198830127716
0.17891480028629303
0.178935706615448
0.1788857877254486
0.1787690818309784
0.17875847220420837
0.17876094579696655
0.17878921329975128
0.17887212336063385
0.17917802929878235
0.1795608103275299
0.17969156801700592
0.1792433112859726
0.17902356386184692
0.1790274828672409
0.17911936342716217
0.17917804419994354
0.1790522038936615
0.1790037453174591
0.17882153391838074
0.1787743866443634
0.17876555025577545
0.17871145904064178
0.17864973843097687
0.17866161465644836
0.17879700660705566
0.17904235422611237
0.17951275408267975
0.17975102365016937
0.1796582192182541
0.17894712090492249
0.17895634472370148
0.1791532337665558
0.17920371890068054
0.1793692708015442
0.17930655181407928
0.17935678362846375
0.1790028214454651
0.17886288464069366
0.17881593108177185
0.17881830036640167
0.1787642389535904
0.1787223070859909
0.178780660033226
0.178991436958313
0.17947404086589813
0.17984159290790558
0.18015271425247192
0.1793936938047409
0.17922164499759674
0.17921793460845947
0.17937010526657104
0.17947359383106232
0.17938321828842163
0.17952771484851837
0.17924301326274872
0.1792113333940506
0.17907004058361053
0.17922349274158478
0.17894072830677032
0.17892706394195557
0.17890755832195282
0.17904618382453918
0.17918941378593445
0.17982494831085205
0.18032711744308472
0.18022097647190094
0.1793026328086853
0.17966704070568085
0.1794569343328476
0.17952574789524078
0.179457888007164
0.17933118343353271
0.1793440580368042
0.17921005189418793
0.1796841025352478
0.1796676218509674
0.1801997870206833
0.18008460104465485
0.18064506351947784
0.1799273043870926
0.1799769550561905
0.17969787120819092
0.18003204464912415
0.1796753704547882
0.18014715611934662
0.1797862946987152
0.1808667778968811
0.18141214549541473
0.18355092406272888
0.18239906430244446
0.1846563220024109
0.18265287578105927
0.1854061782360077
0.18440571427345276
0.1880379021167755
0.18936757743358612
0.20051337778568268
0.2021329551935196
0.21272361278533936
0.21380335092544556
0.22742611169815063
0.2319716215133667
0.24044230580329895
0.23732507228851318
0.240485280752182
0.2369682639837265
0.2354399859905243
0.23120161890983582
0.22880753874778748
0.2251378297805786
0.2229919135570526
0.22044728696346283
0.21867817640304565
0.21567164361476898
0.21375122666358948
0.20989465713500977
0.20824621617794037
0.20573267340660095
0.20403707027435303
0.20224250853061676
0.2007606029510498
0.19932162761688232
0.1983385980129242
0.1977275013923645
0.1996314525604248
0.20342634618282318
0.20411589741706848
0.1980215311050415
0.19799590110778809
0.19791539013385773
0.19744180142879486
0.19645529985427856
0.19503404200077057
0.19447094202041626
0.19320614635944366
0.1926562339067459
0.19166868925094604
0.19119331240653992
0.1908034235239029
0.1910204142332077
0.19116340577602386
0.19139140844345093
0.1893821656703949
0.18862558901309967
0.18793317675590515
0.18774259090423584
0.18770655989646912
0.18703195452690125
0.1866832822561264
0.18595170974731445
0.18557974696159363
0.18506303429603577
0.18470698595046997
0.18436920642852783
0.18402403593063354
0.18379884958267212
0.18362343311309814
0.1838592141866684
0.18443098664283752
0.18490469455718994
0.18413391709327698
0.1828979253768921
0.1828826516866684
0.18321602046489716
0.18265306949615479
0.18209700286388397
0.18209710717201233
0.18197886645793915
0.1817106157541275
0.18148024380207062
0.18120495975017548
0.18106088042259216
0.18086639046669006
0.1807079166173935
0.1806759238243103
0.18055842816829681
0.18053394556045532
0.1805754452943802
0.18058131635189056
0.18030960857868195
0.1800062507390976
0.17981155216693878
0.17973090708255768
0.17970523238182068
0.17965811491012573
0.17959585785865784
0.179456427693367
0.17929983139038086
0.17910483479499817
0.17904016375541687
0.17896831035614014
0.17883704602718353
0.1787746548652649
0.1787661910057068
0.1787995547056198
0.178934246301651
0.17924420535564423
0.1794961392879486
0.17918330430984497
0.17856654524803162
0.17858844995498657
0.17877128720283508
0.17867407202720642
0.17850498855113983
0.17832475900650024
0.17825987935066223
0.17829632759094238
0.17827337980270386
0.17817451059818268
0.178025484085083
0.177930548787117
0.17784351110458374
0.17777381837368011
0.17772583663463593
0.17769509553909302
0.1776968538761139
0.17773889005184174
0.17788007855415344
0.17802932858467102
0.17801202833652496
0.17773830890655518
0.17753499746322632
0.17751500010490417
0.17755773663520813
0.1776270717382431
0.1775403618812561
0.17733746767044067
0.17723654210567474
0.17725545167922974
0.1772281527519226
0.17722129821777344
0.1772739589214325
0.17725419998168945
0.17720967531204224
0.17712651193141937
0.1770583689212799
0.17694921791553497
0.17689555883407593
0.17688359320163727
0.17684760689735413
0.17683126032352448
0.1768816113471985
0.17703388631343842
0.17722554504871368
0.1773645430803299
0.1772594302892685
0.17690932750701904
0.17674368619918823
0.17690394818782806
0.1769731044769287
0.17683887481689453
0.1766921728849411
0.17661292850971222
0.17660249769687653
0.17663392424583435
0.1766626238822937
0.17666685581207275
0.176561176776886
0.17649123072624207
0.17640940845012665
0.17634442448616028
0.1763010323047638
0.17628715932369232
0.17630194127559662
0.17634639143943787
0.17648445069789886
0.17670400440692902
0.17683449387550354
0.17665578424930573
0.176319882273674
0.17624612152576447
0.17639455199241638
0.1764620691537857
0.17636340856552124
0.17621386051177979
0.1760992556810379
0.17612937092781067
0.17619137465953827
0.17620237171649933
0.17620739340782166
0.17620211839675903
0.17614100873470306
0.17596793174743652
0.175917848944664
0.17592589557170868
0.1759243905544281
0.17596955597400665
0.1760539710521698
0.17621886730194092
0.1763308346271515
0.17626455426216125
0.17605243623256683
0.17584675550460815
0.17586839199066162
0.17603696882724762
0.1760338842868805
0.1759127974510193
0.17589280009269714
0.17585015296936035
0.17576804757118225
0.17570288479328156
0.17572912573814392
0.17576834559440613
0.17579832673072815
0.17593346536159515
0.1760275810956955
0.17604459822177887
0.1759733408689499
0.17582795023918152
0.17563465237617493
0.17564120888710022
0.17578890919685364
0.17580944299697876
0.1757669299840927
0.1757984161376953
0.17577506601810455
0.17555582523345947
0.17550726234912872
0.17553643882274628
0.1754963994026184
0.17548635601997375
0.17554441094398499
0.17570078372955322
0.17593641579151154
0.17623504996299744
0.17633987963199615
0.17581814527511597
0.17553327977657318
0.17579378187656403
0.1758018583059311
0.17568737268447876
0.17568565905094147
0.17552070319652557
0.17542985081672668
0.17549186944961548
0.17549946904182434
0.17548149824142456
0.17555510997772217
0.17563116550445557
0.17554816603660583
0.17550085484981537
0.1754709631204605
0.1753331869840622
0.1752161979675293
0.17524398863315582
0.1752416491508484
0.17520445585250854
0.17527496814727783
0.17543716728687286
0.17563022673130035
0.17582647502422333
0.1758529096841812
0.1754484474658966
0.1752343475818634
0.17538803815841675
0.17548514902591705
0.17547151446342468
0.1754198670387268
0.17534801363945007
0.175187349319458
0.17513152956962585
0.17518147826194763
0.1751982420682907
0.1752544641494751
0.1754218488931656
0.17559534311294556
0.1755347102880478
0.17540082335472107
0.17520765960216522
0.17510589957237244
0.17518353462219238
0.17534185945987701
0.1753225177526474
0.1751873791217804
0.17513272166252136
0.17501184344291687
0.17492806911468506
0.1749594509601593
0.17501848936080933
0.17509454488754272
0.17522963881492615
0.17540587484836578
0.17539717257022858
0.17513856291770935
0.17492437362670898
0.17496062815189362
0.175021693110466
0.17507946491241455
0.1751304417848587
0.17501074075698853
0.17485354840755463
0.17480023205280304
0.17480404675006866
0.17477770149707794
0.17479974031448364
0.1749204695224762
0.17508083581924438
0.17524884641170502
0.1753542274236679
0.17519940435886383
0.1748235821723938
0.17478609085083008
0.1749621033668518
0.17504273355007172
0.17501068115234375
0.1749034970998764
0.17481251060962677
0.17469778656959534
0.17468103766441345
0.17475102841854095
0.17480845749378204
0.17492516338825226
0.17506982386112213
0.17512600123882294
0.17490628361701965
0.17471706867218018
0.1746818870306015
0.17471061646938324
0.17476239800453186
0.17485064268112183
0.17487317323684692
0.17477399110794067
0.1746816337108612
0.174600750207901
0.17453815042972565
0.1744900345802307
0.17450164258480072
0.1745479255914688
0.17461326718330383
0.17479154467582703
0.17512285709381104
0.17531010508537292
0.1750904619693756
0.1747153103351593
0.17464321851730347
0.17481279373168945
0.17488984763622284
0.17483900487422943
0.17471523582935333
0.1745394468307495
0.174515500664711
0.17458677291870117
0.1746092289686203
0.1746821403503418
0.17480598390102386
0.1748654544353485
0.17471176385879517
0.17459070682525635
0.17451198399066925
0.1744191199541092
0.17443206906318665
0.1745397299528122
0.17460490763187408
0.1746324598789215
0.17471739649772644
0.17465457320213318
0.17448735237121582
0.17433544993400574
0.17434664070606232
0.17433930933475494
0.17434200644493103
0.17447741329669952
0.17463819682598114
0.17480243742465973
0.17491258680820465
0.17477042973041534
0.17442923784255981
0.17431113123893738
0.17444849014282227
0.17456451058387756
0.17459656298160553
0.1745613068342209
0.17449039220809937
0.1742672324180603
0.17422950267791748
0.1742909699678421
0.17430774867534637
0.17435669898986816
0.1745099276304245
0.17471429705619812
0.17480780184268951
0.17466571927070618
0.1743977665901184
0.17430759966373444
0.17431356012821198
0.17439450323581696
0.17446519434452057
0.17443345487117767
0.1744338572025299
0.17432211339473724
0.17418214678764343
0.17413215339183807
0.17413769662380219
0.17408397793769836
0.17402808368206024
0.17406615614891052
0.1741793155670166
0.1744615137577057
0.17509406805038452
0.17580083012580872
0.17579877376556396
0.17488956451416016
0.17463473975658417
0.17504726350307465
0.17509110271930695
0.1748727709054947
0.1747499704360962
0.17457163333892822
0.17456366121768951
0.17468604445457458
0.17471250891685486
0.174793541431427
0.17485280334949493
0.17469976842403412
0.17443569004535675
0.17435488104820251
0.17426012456417084
0.17422112822532654
0.17428426444530487
0.17437075078487396
0.1745406836271286
0.17479316890239716
0.17492495477199554
0.17466746270656586
0.17428752779960632
0.17419622838497162
0.17439419031143188
0.17447657883167267
0.1744811087846756
0.17435258626937866
0.1740899235010147
0.1740691065788269
0.17411810159683228
0.17412209510803223
0.17412778735160828
0.17421399056911469
0.17430323362350464
0.17432932555675507
0.17436155676841736
0.1741306185722351
0.17398926615715027
0.17394772171974182
0.17399774491786957
0.17405997216701508
0.17402219772338867
0.17414632439613342
0.17436322569847107
0.17452971637248993
0.17454929649829865
0.17420783638954163
0.17388951778411865
0.17401742935180664
0.1741514354944229
0.17402327060699463
0.17393510043621063
0.17406614124774933
0.17416638135910034
0.1740613430738449
0.1741207093000412
0.1741444617509842
0.17419329285621643
0.1741715669631958
0.17403218150138855
0.17392310500144958
0.17388783395290375
0.17383652925491333
0.1738150715827942
0.17372505366802216
0.17369167506694794
0.17367517948150635
0.17364710569381714
0.1736876368522644
0.17382875084877014
0.17426438629627228
0.1752920299768448
0.17641596496105194
0.17586791515350342
0.1744595170021057
0.17465275526046753
0.1751575917005539
0.17515552043914795
0.1751839518547058
0.17488548159599304
0.17455898225307465
0.17447899281978607
0.17459507286548615
0.1745988130569458
0.17464108765125275
0.17492681741714478
0.17497941851615906
0.17489328980445862
0.17448249459266663
0.17439796030521393
0.1742049902677536
0.17421406507492065
0.17435216903686523
0.1743982583284378
0.1746373474597931
0.1749257892370224
0.17484791576862335
0.17440563440322876
0.1741575002670288
0.17408424615859985
0.17413240671157837
0.17426535487174988
0.17431823909282684
0.17427000403404236
0.1741010993719101
0.174038827419281
0.17387446761131287
0.1738443672657013
0.17384061217308044
0.17381656169891357
0.173842191696167
0.17402955889701843
0.1743781417608261
0.17459119856357574
0.17451997101306915
0.17419858276844025
0.17389659583568573
0.17388492822647095
0.17410340905189514
0.1741538941860199
0.17399904131889343
0.17392398416996002
0.17371568083763123
0.17359080910682678
0.1736462414264679
0.17369790375232697
0.1737479865550995
0.17388731241226196
0.17407852411270142
0.17409898340702057
0.17386102676391602
0.17358867824077606
0.1735447645187378
0.1735563725233078
0.17361265420913696
0.17367514967918396
0.17368324100971222
0.1737726926803589
0.17374944686889648
0.17357860505580902
0.17342840135097504
0.17344976961612701
0.17340683937072754
0.17328104376792908
0.17326384782791138
0.1733035147190094
0.1732863485813141
0.17336969077587128
0.17372970283031464
0.17441274225711823
0.17505162954330444
0.17489075660705566
0.1740948110818863
0.17382343113422394
0.1742013394832611
0.17440098524093628
0.17416274547576904
0.1738702803850174
0.17375773191452026
0.17378753423690796
0.17395304143428802
0.17406509816646576
0.17410604655742645
0.17393162846565247
0.17378845810890198
0.17355887591838837
0.17352457344532013
0.17358389496803284
0.17364883422851562
0.17383570969104767
0.173973947763443
0.17399698495864868
0.17380329966545105
0.1735747903585434
0.1734147071838379
0.1734137088060379
0.17351128160953522
0.17359980940818787
0.1737034022808075
0.173737034201622
0.17366312444210052
0.1734120100736618
0.17337623238563538
0.1733216941356659
0.1732942759990692
0.17335562407970428
0.17349587380886078
0.17367932200431824
0.17377708852291107
0.17383822798728943
0.173751562833786
0.17342540621757507
0.1732063889503479
0.17338135838508606
0.17354893684387207
0.1735295206308365
0.1735045164823532
0.17347916960716248
0.17336435616016388
0.1731300950050354
0.17311955988407135
0.1731930524110794
0.17318123579025269
0.1732768565416336
0.1735413521528244
0.1739170104265213
0.17415748536586761
0.17383477091789246
0.17343907058238983
0.1733819544315338
0.17343935370445251
0.17353419959545135
0.1735970377922058
0.1735069453716278
0.17340272665023804
0.17327043414115906
0.1732061207294464
0.17314554750919342
0.17310398817062378
0.17311233282089233
0.1731235384941101
0.17328698933124542
0.17374718189239502
0.174369677901268
0.17472237348556519
0.1744111180305481
0.17379993200302124
0.17372040450572968
0.17396187782287598
0.17425136268138885
0.17434747517108917
0.17379768192768097
0.17363131046295166
0.17361515760421753
0.1735685020685196
0.17360404133796692
0.1737641543149948
0.17393317818641663
0.17402538657188416
0.17417679727077484
0.17395682632923126
0.17372457683086395
0.17339567840099335
0.1736292690038681
0.17373110353946686
0.1737368106842041
0.173899844288826
0.173892542719841
0.17365992069244385
0.17342734336853027
0.17358049750328064
0.17336419224739075
0.17329826951026917
0.1732860505580902
0.17328143119812012
0.17330659925937653
0.17357087135314941
0.17419098317623138
0.1747148334980011
0.1748020499944687
0.17400595545768738
0.17360563576221466
0.1737428456544876
0.17410270869731903
0.17414240539073944
0.173930823802948
0.1738293170928955
0.17347031831741333
0.17335543036460876
0.17344413697719574
0.17342138290405273
0.17343802750110626
0.17364174127578735
0.17387473583221436
0.1740037500858307
0.17411500215530396
0.17364631593227386
0.17344054579734802
0.17330589890480042
0.17347420752048492
0.17368967831134796
0.1737348735332489
0.17378197610378265
0.17361082136631012
0.17338362336158752
0.17314523458480835
0.1731490194797516
0.17316298186779022
0.1732093244791031
0.1732422113418579
0.17336687445640564
0.17355023324489594
0.17368952929973602
0.17401881515979767
0.1736806035041809
0.17338095605373383
0.17321114242076874
0.17343519628047943
0.17357277870178223
0.1736265867948532
0.17384715378284454
0.1738031655550003
0.17355428636074066
0.17326074838638306
0.17323626577854156
0.1731206327676773
0.17311939597129822
0.17315414547920227
0.17310109734535217
0.17307330667972565
0.1733180284500122
0.17373476922512054
0.17402827739715576
0.17434147000312805
0.17379245162010193
0.1733308732509613
0.17331096529960632
0.17354077100753784
0.17360557615756989
0.1736443042755127
0.17376533150672913
0.1734035164117813
0.1732567548751831
0.17319655418395996
0.17304235696792603
0.17292919754981995
0.172938734292984
0.17285937070846558
0.17282523214817047
0.17280267179012299
0.17287617921829224
0.17310737073421478
0.1738767772912979
0.17512910068035126
0.175969660282135
0.17504893243312836
0.17360801994800568
0.1745000183582306
0.17475338280200958
0.1750381886959076
0.17489074170589447
0.1742241531610489
0.1740853637456894
0.17423616349697113
0.17436900734901428
0.17386449873447418
0.17411336302757263
0.17405793070793152
0.17501312494277954
0.17646770179271698
0.17801283299922943
0.1767692267894745
0.17730189859867096
0.17586201429367065
0.17813222110271454
0.1773265153169632
0.17959317564964294
0.17830023169517517
0.18215133249759674
0.18387918174266815
0.19865190982818604
0.2066470980644226
0.22369208931922913
0.2317785769701004
0.2530173361301422
0.27102309465408325
0.27988070249557495
0.2784608006477356
0.28058677911758423
0.27483880519866943
0.27009403705596924
0.2635901868343353
0.2596386969089508
0.2592276632785797
0.2561880946159363
0.25335612893104553
0.24423335492610931
0.2362869381904602
0.2340962439775467
0.23069491982460022
0.22875697910785675
0.2278226912021637
0.22580020129680634
0.22210568189620972
0.21619698405265808
0.21351811289787292
0.21131716668605804
0.20976977050304413
0.20985183119773865
0.21164971590042114
0.21195894479751587
0.20846039056777954
0.20463624596595764
0.20280958712100983
0.2030566781759262
0.20158454775810242
0.1993331015110016
0.19841425120830536
0.19656039774417877
0.19584225118160248
0.19424113631248474
0.19349458813667297
0.19291260838508606
0.19296596944332123
0.19412928819656372
0.19637805223464966
0.1959637701511383
0.19329765439033508
0.19069592654705048
0.19095027446746826
0.19086311757564545
0.18972791731357574
0.18911132216453552
0.1881180703639984
0.18771784007549286
0.186884343624115
0.18630379438400269
0.18581482768058777
0.18530671298503876
0.18486551940441132
0.18494431674480438
0.18565012514591217
0.18749834597110748
0.18845638632774353
0.18625521659851074
0.18373610079288483
0.1842222809791565
0.18455103039741516
0.18361234664916992
0.1831377148628235
0.18274125456809998
0.18249084055423737
0.18220020830631256
0.1818864941596985
0.1818525195121765
0.18139885365962982
0.18122421205043793
0.18087157607078552
0.1806655377149582
0.18032339215278625
0.1800246387720108
0.17975954711437225
0.17962005734443665
0.17932413518428802
0.17919006943702698
0.17909611761569977
0.17914271354675293
0.17931069433689117
0.17949263751506805
0.17945453524589539
0.17894260585308075
0.17820395529270172
0.17820098996162415
0.17841842770576477
0.17833608388900757
0.17812348902225494
0.1777418851852417
0.17753244936466217
0.17749762535095215
0.17750278115272522
0.1775360107421875
0.17754410207271576
0.17744280397891998
0.1771603524684906
0.17690885066986084
0.17673155665397644
0.17667031288146973
0.1766524761915207
0.17669089138507843
0.17681163549423218
0.17683659493923187
0.17677251994609833
0.17651426792144775
0.17625388503074646
0.17608733475208282
0.17606568336486816
0.17614072561264038
0.17621400952339172
0.1762305498123169
0.1761307418346405
0.17590168118476868
0.17563176155090332
0.17556194961071014
0.1755666732788086
0.17556503415107727
0.17559683322906494
0.17567935585975647
0.17574475705623627
0.1756698191165924
0.1754743456840515
0.1751987487077713
0.17516247928142548
0.17514805495738983
0.17507420480251312
0.17510975897312164
0.175213024020195
0.17527993023395538
0.17535068094730377
0.17530891299247742
0.17509737610816956
0.17490153014659882
0.17477381229400635
0.1747615486383438
0.17477256059646606
0.1748436987400055
0.1749018132686615
0.17482119798660278
0.17475128173828125
0.17466102540493011
0.17452700436115265
0.17438118159770966
0.17432308197021484
0.17432408034801483
0.17435070872306824
0.1743840128183365
0.1745513379573822
0.1749177873134613
0.175302192568779
0.17524020373821259
0.1746792495250702
0.17440013587474823
0.1745300590991974
0.1746758371591568
0.1746630221605301
0.17447583377361298
0.17429178953170776
0.1741863489151001
0.17419584095478058
0.1742769032716751
0.17433874309062958
0.17433509230613708
0.1742238700389862
0.17410817742347717
0.17396759986877441
0.17388013005256653
0.17380814254283905
0.17381633818149567
0.17390845715999603
0.17399217188358307
0.1741514503955841
0.17437653243541718
0.1743866205215454
0.1740652620792389
0.17370149493217468
0.1737070530653
0.1738852709531784
0.17392659187316895
0.1738792061805725
0.17378437519073486
0.1736573427915573
0.17357991635799408
0.17348156869411469
0.1734752357006073
0.17355652153491974
0.17360819876194
0.1737333983182907
0.1739228516817093
0.17404723167419434
0.1740235537290573
0.17368356883525848
0.1734311878681183
0.17341570556163788
0.1735377311706543
0.1735714226961136
0.17346803843975067
0.17350293695926666
0.17350827157497406
0.17323952913284302
0.1731908917427063
0.1732366383075714
0.1731460690498352
0.17307254672050476
0.17304787039756775
0.17301838099956512
0.1730363667011261
0.17316743731498718
0.17357610166072845
0.17443133890628815
0.17518247663974762
0.17535719275474548
0.1737883985042572
0.17370441555976868
0.17449846863746643
0.17401760816574097
0.17357231676578522
0.1736908257007599
0.17373734712600708
0.17359577119350433
0.1734052300453186
0.1733442097902298
0.173346146941185
0.17317044734954834
0.17307744920253754
0.17312446236610413
0.17309895157814026
0.17309768497943878
0.1731681078672409
0.17335915565490723
0.1736675202846527
0.1737264096736908
0.17341415584087372
0.1730348765850067
0.17300327122211456
0.17307274043560028
0.17309635877609253
0.17313311994075775
0.1730315387248993
0.1728399693965912
0.1727408766746521
0.17265570163726807
0.17266856133937836
0.17268136143684387
0.1726588010787964
0.1728171706199646
0.17310428619384766
0.17329633235931396
0.17346680164337158
0.17317160964012146
0.17265678942203522
0.17263846099376678
0.1728585809469223
0.17290791869163513
0.17283618450164795
0.17272374033927917
0.1725669950246811
0.172454372048378
0.17248670756816864
0.17249688506126404
0.17253240942955017
0.17266219854354858
0.17269207537174225
0.17272108793258667
0.17269881069660187
0.17245639860630035
0.17226329445838928
0.1722671240568161
0.17226776480674744
0.1722860038280487
0.17239569127559662
0.17254182696342468
0.1726832389831543
0.17273667454719543
0.17262548208236694
0.17232489585876465
0.17216575145721436
0.17224428057670593
0.17237211763858795
0.17243298888206482
0.17248621582984924
0.17247064411640167
0.17230862379074097
0.17218589782714844
0.1720891147851944
0.17200887203216553
0.17207536101341248
0.17220494151115417
0.17232738435268402
0.17257599532604218
0.17282915115356445
0.17274287343025208
0.17235593497753143
0.17209362983703613
0.1721857637166977
0.17235401272773743
0.17245341837406158
0.1724008172750473
0.17225463688373566
0.1721121072769165
0.1719980686903
0.17195791006088257
0.17200715839862823
0.17208267748355865
0.17222990095615387
0.1724884808063507
0.17269094288349152
0.17268909513950348
0.17225049436092377
0.17197667062282562
0.1721137911081314
0.1721794754266739
0.17222002148628235
0.172279953956604
0.17212849855422974
0.17190635204315186
0.1718408316373825
0.17187997698783875
0.1718468815088272
0.17186059057712555
0.17198562622070312
0.17223887145519257
0.17254392802715302
0.17283254861831665
0.17269767820835114
0.17218831181526184
0.17197389900684357
0.1721201390028
0.17235253751277924
0.17242470383644104
0.17221197485923767
0.17198298871517181
0.17190417647361755
0.17186930775642395
0.17188070714473724
0.1719948798418045
0.17214380204677582
0.17221108078956604
0.17223624885082245
0.1721588522195816
0.1719096451997757
0.1716814637184143
0.171708881855011
0.1717883199453354
0.17183299362659454
0.17192795872688293
0.17205700278282166
0.17206384241580963
0.17191526293754578
0.1717524379491806
0.17162172496318817
0.1715777963399887
0.17158909142017365
0.171657994389534
0.1717688888311386
0.17199495434761047
0.17224900424480438
0.1723010540008545
0.17210181057453156
0.1718081682920456
0.17162984609603882
0.1716957837343216
0.1719377487897873
0.17201000452041626
0.1719047576189041
0.17178228497505188
0.1716386079788208
0.17151392996311188
0.1714712530374527
0.17156898975372314
0.1716768592596054
0.17179660499095917
0.17198221385478973
0.17218159139156342
0.1720225065946579
0.17169766128063202
0.1715354472398758
0.17153671383857727
0.17168432474136353
0.17180654406547546
0.171820729970932
0.17181184887886047
0.17165854573249817
0.17143861949443817
0.1713678538799286
0.17141306400299072
0.17141041159629822
0.1713966727256775
0.17157870531082153
0.17198967933654785
0.17240402102470398
0.17275330424308777
0.17253223061561584
0.1719113290309906
0.17163217067718506
0.17200714349746704
0.17236262559890747
0.1721925139427185
0.17178383469581604
0.17172858119010925
0.1716959923505783
0.1716775745153427
0.17187875509262085
0.17201949656009674
0.1720014065504074
0.17190062999725342
0.17173603177070618
0.17152464389801025
0.17142872512340546
0.17139095067977905
0.17141962051391602
0.17151549458503723
0.1716747134923935
0.17195166647434235
0.1722668707370758
0.17222948372364044
0.17179140448570251
0.17140838503837585
0.17154766619205475
0.17178010940551758
0.17171134054660797
0.17173393070697784
0.1717115342617035
0.17136798799037933
0.17125433683395386
0.17134569585323334
0.171286940574646
0.1712237000465393
0.1713392436504364
0.17147047817707062
0.171796053647995
0.17235124111175537
0.17279231548309326
0.1725306510925293
0.17178818583488464
0.1715434491634369
0.17181627452373505
0.17218245565891266
0.1721784770488739
0.17184989154338837
0.17163947224617004
0.17149879038333893
0.17145653069019318
0.17159156501293182
0.17178985476493835
0.17188280820846558
0.17190413177013397
0.17192065715789795
0.17160797119140625
0.17133742570877075
0.1713036149740219
0.17143180966377258
0.1714770495891571
0.17163792252540588
0.1718510389328003
0.17185814678668976
0.17166641354560852
0.171441912651062
0.17132815718650818
0.17125044763088226
0.1713678538799286
0.17144237458705902
0.17152069509029388
0.1716763973236084
0.17160552740097046
0.17143216729164124
0.17126613855361938
0.1711999475955963
0.17104388773441315
0.17107518017292023
0.17121563851833344
0.17135295271873474
0.17162328958511353
0.1720779687166214
0.1722286492586136
0.17182035744190216
0.17131838202476501
0.17125371098518372
0.17142623662948608
0.1716422736644745
0.17171455919742584
0.17158982157707214
0.17133337259292603
0.17114554345607758
0.17108413577079773
0.1711679846048355
0.17125427722930908
0.17133371531963348
0.1715729683637619
0.17187020182609558
0.17183169722557068
0.17148561775684357
0.17132233083248138
0.17124012112617493
0.171160027384758
0.17126257717609406
0.17153102159500122
0.17159885168075562
0.17157621681690216
0.17160047590732574
0.1713869571685791
0.1710864156484604
0.17099884152412415
0.1711542010307312
0.1711798757314682
0.1712677925825119
0.17144775390625
0.17168588936328888
0.1717487871646881
0.17176328599452972
0.17170022428035736
0.17117376625537872
0.17119845747947693
0.17137667536735535
0.17148780822753906
0.17176206409931183
0.17193692922592163
0.17172479629516602
0.17147041857242584
0.17126667499542236
0.17101939022541046
0.17108216881752014
0.17125003039836884
0.1713259369134903
0.17150060832500458
0.1717412918806076
0.17174170911312103
0.1713402420282364
0.1713017225265503
0.17115122079849243
0.17109361290931702
0.17119401693344116
0.1714043915271759
0.17160776257514954
0.17192965745925903
0.1718847006559372
0.17142508924007416
0.1712811291217804
0.17112162709236145
0.17112600803375244
0.1713348627090454
0.17153483629226685
0.1715257465839386
0.17152178287506104
0.17156168818473816
0.1712443232536316
0.17112724483013153
0.17105330526828766
0.17109254002571106
0.17116114497184753
0.17135196924209595
0.17161670327186584
0.17199182510375977
0.17222535610198975
0.1716856062412262
0.17132532596588135
0.17117038369178772
0.1711772382259369
0.17130424082279205
0.17154943943023682
0.17183274030685425
0.17190895974636078
0.17169730365276337
0.17133451998233795
0.17122524976730347
0.17101304233074188
0.1711345613002777
0.17139796912670135
0.17158588767051697
0.17176388204097748
0.17180262506008148
0.17153716087341309
0.17119504511356354
0.17116878926753998
0.1711420863866806
0.17135973274707794
0.17140750586986542
0.1714114397764206
0.17154204845428467
0.17156392335891724
0.1716407686471939
0.1711115688085556
0.17106112837791443
0.17106595635414124
0.17095157504081726
0.17093463242053986
0.17106585204601288
0.17133696377277374
0.17195983231067657
0.17328602075576782
0.17485803365707397
0.17350974678993225
0.17199601233005524
0.172014981508255
0.17269310355186462
0.1730378121137619
0.17240940034389496
0.1717674434185028
0.17227627336978912
0.17233256995677948
0.1720408797264099
0.17161200940608978
0.17168445885181427
0.1717071235179901
0.17201003432273865
0.17301158607006073
0.1743389070034027
0.17489567399024963
0.17529848217964172
0.1727571338415146
0.17409169673919678
0.17369183897972107
0.17462240159511566
0.17420659959316254
0.1743995100259781
0.17344944179058075
0.17324045300483704
0.17320679128170013
0.1729992926120758
0.17392301559448242
0.17525453865528107
0.18241718411445618
0.1865614950656891
0.19479654729366302
0.19080142676830292
0.19966435432434082
0.20009247958660126
0.21330831944942474
0.22713544964790344
0.2415485680103302
0.24076560139656067
0.25315356254577637
0.25400689244270325
0.25878453254699707
0.2568535804748535
0.25593122839927673
0.24855917692184448
0.24376511573791504
0.2388763129711151
0.23419399559497833
0.23050467669963837
0.23070649802684784
0.23389673233032227
0.2318071573972702
0.22538495063781738
0.21957072615623474
0.21582631766796112
0.21562346816062927
0.21425174176692963
0.21399526298046112
0.21385745704174042
0.2091342657804489
0.20718221366405487
0.20294858515262604
0.20167478919029236
0.200557142496109
0.19981876015663147
0.2024773508310318
0.20750106871128082
0.20615997910499573
0.19966137409210205
0.19787932932376862
0.19798707962036133
0.1990789771080017
0.19630931317806244
0.19390210509300232
0.19392314553260803
0.19166584312915802
0.1907576024532318
0.18952901661396027
0.18852382898330688
0.1878238171339035
0.18673934042453766
0.18591375648975372
0.18556798994541168
0.18567010760307312
0.18908695876598358
0.1967887133359909
0.19648049771785736
0.1884506791830063
0.1877763271331787
0.18972483277320862
0.18959683179855347
0.18764078617095947
0.1866852045059204
0.18675976991653442
0.18541689217090607
0.18459726870059967
0.18437354266643524
0.183417409658432
0.18314455449581146
0.182794988155365
0.18314525485038757
