# best_iter: 99, best_loss = 0.9469855427742004, imsave period = 10
699.7217407226562
76.7398681640625
31.259443283081055
15.467535972595215
9.5209379196167
5.956944942474365
4.369726181030273
3.431722640991211
2.8607640266418457
2.4537148475646973
2.1658897399902344
1.9418187141418457
1.7925270795822144
1.6806763410568237
1.6002215147018433
1.5259425640106201
1.4725425243377686
1.4228726625442505
1.3833101987838745
1.3423110246658325
1.3114622831344604
1.2836992740631104
1.2608234882354736
1.2349573373794556
1.2192811965942383
1.203174352645874
1.1870951652526855
1.1738401651382446
1.1588820219039917
1.14786958694458
1.1383758783340454
1.129465103149414
1.1216198205947876
1.1135585308074951
1.1055117845535278
1.098541259765625
1.0926247835159302
1.0858514308929443
1.0797932147979736
1.0737370252609253
1.0687224864959717
1.0655626058578491
1.0593467950820923
1.0544764995574951
1.0509098768234253
1.0465736389160156
1.0425411462783813
1.0403555631637573
1.0359095335006714
1.032724380493164
1.0298340320587158
1.0266460180282593
1.0230532884597778
1.0198841094970703
1.0166957378387451
1.014439344406128
1.0112348794937134
1.0092461109161377
1.00697660446167
1.0042551755905151
1.0015833377838135
0.9989061951637268
0.996229350566864
0.995124101638794
0.9922808408737183
0.9904524087905884
0.9888367056846619
0.9863293766975403
0.9842051267623901
0.9960250854492188
0.9824894666671753
0.9796873331069946
0.9776865839958191
0.9760748147964478
0.9748326539993286
0.9857733249664307
0.9744002819061279
0.971346378326416
0.9689692258834839
0.9678095579147339
0.9695814847946167
0.9662769436836243
0.9644558429718018
1.0006636381149292
0.9645076394081116
0.9614438414573669
0.9598956108093262
0.9597600698471069
0.9579077363014221
0.9596458673477173
0.9564957022666931
0.95630943775177
0.9961687922477722
0.9653496146202087
0.9580044746398926
0.9541414380073547
0.9513211846351624
0.949431300163269
0.9480651021003723
0.9469855427742004
