# adam, lr=0.01, alpha = 1000000, beta = 0.1
# best_iter: 2997, best_loss = 0.3449682891368866, imsave period = 300
27.180564880371094
18.412019729614258
13.911888122558594
10.457962036132812
8.421087265014648
7.270193099975586
6.552725791931152
6.055168628692627
5.626786708831787
5.269137859344482
4.942819118499756
4.651374340057373
4.398674964904785
4.160802841186523
3.9432458877563477
3.7397372722625732
3.550520420074463
3.3812332153320312
3.225654125213623
3.083495855331421
2.9531424045562744
2.8310155868530273
2.7196624279022217
2.6173129081726074
2.5227198600769043
2.4349772930145264
2.351789951324463
2.2744197845458984
2.202256679534912
2.13501238822937
2.072152614593506
2.0130014419555664
1.9577147960662842
1.9056425094604492
1.8569746017456055
1.8110673427581787
1.7679370641708374
1.7274906635284424
1.689468502998352
1.6537156105041504
1.6199110746383667
1.5880227088928223
1.5578263998031616
1.5293445587158203
1.502385139465332
1.476912498474121
1.4527573585510254
1.4298744201660156
1.4081448316574097
1.3874682188034058
1.367776870727539
1.3490021228790283
1.3310718536376953
1.3139700889587402
1.297680139541626
1.2821112871170044
1.2672321796417236
1.2529819011688232
1.2393088340759277
1.2261933088302612
1.2135848999023438
1.2015200853347778
1.189951777458191
1.1788363456726074
1.168114423751831
1.1577775478363037
1.1478294134140015
1.1382191181182861
1.1289196014404297
1.1199417114257812
1.1112561225891113
1.1028486490249634
1.0947151184082031
1.0868313312530518
1.079188585281372
1.0717589855194092
1.064547061920166
1.0575274229049683
1.0506975650787354
1.04405677318573
1.037589430809021
1.0312844514846802
1.0251413583755493
1.0191469192504883
1.0132949352264404
1.0075836181640625
1.0020197629928589
0.9966034889221191
0.9913005828857422
0.9861096739768982
0.9810434579849243
0.9760838150978088
0.9712235927581787
0.966458797454834
0.9618024826049805
0.9572302103042603
0.9527531862258911
0.9483592510223389
0.9440386295318604
0.9397979974746704
0.9356450438499451
0.9315716028213501
0.9275673031806946
0.9236319065093994
0.9197659492492676
0.9159590005874634
0.9122105836868286
0.908521294593811
0.9048874378204346
0.9013177156448364
0.8978034257888794
0.8943348526954651
0.8909186124801636
0.8875499963760376
0.8842259645462036
0.8809453248977661
0.8777248859405518
0.8745439052581787
0.87140291929245
0.868310809135437
0.8652571439743042
0.8622385263442993
0.8592602014541626
0.8563156127929688
0.8534097671508789
0.850540280342102
0.8477071523666382
0.8449018001556396
0.8421282768249512
0.8393863439559937
0.8366794586181641
0.8340003490447998
0.8313482999801636
0.8287230730056763
0.826133131980896
0.823569655418396
0.8210306167602539
0.81852126121521
0.8160374760627747
0.8135813474655151
0.811147928237915
0.8087367415428162
0.8063496351242065
0.8039831519126892
0.801641047000885
0.7993215918540955
0.7970260381698608
0.7947492599487305
0.792497992515564
0.790269136428833
0.7880627512931824
0.7858725786209106
0.7837011218070984
0.7815468311309814
0.7794155478477478
0.7773079872131348
0.7752209901809692
0.7731468677520752
0.7710869312286377
0.7690515518188477
0.7670336961746216
0.7650339007377625
0.763049304485321
0.7610804438591003
0.759132981300354
0.7571958303451538
0.7552776336669922
0.7533783912658691
0.7514883875846863
0.7496086359024048
0.7477514743804932
0.7459067106246948
0.7440785765647888
0.742264449596405
0.740466833114624
0.7386784553527832
0.7369041442871094
0.7351458668708801
0.7334016561508179
0.7316752672195435
0.7299559116363525
0.7282514572143555
0.726565957069397
0.7248826026916504
0.7232116460800171
0.7215515375137329
0.7199034094810486
0.7182696461677551
0.7166446447372437
0.715031623840332
0.7134334444999695
0.7118430137634277
0.7102636694908142
0.7086983919143677
0.7071447372436523
0.7056018114089966
0.7040722370147705
0.7025577425956726
0.7010705471038818
0.6996127367019653
0.6982241272926331
0.6969162225723267
0.6957699656486511
0.6947872638702393
0.6940193176269531
0.6931228637695312
0.6919751167297363
0.6900004744529724
0.6876641511917114
0.6854548454284668
0.683967113494873
0.6830440759658813
0.6821962594985962
0.6811658143997192
0.679635763168335
0.67784583568573
0.6759253740310669
0.6742686033248901
0.6729327440261841
0.6718166470527649
0.6708328723907471
0.6698434352874756
0.6689030528068542
0.6677703857421875
0.666502833366394
0.6648412942886353
0.6630670428276062
0.661318302154541
0.6598571538925171
0.6586665511131287
0.6576460599899292
0.6567692756652832
0.6559567451477051
0.6552903652191162
0.6544688940048218
0.653518795967102
0.6519122123718262
0.6499990224838257
0.647991955280304
0.6464639902114868
0.6454349756240845
0.6446876525878906
0.6440682411193848
0.6433438062667847
0.642553448677063
0.6412754654884338
0.6397180557250977
0.6378428936004639
0.6361760497093201
0.634895920753479
0.6339715719223022
0.6332701444625854
0.6326514482498169
0.6321830749511719
0.6315909624099731
0.6309294700622559
0.629568338394165
0.6278098821640015
0.6257343292236328
0.6241347789764404
0.6231731176376343
0.6226119995117188
0.6222134232521057
0.6216849088668823
0.6210588216781616
0.6198832988739014
0.6183881759643555
0.6165348291397095
0.6149383783340454
0.613804042339325
0.6130698919296265
0.6125811338424683
0.6121975779533386
0.612005352973938
0.6116436719894409
0.6110792756080627
0.6095226407051086
0.6075143814086914
0.6054431200027466
0.6041847467422485
0.6036964654922485
0.6034787893295288
0.6032438278198242
0.6025841236114502
0.6015886664390564
0.5999415516853333
0.598224401473999
0.5967443585395813
0.5957876443862915
0.5952270030975342
0.5948752164840698
0.5947942137718201
0.5948042869567871
0.5950212478637695
0.5944724082946777
0.5932110548019409
0.5906194448471069
0.5883141756057739
0.5872242450714111
0.5871978998184204
0.5873732566833496
0.5868849158287048
0.585756778717041
0.5838907957077026
0.5821983814239502
0.5811041593551636
0.5805992484092712
0.5804164409637451
0.5802855491638184
0.5802667737007141
0.5798515677452087
0.5791478157043457
0.5774480104446411
0.5755150318145752
0.5738679766654968
0.5730665922164917
0.5728707313537598
0.5728287696838379
0.5728349685668945
0.5724397897720337
0.5717629194259644
0.5702420473098755
0.56849205493927
0.5668982267379761
0.5659792423248291
0.5656062364578247
0.5655022859573364
0.5656437873840332
0.5657973289489746
0.5660690069198608
0.5654539465904236
0.5641524791717529
0.5617160201072693
0.5596832036972046
0.5588316917419434
0.5589219331741333
0.5592477321624756
0.5591173768043518
0.5585097670555115
0.5569857358932495
0.555229902267456
0.5537410974502563
0.5529912710189819
0.5527934432029724
0.5528198480606079
0.5530994534492493
0.5533567070960999
0.55369633436203
0.5529724359512329
0.5514206886291504
0.5488569140434265
0.5470166206359863
0.5465551614761353
0.5468989610671997
0.5473034381866455
0.5470229387283325
0.5461404919624329
0.5443845987319946
0.5426926612854004
0.5415705442428589
0.5411739945411682
0.5412245392799377
0.5414525270462036
0.5420441627502441
0.5425886511802673
0.543178141117096
0.542107105255127
0.5399608612060547
0.536986231803894
0.5355398654937744
0.5358514785766602
0.5365958213806152
0.5368354320526123
0.5357295274734497
0.5339599251747131
0.532102108001709
0.5311726927757263
0.5310949087142944
0.5313553810119629
0.5318131446838379
0.532024621963501
0.5321240425109863
0.5310275554656982
0.5292701721191406
0.5270758867263794
0.525826096534729
0.5257080793380737
0.526063859462738
0.5264474749565125
0.5263016223907471
0.5257476568222046
0.524267852306366
0.5226167440414429
0.5212442278862
0.5206273794174194
0.5205672383308411
0.5207757353782654
0.5213174819946289
0.5219290256500244
0.5228083729743958
0.5224893093109131
0.5211803317070007
0.5182305574417114
0.5160364508628845
0.5156874656677246
0.516473650932312
0.5171934366226196
0.516772985458374
0.5155135989189148
0.5135337114334106
0.5121256709098816
0.5117059350013733
0.5119043588638306
0.5123777389526367
0.5127474069595337
0.5131335258483887
0.5126574635505676
0.5115152597427368
0.5093622207641602
0.5076267719268799
0.5069871544837952
0.5072214603424072
0.5077757835388184
0.5080856084823608
0.508195161819458
0.507351815700531
0.5060040354728699
0.5041845440864563
0.502923309803009
0.5024816393852234
0.5026043653488159
0.5030975937843323
0.5037946105003357
0.5050151944160461
0.5057534575462341
0.5059661865234375
0.5035967826843262
0.5005007982254028
0.4984470307826996
0.4987422227859497
0.5000746250152588
0.5006427764892578
0.5001869201660156
0.4981549382209778
0.49614089727401733
0.4951535165309906
0.49532973766326904
0.4960029125213623
0.4964858293533325
0.4968002438545227
0.49611467123031616
0.49485355615615845
0.49292445182800293
0.49154603481292725
0.4911079406738281
0.4913385808467865
0.4919052720069885
0.4924581050872803
0.4931700527667999
0.49311575293540955
0.4924381971359253
0.4903120696544647
0.4882424771785736
0.4871911406517029
0.48737621307373047
0.4881398677825928
0.48875725269317627
0.4892401099205017
0.4886559247970581
0.487377792596817
0.48533594608306885
0.48392927646636963
0.4836050868034363
0.48399561643600464
0.4846854507923126
0.48522475361824036
0.4857524633407593
0.4852811098098755
0.48413020372390747
0.48201289772987366
0.4804205894470215
0.47997012734413147
0.4803788661956787
0.48114705085754395
0.4817841351032257
0.48241177201271057
0.4820578098297119
0.4809439182281494
0.4787042737007141
0.47701698541641235
0.4765796661376953
0.4770837724208832
0.47794103622436523
0.4785270690917969
0.4789353311061859
0.4782181978225708
0.47683432698249817
0.4747929573059082
0.4735051393508911
0.47332629561424255
0.4738234281539917
0.4746527671813965
0.4754062294960022
0.4762529730796814
0.4760451316833496
0.4750300645828247
0.47256654500961304
0.47060519456863403
0.4701038599014282
0.47075313329696655
0.47179096937179565
0.47244322299957275
0.4727247357368469
0.47162267565727234
0.4698464870452881
0.4679464101791382
0.4671742618083954
0.46747809648513794
0.4682254195213318
0.4692535996437073
0.47000235319137573
0.4706329107284546
0.4697030782699585
0.4678304195404053
0.46534663438796997
0.46424201130867004
0.46468585729599
0.4656892418861389
0.4666616916656494
0.46679455041885376
0.46621793508529663
0.46436598896980286
0.46253323554992676
0.4615674316883087
0.4617047905921936
0.4624437093734741
0.4632621705532074
0.46432769298553467
0.4647608995437622
0.4647173583507538
0.4628526568412781
0.4605400562286377
0.45888566970825195
0.4588712453842163
0.4598480463027954
0.4608224332332611
0.4616193175315857
0.46131786704063416
0.4602430462837219
0.4581161141395569
0.45652613043785095
0.45614296197891235
0.4566763639450073
0.4576190710067749
0.45847684144973755
0.459464430809021
0.45944851636886597
0.45867663621902466
0.45633065700531006
0.4542456269264221
0.45349568128585815
0.4540562033653259
0.4551681876182556
0.4561026692390442
0.45688730478286743
0.4563646614551544
0.45497605204582214
0.4526599049568176
0.4512197971343994
0.4512068033218384
0.4520126283168793
0.4530802369117737
0.45381778478622437
0.4543159604072571
0.4534463882446289
0.45183074474334717
0.44970571994781494
0.4486458897590637
0.44885897636413574
0.44970542192459106
0.45085281133651733
0.4517776370048523
0.4526023864746094
0.4518566429615021
0.4501296281814575
0.4475868344306946
0.44632822275161743
0.44670039415359497
0.44779813289642334
0.4490446448326111
0.44966191053390503
0.4497542977333069
0.4481528103351593
0.44605615735054016
0.44439178705215454
0.44418710470199585
0.4450004994869232
0.4460599422454834
0.44731366634368896
0.44796422123908997
0.4481690526008606
0.4464360475540161
0.4440804123878479
0.4421935975551605
0.44207775592803955
0.4431290626525879
0.4442407190799713
0.4452003538608551
0.44504719972610474
0.44410425424575806
0.4419565200805664
0.4402845501899719
0.43984609842300415
0.4404180943965912
0.44150295853614807
0.4426366686820984
0.44407761096954346
0.4445457458496094
0.44418179988861084
0.4415072202682495
0.4388476610183716
0.4378325343132019
0.43870043754577637
0.44027382135391235
0.44132718443870544
0.4417960047721863
0.4405059516429901
0.4384607672691345
0.436469167470932
0.4359804391860962
0.4367314577102661
0.43785399198532104
0.4391607642173767
0.43986451625823975
0.4400675594806671
0.43834564089775085
0.4360285997390747
0.434224009513855
0.43415355682373047
0.43522173166275024
0.4363862872123718
0.43746793270111084
0.43745166063308716
0.43664899468421936
0.4344925880432129
0.4326822757720947
0.4321064054965973
0.4326777458190918
0.4337707757949829
0.4348354935646057
0.4360976815223694
0.4363372027873993
0.43578070402145386
0.43335264921188354
0.4310845732688904
0.4302751123905182
0.4310283958911896
0.43240827322006226
0.4334688186645508
0.43427902460098267
0.43352818489074707
0.4319228529930115
0.4296741485595703
0.4285832643508911
0.4289115369319916
0.42992347478866577
0.43124300241470337
0.43229496479034424
0.4332146644592285
0.4323570132255554
0.43047216534614563
0.4278871417045593
0.42685335874557495
0.4275438189506531
0.428852915763855
0.4302229881286621
0.4307725429534912
0.4306614398956299
0.428805947303772
0.42666366696357727
0.42531144618988037
0.42549026012420654
0.42655450105667114
0.42776980996131897
0.42932331562042236
0.43014198541641235
0.4304066300392151
0.42827844619750977
0.42562735080718994
0.4238314628601074
0.4241059422492981
0.42560774087905884
0.42699480056762695
0.4281556010246277
0.4277721643447876
0.42639827728271484
0.4238511621952057
0.42233800888061523
0.42251259088516235
0.4236287474632263
0.42511218786239624
0.4263116121292114
0.42746853828430176
0.426752507686615
0.42485666275024414
0.4220173954963684
0.42080774903297424
0.42143577337265015
0.4227806329727173
0.4242861866950989
0.4249096214771271
0.42471134662628174
0.4226859211921692
0.42061305046081543
0.4194309115409851
0.4196106195449829
0.4207175374031067
0.422019362449646
0.42355474829673767
0.4242633581161499
0.42446452379226685
0.4223354458808899
0.4196377992630005
0.41791045665740967
0.4183826446533203
0.4198892116546631
0.4211452603340149
0.42240625619888306
0.42232924699783325
0.42113691568374634
0.41844069957733154
0.4168306589126587
0.41679608821868896
0.41747426986694336
0.4186674952507019
0.4201039671897888
0.4216981530189514
0.42163097858428955
0.4209112524986267
0.41860729455947876
0.41629794239997864
0.4151698350906372
0.41610801219940186
0.4178047776222229
0.4187506437301636
0.4198305606842041
0.4198680520057678
0.41882824897766113
0.41582295298576355
0.41424596309661865
0.4143999218940735
0.41480332612991333
0.41582074761390686
0.41772356629371643
0.4203733205795288
0.4216008186340332
0.4229922890663147
0.42122578620910645
0.4178542196750641
0.41340121626853943
0.4136224389076233
0.41646045446395874
0.41782158613204956
0.41937246918678284
0.4197612404823303
0.4180999994277954
0.4138461649417877
0.41266781091690063
0.4132940173149109
0.4130955636501312
0.4142332971096039
0.41689854860305786
0.41997766494750977
0.42197081446647644
0.42591971158981323
0.4235319495201111
0.4172375798225403
0.4118691682815552
0.4134715795516968
0.4162105917930603
0.41800832748413086
0.42120587825775146
0.419197678565979
0.4148118495941162
0.4118678569793701
0.41226714849472046
0.41218775510787964
0.4130679965019226
0.4162576198577881
0.41751813888549805
0.41853514313697815
0.41860026121139526
0.4176725149154663
0.41181039810180664
0.4094275236129761
0.41112279891967773
0.4118366837501526
0.41318443417549133
0.41508758068084717
0.4154980778694153
0.41261014342308044
0.4110851287841797
0.4095029830932617
0.4077582061290741
0.40795403718948364
0.40930837392807007
0.4100777208805084
0.4113166332244873
0.41459667682647705
0.4159861207008362
0.4162589907646179
0.4132707715034485
0.4098392128944397
0.4063348174095154
0.40735119581222534
0.4105800986289978
0.41134119033813477
0.41149628162384033
0.410267174243927
0.40769699215888977
0.4051157832145691
0.4056171476840973
0.4068605899810791
0.40720266103744507
0.4086967706680298
0.4099770486354828
0.41012057662010193
0.4082677364349365
0.40708860754966736
0.4048784375190735
0.40336066484451294
0.4042128026485443
0.405376672744751
0.4060448706150055
0.40700072050094604
0.4083676040172577
0.40717583894729614
0.4054318368434906
0.4037982225418091
0.40259259939193726
0.4019833505153656
0.4028177261352539
0.40404829382896423
0.40455618500709534
0.4055618643760681
0.40613019466400146
0.40571901202201843
0.40334704518318176
0.40174296498298645
0.4010041356086731
0.40079590678215027
0.40160873532295227
0.4028622508049011
0.4040141701698303
0.40459954738616943
0.405551552772522
0.4045237600803375
0.4022054672241211
0.39993542432785034
0.3997025489807129
0.4003269672393799
0.4010619521141052
0.4024660885334015
0.4033210277557373
0.40337052941322327
0.4020346701145172
0.40088558197021484
0.39924371242523193
0.3981700539588928
0.3985587954521179
0.3995651304721832
0.40044882893562317
0.40149882435798645
0.40369319915771484
0.4046974182128906
0.4045921564102173
0.4020383656024933
0.3998405337333679
0.39785897731781006
0.3977810740470886
0.39968860149383545
0.40115469694137573
0.40175628662109375
0.401226282119751
0.40053340792655945
0.3983203172683716
0.3965264558792114
0.3966689109802246
0.3974893093109131
0.3980391323566437
0.39916175603866577
0.4016883373260498
0.40335583686828613
0.404976487159729
0.4042619466781616
0.4027042090892792
0.39820533990859985
0.39580097794532776
0.397530734539032
0.39969533681869507
0.4008001983165741
0.40121811628341675
0.401544988155365
0.398398756980896
0.3956906795501709
0.39582183957099915
0.39645111560821533
0.3964737057685852
0.3978118896484375
0.4011669158935547
0.4039757251739502
0.4084304869174957
0.4109172821044922
0.41186395287513733
0.4021734893321991
0.39594799280166626
0.3981717526912689
0.40180134773254395
0.404774010181427
0.4073907136917114
0.40963655710220337
0.4028686285018921
0.3967946767807007
0.39762288331985474
0.39898234605789185
0.39829710125923157
0.40103864669799805
0.40722882747650146
0.40926966071128845
0.41438668966293335
0.41482388973236084
0.41049301624298096
0.39800649881362915
0.39739638566970825
0.40364664793014526
0.4054882526397705
0.409467875957489
0.41094908118247986
0.4084766209125519
0.3983610272407532
0.39810648560523987
0.4002549350261688
0.39852818846702576
0.40121224522590637
0.40766429901123047
0.4150483012199402
0.4179607927799225
0.425128698348999
0.4148499369621277
0.40216875076293945
0.3974555730819702
0.40479570627212524
0.4109569787979126
0.4120507836341858
0.4178806245326996
0.4121364951133728
0.40064311027526855
0.39771729707717896
0.40329405665397644
0.403586745262146
0.40351563692092896
0.41209256649017334
0.4139249324798584
0.4141393005847931
0.41063353419303894
0.4088118076324463
0.3987853229045868
0.3975696861743927
0.4044657051563263
0.40407806634902954
0.40415942668914795
0.40529245138168335
0.4027414619922638
0.3958515226840973
0.3964266777038574
0.39674112200737
0.3947741687297821
0.3968687653541565
0.3988732695579529
0.39981207251548767
0.40195250511169434
0.4050312638282776
0.4001677930355072
0.3952597379684448
0.39340558648109436
0.3929576873779297
0.39448654651641846
0.39649420976638794
0.3957985043525696
0.39251574873924255
0.3915124535560608
0.39089736342430115
0.3902696669101715
0.39137136936187744
0.3919774889945984
0.3915354609489441
0.3913510739803314
0.3913406729698181
0.3896943926811218
0.3885541558265686
0.38826116919517517
0.38768985867500305
0.3874005079269409
0.3878326416015625
0.3881998658180237
0.38869568705558777
0.39057305455207825
0.39288100600242615
0.3956145942211151
0.3957637846469879
0.39385896921157837
0.3884124457836151
0.3862784504890442
0.3888241946697235
0.3907679319381714
0.39023205637931824
0.3878515064716339
0.38627761602401733
0.38637346029281616
0.3876640796661377
0.38838621973991394
0.38713955879211426
0.3856894373893738
0.3851417303085327
0.38509705662727356
0.3853224217891693
0.3858867287635803
0.38631153106689453
0.38597798347473145
0.3856884241104126
0.38523444533348083
0.38445815443992615
0.3836558759212494
0.38346025347709656
0.3834676444530487
0.38340669870376587
0.38368454575538635
0.3844371438026428
0.3858417272567749
0.38804417848587036
0.39211541414260864
0.39500704407691956
0.3959026336669922
0.38977763056755066
0.3846142888069153
0.38460198044776917
0.3877008557319641
0.39003774523735046
0.38857829570770264
0.3853626847267151
0.38341888785362244
0.38497719168663025
0.38686421513557434
0.38629287481307983
0.38497862219810486
0.38371214270591736
0.38291457295417786
0.38305166363716125
0.3839792013168335
0.3846021294593811
0.3841727375984192
0.3837566673755646
0.3832211196422577
0.38235238194465637
0.3814821243286133
0.3814314007759094
0.3816322982311249
0.38162004947662354
0.3820529878139496
0.38319632411003113
0.38525307178497314
0.38788509368896484
0.3921405076980591
0.39366415143013
0.3921964168548584
0.38496965169906616
0.3817346394062042
0.3842373490333557
0.3870813846588135
0.388359010219574
0.38682812452316284
0.38404491543769836
0.38166698813438416
0.38272249698638916
0.385086327791214
0.38502418994903564
0.384087473154068
0.383238285779953
0.38223302364349365
0.38070952892303467
0.38084182143211365
0.3818937838077545
0.3819540739059448
0.3822363615036011
0.38336730003356934
0.3845751881599426
0.38417384028434753
0.383871853351593
0.38307586312294006
0.3815772831439972
0.3796561360359192
0.3796751797199249
0.3805713355541229
0.38078781962394714
0.3814978301525116
0.3828651010990143
0.38415753841400146
0.38383692502975464
0.3835439085960388
0.38236454129219055
0.38049739599227905
0.37875670194625854
0.37922945618629456
0.38047608733177185
0.38091737031936646
0.3818187117576599
0.38293278217315674
0.3833881914615631
0.3816717267036438
0.3802872598171234
0.3795155882835388
0.37867751717567444
0.3781496286392212
0.3789288401603699
0.3800554871559143
0.3806576132774353
0.38223445415496826
0.38432079553604126
0.38623571395874023
0.3845440745353699
0.38209789991378784
0.3797217607498169
0.3786076307296753
0.3788006901741028
0.3806103467941284
0.38260161876678467
0.38240060210227966
0.3814999759197235
0.38017046451568604
0.3789329528808594
0.37762153148651123
0.3777872622013092
0.37920045852661133
0.38011634349823
0.38099896907806396
0.3821627199649811
0.3835410475730896
0.3817991316318512
0.37924468517303467
0.37781113386154175
0.37776386737823486
0.37776651978492737
0.3783726692199707
0.3800719380378723
0.38107243180274963
0.3814762830734253
0.38113129138946533
0.3811306953430176
0.3791181743144989
0.3768792748451233
0.3764830231666565
0.3773847818374634
0.37788984179496765
0.37844425439834595
0.38057973980903625
0.38283905386924744
0.3849727213382721
0.38490474224090576
0.38507866859436035
0.38169947266578674
0.37771037220954895
0.37668344378471375
0.37927699089050293
0.3814454674720764
0.38183626532554626
0.3834664225578308
0.38368210196495056
0.3812825381755829
0.37733393907546997
0.37729814648628235
0.3782123029232025
0.3772641718387604
0.3776598274707794
0.3801533579826355
0.38321083784103394
0.38637858629226685
0.3945562243461609
0.3988651633262634
0.3981083929538727
0.38469311594963074
0.37976181507110596
0.38284265995025635
0.3858430087566376
0.3912712335586548
0.39652565121650696
0.39996784925460815
0.3876550793647766
0.38163912296295166
0.38422757387161255
0.3844553530216217
0.38372257351875305
0.3884609341621399
0.40102070569992065
0.4091762900352478
0.4211663007736206
0.41973623633384705
0.4204884469509125
0.3898969888687134
0.3856062889099121
0.40253615379333496
0.4205580949783325
0.4587312340736389
0.4816410541534424
0.5276705026626587
0.44833236932754517
0.40542072057724
0.4137009084224701
0.4454963207244873
0.5240800380706787
0.6903320550918579
1.2017582654953003
0.585828423500061
0.6769493818283081
0.6435122489929199
0.7853500843048096
1.004833459854126
1.6187361478805542
0.7673290967941284
0.78315669298172
0.9962797164916992
0.8810650110244751
0.9211242198944092
0.7448393106460571
0.7338092923164368
0.8199460506439209
0.7542648911476135
0.7346793413162231
0.6726665496826172
0.6359022855758667
0.6318198442459106
0.6361515522003174
0.6502171754837036
0.6200660467147827
0.6071755886077881
0.5616523623466492
0.5407707691192627
0.5431602001190186
0.5408029556274414
0.537871241569519
0.5229094624519348
0.5105141401290894
0.49277788400650024
0.4860759973526001
0.4853608012199402
0.4810604751110077
0.4801338315010071
0.4749990999698639
0.46806496381759644
0.45905113220214844
0.453584760427475
0.4475504159927368
0.4446631669998169
0.44440123438835144
0.44242650270462036
0.4416239559650421
0.43961355090141296
0.4363151490688324
0.4312964677810669
0.42736732959747314
0.42337748408317566
0.42157718539237976
0.42124485969543457
0.420293390750885
0.4197343587875366
0.4181901514530182
0.4159148931503296
0.41327419877052307
0.41098693013191223
0.40892913937568665
0.40788984298706055
0.40728217363357544
0.4066501259803772
0.40638142824172974
0.40572792291641235
0.4049132168292999
0.403647243976593
0.4021208882331848
0.40036940574645996
0.3990861475467682
0.3981378376483917
0.3975610136985779
0.39729079604148865
0.3969661593437195
0.39671212434768677
0.396328330039978
0.39581161737442017
0.39495134353637695
0.3940108120441437
0.39287933707237244
0.3919129967689514
0.3911944627761841
0.39069637656211853
0.3903983533382416
0.3902112543582916
0.3901170492172241
0.3900719881057739
0.3901459574699402
0.3900139033794403
0.38976383209228516
0.388966828584671
0.3879198729991913
0.3868139684200287
0.3860989212989807
0.3858359456062317
0.3858599364757538
0.38597702980041504
0.38596177101135254
0.3858172297477722
0.38534069061279297
0.38468626141548157
0.3839067220687866
0.38328129053115845
0.3828960657119751
0.38272953033447266
0.38270607590675354
0.3827534317970276
0.38291454315185547
0.383078396320343
0.38328585028648376
0.3831577003002167
0.38274288177490234
0.3817925453186035
0.38082006573677063
0.380219966173172
0.3801429867744446
0.3803703486919403
0.38058269023895264
0.3806518018245697
0.3803698420524597
0.37986108660697937
0.37917178869247437
0.37861770391464233
0.37832921743392944
0.3782767355442047
0.37836989760398865
0.37852299213409424
0.3787567615509033
0.37891966104507446
0.3790147304534912
0.37869614362716675
0.37808382511138916
0.37724995613098145
0.37665849924087524
0.37649810314178467
0.37664085626602173
0.3768935203552246
0.3770589828491211
0.377121239900589
0.37687671184539795
0.37643688917160034
0.37582311034202576
0.3753207325935364
0.37506914138793945
0.3750465512275696
0.3751698136329651
0.3753783106803894
0.3757096827030182
0.37603381276130676
0.37636056542396545
0.37622982263565063
0.3756921887397766
0.37469321489334106
0.3739245533943176
0.3737680912017822
0.3740658164024353
0.3744565546512604
0.3746137320995331
0.37449637055397034
0.37398093938827515
0.3733677864074707
0.37289878726005554
0.3727491497993469
0.372853547334671
0.3730745315551758
0.3733888268470764
0.37369504570961
0.37400639057159424
0.3739407956600189
0.3735353648662567
0.3726992607116699
0.3719719648361206
0.37172019481658936
0.3719174861907959
0.3722873032093048
0.3725614845752716
0.3726837933063507
0.3724392056465149
0.3719559609889984
0.37133997678756714
0.3709295094013214
0.3708442747592926
0.3709866404533386
0.3712557554244995
0.37157273292541504
0.37198033928871155
0.3722373843193054
0.37231796979904175
0.37180352210998535
0.37098079919815063
0.3702114522457123
0.37000322341918945
0.37028011679649353
0.37067389488220215
0.3709774911403656
0.37096405029296875
0.3706761598587036
0.370092511177063
0.36954814195632935
0.36927318572998047
0.3692999482154846
0.36951369047164917
0.36981773376464844
0.3702515959739685
0.3706922233104706
0.3711281418800354
0.37103337049484253
0.37046581506729126
0.3694024384021759
0.3686657249927521
0.3686622381210327
0.3691301643848419
0.36961495876312256
0.36974236369132996
0.3695182800292969
0.3688868284225464
0.3682713210582733
0.36798325181007385
0.36806848645210266
0.3683558702468872
0.3686917722225189
0.3690793216228485
0.36933571100234985
0.36944204568862915
0.3690266013145447
0.36832064390182495
0.36759713292121887
0.367331862449646
0.3675292432308197
0.3679140508174896
0.36831235885620117
0.36852994561195374
0.3685538172721863
0.36815306544303894
0.36755314469337463
0.3669728934764862
0.3667340874671936
0.36683616042137146
0.3671209216117859
0.367521733045578
0.3679610788822174
0.3684830069541931
0.3687112629413605
0.3686232566833496
0.3678056597709656
0.366820365190506
0.3662477731704712
0.3663864731788635
0.366904616355896
0.36735543608665466
0.3675900399684906
0.3673418164253235
0.3667799234390259
0.36610713601112366
0.3657521903514862
0.3658028244972229
0.3660961091518402
0.3665189743041992
0.3669700026512146
0.3674778938293457
0.3676987290382385
0.36761200428009033
0.36681509017944336
0.3658480644226074
0.36528798937797546
0.36541748046875
0.3659250736236572
0.366399884223938
0.3667019009590149
0.3665350079536438
0.3660557270050049
0.3653426170349121
0.3648625314235687
0.36480945348739624
0.3650636672973633
0.3654819130897522
0.36595314741134644
0.3665241301059723
0.3668704330921173
0.36696934700012207
0.3662872910499573
0.36528337001800537
0.36448991298675537
0.36446675658226013
0.3649710416793823
0.3654918670654297
0.36583924293518066
0.36569803953170776
0.36520907282829285
0.36447882652282715
0.36402150988578796
0.3640061616897583
0.36428412795066833
0.36472442746162415
0.3652166426181793
0.3658466339111328
0.3662460446357727
0.3663744628429413
0.36561527848243713
0.3645118474960327
0.36368921399116516
0.36374402046203613
0.3643594980239868
0.3649389445781708
0.36527371406555176
0.36503130197525024
0.3644047677516937
0.3636209964752197
0.3632369041442871
0.3633502721786499
0.3637235462665558
0.36422863602638245
0.36472171545028687
0.3652365803718567
0.36530405282974243
0.3649885654449463
0.3640711009502411
0.3631896376609802
0.3628702163696289
0.36318203806877136
0.3637617826461792
0.364231675863266
0.3645610213279724
0.36442771553993225
0.3639407753944397
0.3631209135055542
0.36256784200668335
0.36253079771995544
0.36282676458358765
0.3632853925228119
0.3638184070587158
0.3645191788673401
0.3649853765964508
0.3651893138885498
0.36449503898620605
0.36340633034706116
0.36242538690567017
0.36227869987487793
0.3628445267677307
0.36350202560424805
0.3639431595802307
0.3638150990009308
0.36331868171691895
0.36250507831573486
0.36193984746932983
0.3619067370891571
0.3622817397117615
0.362816721200943
0.3633650243282318
0.3640705347061157
0.364482581615448
0.36452606320381165
0.3635806739330292
0.3624389171600342
0.3617428243160248
0.3618047833442688
0.3623521327972412
0.3629693388938904
0.3634486794471741
0.3633313775062561
0.3628465533256531
0.36207470297813416
0.3614945113658905
0.3612784445285797
0.3614693582057953
0.3619641065597534
0.36254382133483887
0.3633139431476593
0.36407655477523804
0.3649158775806427
0.3647000789642334
0.3635772466659546
0.36183881759643555
0.36116674542427063
0.3616484999656677
0.3623921871185303
0.36306363344192505
0.3632166385650635
0.3627769351005554
0.36161109805107117
0.3609165549278259
0.36102262139320374
0.36132657527923584
0.3617026209831238
0.3623336851596832
0.36323559284210205
0.3636566698551178
0.3637945055961609
0.3632620573043823
0.3625032305717468
0.3611977696418762
0.3605358600616455
0.3610292673110962
0.36174604296684265
0.3621610999107361
0.3623794913291931
0.3626672625541687
0.3621610999107361
0.36118289828300476
0.3604896068572998
0.36045998334884644
0.3604390025138855
0.360431045293808
0.36093732714653015
0.36177507042884827
0.36300915479660034
0.36472225189208984
0.3678721487522125
0.3698767125606537
0.3701861500740051
0.3655587434768677
0.36194702982902527
0.36174923181533813
0.36346104741096497
0.36536622047424316
0.3655335009098053
0.3639061748981476
0.361117959022522
0.36112943291664124
0.3628154993057251
0.3630868196487427
0.36278843879699707
0.3624395728111267
0.36159631609916687
0.360360324382782
0.3604440689086914
0.36117422580718994
0.36117085814476013
0.36135047674179077
0.362099289894104
0.36266589164733887
0.36227545142173767
0.3621593713760376
0.36174342036247253
0.36068394780158997
0.35965487360954285
0.3597457706928253
0.36010003089904785
0.36013907194137573
0.36061421036720276
0.3613640367984772
0.3619478940963745
0.36198633909225464
0.3622744083404541
0.3618144094944
0.3605608642101288
0.359322726726532
0.35931482911109924
0.359694242477417
0.3598759174346924
0.36045312881469727
0.3610839247703552
0.3613133430480957
0.3608384132385254
0.36058345437049866
0.36003026366233826
0.35913175344467163
0.3586231768131256
0.35890960693359375
0.35922062397003174
0.3593853712081909
0.3600693941116333
0.361091285943985
0.3622824549674988
0.36289840936660767
0.3637303411960602
0.3630253076553345
0.36105212569236755
0.3588675856590271
0.35900264978408813
0.3601844906806946
0.3606317341327667
0.361118882894516
0.36128899455070496
0.360539972782135
0.35895299911499023
0.3586338758468628
0.3590041399002075
0.3589003384113312
0.35916146636009216
0.3601386845111847
0.3612646758556366
0.36203762888908386
0.3636466860771179
0.36453986167907715
0.36414259672164917
0.3608984649181366
0.35905471444129944
0.35934457182884216
0.35989847779273987
0.36079251766204834
0.3616794943809509
0.3616209328174591
0.3598255515098572
0.3587615489959717
0.35879045724868774
0.358578622341156
0.3585016131401062
0.3592771291732788
0.3602162003517151
0.3606245815753937
0.36181774735450745
0.363022118806839
0.3635592460632324
0.36158010363578796
0.3596271276473999
0.3586276173591614
0.358447402715683
0.3590429723262787
0.360198438167572
0.36093249917030334
0.36007601022720337
0.35912784934043884
0.3585131764411926
0.35796093940734863
0.35762250423431396
0.35810422897338867
0.3589187562465668
0.3593788146972656
0.3601875901222229
0.36123257875442505
0.3622310757637024
0.3612636923789978
0.3597162961959839
0.3583929240703583
0.357832133769989
0.357846736907959
0.35867223143577576
0.3598211407661438
0.3599502146244049
0.3594634234905243
0.35869336128234863
0.3581259846687317
0.3572987914085388
0.3569641709327698
0.35748258233070374
0.3580719828605652
0.35857269167900085
0.3593536913394928
0.3609597980976105
0.362022340297699
0.3624427318572998
0.3609926700592041
0.35954368114471436
0.3579416871070862
0.3572075366973877
0.3580365777015686
0.35943102836608887
0.3600729703903198
0.3593240976333618
0.35860463976860046
0.3578583598136902
0.3570459485054016
0.3567625880241394
0.3574191927909851
0.35825762152671814
0.3586937189102173
0.35960984230041504
0.36071527004241943
0.3615873456001282
0.3602742552757263
0.3586682975292206
0.3576474189758301
0.35720011591911316
0.35705870389938354
0.35779649019241333
0.3590458035469055
0.35937750339508057
0.3592361807823181
0.3588465750217438
0.3585958182811737
0.3573516011238098
0.3562735319137573
0.3563975691795349
0.3569141626358032
0.35709595680236816
0.3575640618801117
0.3591521680355072
0.36105746030807495
0.36356794834136963
0.3651634454727173
0.3671371638774872
0.364364355802536
0.35969993472099304
0.3568405508995056
0.3590365946292877
0.361920565366745
0.362210214138031
0.36263296008110046
0.36211538314819336
0.35984981060028076
0.3570803105831146
0.3579416871070862
0.35982781648635864
0.35941511392593384
0.3598364591598511
0.3617675006389618
0.36298853158950806
0.36111271381378174
0.3605944514274597
0.36011549830436707
0.3580950200557709
0.35657069087028503
0.35765311121940613
0.35839658975601196
0.35807403922080994
0.3592294156551361
0.36071863770484924
0.36145341396331787
0.36100369691848755
0.3615804612636566
0.36024677753448486
0.3575558066368103
0.35631096363067627
0.3572770655155182
0.35771873593330383
0.35782700777053833
0.3592975437641144
0.3601607084274292
0.36002105474472046
0.35910364985466003
0.3589414954185486
0.35754311084747314
0.35589706897735596
0.3560054302215576
0.3569240868091583
0.35714560747146606
0.3574855923652649
0.358930766582489
0.3595988154411316
0.35962969064712524
0.3590305745601654
0.35878777503967285
0.3571142554283142
0.3554760813713074
0.35567593574523926
0.35663166642189026
0.35694003105163574
0.3572957515716553
0.3586173951625824
0.3589959144592285
0.3584724962711334
0.35745367407798767
0.35714542865753174
0.35611024498939514
0.35503196716308594
0.3553085923194885
0.3560992181301117
0.35640689730644226
0.35694214701652527
0.358753502368927
0.36025470495224
0.361420601606369
0.3609299063682556
0.36034125089645386
0.3577921688556671
0.3553791344165802
0.3556141257286072
0.3575703501701355
0.3586854338645935
0.3585546612739563
0.3589329421520233
0.35806673765182495
0.35613977909088135
0.3548946976661682
0.35562074184417725
0.356272429227829
0.3561873435974121
0.357214093208313
0.35913944244384766
0.3612939119338989
0.36209821701049805
0.3637109100818634
0.3630189895629883
0.3602569103240967
0.3557567894458771
0.35601645708084106
0.35869643092155457
0.3591558039188385
0.3597146272659302
0.36074987053871155
0.3605147898197174
0.35709285736083984
0.3556250333786011
0.3566744029521942
0.3564290404319763
0.35560789704322815
0.35675227642059326
0.35868796706199646
0.359752893447876
0.36345094442367554
0.3688529133796692
0.37482887506484985
0.3702179789543152
0.3633856773376465
0.3586970567703247
0.3592761754989624
0.36208367347717285
0.36540940403938293
0.3679407835006714
0.36265406012535095
0.35744333267211914
0.3577927052974701
0.360088586807251
0.36040836572647095
0.3606322407722473
0.36346834897994995
0.3632975220680237
0.36044615507125854
0.3583872318267822
0.35945504903793335
0.3579797148704529
0.35583433508872986
0.356548011302948
0.3572932481765747
0.3564518094062805
0.3569110631942749
0.3597741723060608
0.3631054162979126
0.3705228865146637
0.380051851272583
0.39160966873168945
0.37784451246261597
0.3629456162452698
0.36088743805885315
0.36762896180152893
0.37315934896469116
0.3741382956504822
0.37623950839042664
0.3680229187011719
0.36008721590042114
0.3636678159236908
0.3694976568222046
0.369348406791687
0.3671284317970276
0.37136709690093994
0.3675635755062103
0.3610699474811554
0.3604206442832947
0.3629164397716522
0.3605668544769287
0.3591500222682953
0.36210113763809204
0.36313486099243164
0.3653726875782013
0.3734276592731476
0.3879334628582001
0.38745108246803284
0.38177841901779175
0.36667266488075256
0.3626621663570404
0.36980533599853516
0.3755981922149658
0.3742564916610718
0.36271315813064575
0.3605688214302063
0.36716052889823914
0.3680061101913452
0.3656772971153259
0.364004909992218
0.36328965425491333
0.3598836064338684
0.35972028970718384
0.3626852035522461
0.3616826832294464
0.35959237813949585
0.3598220944404602
0.3605451285839081
0.3585575222969055
0.35732656717300415
0.3579580783843994
0.3577411472797394
0.3563617467880249
0.356515109539032
0.35704952478408813
0.3567795753479004
0.357073575258255
0.359239399433136
0.361490935087204
0.3645264506340027
0.3655754625797272
0.36515331268310547
0.35873013734817505
0.35485610365867615
0.35754019021987915
0.36005163192749023
0.3589416444301605
0.35668742656707764
0.3560912609100342
0.35558366775512695
0.35595178604125977
0.35706695914268494
0.3559860289096832
0.3542705178260803
0.3542473316192627
0.35463714599609375
0.3542381525039673
0.3543621897697449
0.3550288677215576
0.35477012395858765
0.35432979464530945
0.35437479615211487
0.35434895753860474
0.3535240888595581
0.35307174921035767
0.3530779182910919
0.3527892231941223
0.3523828089237213
0.35238736867904663
0.3524772524833679
0.3523298501968384
0.35235485434532166
0.35293588042259216
0.3543941080570221
0.357367604970932
0.3642783463001251
0.37257084250450134
0.3811435103416443
0.37101930379867554
0.35802116990089417
0.35615888237953186
0.3639523983001709
0.3680165708065033
0.36285632848739624
0.3588361442089081
0.3585732877254486
0.3600998520851135
0.3614845871925354
0.3594997525215149
0.3564983606338501
0.35593587160110474
0.3582553267478943
0.35908421874046326
0.3565469980239868
0.35511186718940735
0.355439156293869
0.355182945728302
0.35484224557876587
0.35543859004974365
0.3559747040271759
0.35501524806022644
0.35416746139526367
0.3541657328605652
0.35401833057403564
0.35307586193084717
0.35269033908843994
0.3529067039489746
0.3527059257030487
0.35226601362228394
0.3522794246673584
0.3525850176811218
0.3528274893760681
0.35375022888183594
0.35624897480010986
0.3615608811378479
0.3668316602706909
0.3718709349632263
0.3658357858657837
0.357437402009964
0.3544365465641022
0.3595120906829834
0.3638197183609009
0.35932502150535583
0.35407474637031555
0.3551992177963257
0.35869383811950684
0.3584180176258087
0.35495227575302124
0.3540817201137543
0.3552752435207367
0.3553660213947296
0.354914128780365
0.3544241786003113
0.35372376441955566
0.3528136610984802
0.3530532121658325
0.35394883155822754
0.35367852449417114
0.3528786897659302
0.35261207818984985
0.352774977684021
0.35226044058799744
0.3515670895576477
0.3514995574951172
0.35165494680404663
0.3513663113117218
0.3509989082813263
0.35099709033966064
0.35107672214508057
0.35095924139022827
0.35088902711868286
0.35143402218818665
0.35319283604621887
0.3580615222454071
0.36778944730758667
0.38669657707214355
0.3918055593967438
0.38627293705940247
0.3599635660648346
0.35820215940475464
0.37515854835510254
0.38246941566467285
0.37959834933280945
0.3647676110267639
0.3628174662590027
0.3709254562854767
0.37303364276885986
0.3715732991695404
0.36621010303497314
0.3651103377342224
0.3649951219558716
0.3638983368873596
0.36618608236312866
0.3678267002105713
0.36668211221694946
0.35994529724121094
0.35753312706947327
0.360233336687088
0.3606725335121155
0.35933250188827515
0.36018314957618713
0.36388838291168213
0.3632887601852417
0.361642986536026
0.3608078956604004
0.36186447739601135
0.3584296703338623
0.354920357465744
0.35586464405059814
0.35726580023765564
0.3561968207359314
0.3558835983276367
0.3578011989593506
0.3573753833770752
0.35602983832359314
0.35595905780792236
0.35661864280700684
0.35477450489997864
0.35315150022506714
0.3534027636051178
0.3533796966075897
0.3524036705493927
0.35246074199676514
0.3532126843929291
0.35316935181617737
0.35358133912086487
0.3553255796432495
0.35822227597236633
0.359627366065979
0.36015456914901733
0.3572848439216614
0.3538535535335541
0.35193488001823425
0.35380589962005615
0.3560972511768341
0.35470548272132874
0.3522183299064636
0.35168471932411194
0.3525722026824951
0.35288965702056885
0.3526417911052704
0.3525964617729187
0.3518438935279846
0.35080868005752563
0.35073304176330566
0.35133546590805054
0.3514574468135834
0.35116463899612427
0.3514137864112854
0.3517521917819977
0.3516193628311157
0.3509683609008789
0.35078656673431396
0.35071322321891785
0.3502485752105713
0.34969067573547363
0.34965944290161133
0.34979483485221863
0.3496300280094147
0.3494561016559601
0.3496551513671875
0.3502470850944519
0.3512503206729889
0.3537648916244507
0.35843217372894287
0.3666244149208069
0.36965739727020264
0.36681753396987915
0.35516053438186646
0.3528573513031006
0.35854506492614746
0.3604772984981537
0.35951516032218933
0.35716089606285095
0.3557776212692261
0.35413646697998047
0.355411559343338
0.35799217224121094
0.35574567317962646
0.3524613380432129
0.35254570841789246
0.3537106215953827
0.35299545526504517
0.35259583592414856
0.3540610074996948
0.35429853200912476
0.35347482562065125
0.3533475399017334
0.35425785183906555
0.3531607687473297
0.3515116274356842
0.3511500954627991
0.35129931569099426
0.350574254989624
0.3502027988433838
0.35083046555519104
0.35118094086647034
0.3512919843196869
0.352148175239563
0.3543529510498047
0.35585904121398926
0.3568088114261627
0.35534900426864624
0.35351333022117615
0.3510432839393616
0.35032469034194946
0.3520668148994446
0.3534483313560486
0.3527739346027374
0.35065513849258423
0.3500456213951111
0.35042446851730347
0.3503560423851013
0.3504640758037567
0.3510291278362274
0.3512599766254425
0.3502555787563324
0.34952452778816223
0.3495751619338989
0.3494951128959656
0.34891292452812195
0.34867891669273376
0.34894120693206787
0.34904566407203674
0.34901997447013855
0.3495485782623291
0.3514396846294403
0.3547734022140503
0.3611595332622528
0.3669562041759491
0.37268203496932983
0.3646109104156494
0.3541224002838135
0.3517955243587494
0.35961616039276123
0.3663099408149719
0.3629199266433716
0.35836201906204224
0.35608595609664917
0.35654395818710327
0.3569861650466919
0.35790449380874634
0.35982874035835266
0.3565489947795868
0.3524632453918457
0.3523923456668854
0.3546263873577118
0.3548504710197449
0.3539521098136902
0.35625529289245605
0.3590849041938782
0.36036431789398193
0.3583579361438751
0.35898128151893616
0.3579425811767578
0.3542651832103729
0.3509964644908905
0.35306456685066223
0.3549552261829376
0.3535911440849304
0.3542253375053406
0.35599589347839355
0.3558140993118286
0.35315319895744324
0.35294413566589355
0.353221595287323
0.3516005277633667
0.35002055764198303
0.35074517130851746
0.3509349226951599
0.3499033749103546
0.350032240152359
0.35114699602127075
0.35227054357528687
0.3545880913734436
0.3613532483577728
0.36877477169036865
0.37595903873443604
0.366677463054657
0.3570345938205719
0.3545582890510559
0.35859549045562744
0.36388304829597473
0.3635557293891907
0.3598925471305847
0.3539312481880188
0.35418519377708435
0.3594110310077667
0.36059439182281494
0.35783588886260986
0.3537951111793518
0.35358795523643494
0.35428375005722046
0.35369160771369934
0.3540968596935272
0.35526734590530396
0.3554132878780365
0.35251951217651367
0.3510783314704895
0.35181838274002075
0.35173705220222473
0.35038942098617554
0.3500027060508728
0.3507327735424042
0.35080426931381226
0.3506206274032593
0.3519590198993683
0.3562653362751007
0.3620854616165161
0.3713468611240387
0.3729318380355835
0.3695238530635834
0.35584813356399536
0.35321974754333496
0.3628779649734497
0.3673611879348755
0.3632025122642517
0.3542613685131073
0.3547423183917999
0.3590335249900818
0.3585420250892639
0.3572201132774353
0.356724351644516
0.3561367392539978
0.3529950678348541
0.3525182008743286
0.35542258620262146
0.3556101620197296
0.35423725843429565
0.3541923463344574
0.3563269376754761
0.35561516880989075
0.35328999161720276
0.3524453043937683
0.35343798995018005
0.3518911600112915
0.3500427007675171
0.35030609369277954
0.35078901052474976
0.3498363792896271
0.34922340512275696
0.3498116433620453
0.3500481843948364
0.3501328229904175
0.35200098156929016
0.3577193021774292
0.3659082055091858
0.37907034158706665
0.3786633014678955
0.37081265449523926
0.35465365648269653
0.3561585545539856
0.3698166012763977
0.3721080720424652
0.36472395062446594
0.3543615937232971
0.35701343417167664
0.3635740876197815
0.3627944588661194
0.36026763916015625
0.35872888565063477
0.35885483026504517
0.3561634421348572
0.35492265224456787
0.3581875264644623
0.35962265729904175
0.35809314250946045
0.35468482971191406
0.35578954219818115
0.35639676451683044
0.353685200214386
0.35151731967926025
0.35276657342910767
0.35307350754737854
0.35143664479255676
0.3507508933544159
0.35204017162323
0.35285112261772156
0.35443395376205444
0.3597182333469391
0.37118029594421387
0.375668466091156
0.37487155199050903
0.36035990715026855
0.35583996772766113
0.36038559675216675
0.36344462633132935
0.3652563691139221
0.3603971302509308
0.3555804193019867
0.35517948865890503
0.3592625558376312
0.36254382133483887
0.35825347900390625
0.3534274101257324
0.35324615240097046
0.35476967692375183
0.3541649878025055
0.35350149869918823
0.3550885319709778
0.3549251854419708
0.3529033064842224
0.3509771227836609
0.3516288697719574
0.3518209755420685
0.35030752420425415
0.34950506687164307
0.3500491678714752
0.35001325607299805
0.3491150736808777
0.348718523979187
0.34906184673309326
0.34915584325790405
0.34911680221557617
0.3509339392185211
0.35662034153938293
0.3707461953163147
0.3871019184589386
0.40343624353408813
0.37647709250450134
0.3565772771835327
0.3623621463775635
0.3803694248199463
0.39316877722740173
0.37785983085632324
0.36345675587654114
0.3604543209075928
0.37151995301246643
0.384077787399292
0.38198867440223694
0.37706321477890015
0.3676742911338806
0.3720148503780365
0.3753584623336792
0.37231191992759705
0.37205082178115845
0.37958189845085144
0.3968524634838104
0.38134127855300903
0.37297165393829346
0.3672177195549011
0.37434160709381104
0.37470388412475586
0.3660928010940552
0.36317217350006104
0.36350008845329285
0.3653560280799866
0.3669542372226715
0.3706802725791931
0.4059402346611023
0.49017009139060974
0.6549792289733887
0.5179467797279358
0.50944584608078
0.45911431312561035
0.5444091558456421
0.527519941329956
0.6908036470413208
0.8106463551521301
1.5192712545394897
0.8064390420913696
0.7840473651885986
0.7336868047714233
0.8554151058197021
0.8052229285240173
1.0635714530944824
1.3102614879608154
2.006760597229004
0.8314856290817261
1.3235106468200684
1.503914475440979
1.080286979675293
1.3262856006622314
1.0163099765777588
1.0784460306167603
1.0571871995925903
1.036904215812683
0.9595463871955872
0.8519033193588257
0.8656425476074219
0.7792937755584717
0.7786925435066223
0.7604662179946899
0.7753036022186279
0.8140155076980591
0.7376376390457153
0.7343007326126099
0.617662787437439
0.6440780758857727
0.6522020101547241
0.635817289352417
0.5993718504905701
0.5537098050117493
0.5726324319839478
0.5525767803192139
0.5511776804924011
0.5318022966384888
0.5092658996582031
0.5038034915924072
0.49096882343292236
0.4986755847930908
0.4870774745941162
0.47963327169418335
0.47121959924697876
0.45683735609054565
0.4562219977378845
0.4483690857887268
0.450369656085968
0.4474840760231018
0.4423202872276306
0.44052034616470337
0.429692804813385
0.4272334575653076
0.422053724527359
0.4207126796245575
0.42058759927749634
0.4176046848297119
0.4176008999347687
0.41261085867881775
0.40999507904052734
0.4067164659500122
0.4036799371242523
0.40275704860687256
0.4009310305118561
0.4004856050014496
0.39938661456108093
0.3982294201850891
0.39730721712112427
0.39559850096702576
0.39391613006591797
0.39216089248657227
0.39024367928504944
0.38911008834838867
0.38790732622146606
0.3872169554233551
0.38666775822639465
0.3860522508621216
0.38583818078041077
0.3853645324707031
0.3851628303527832
0.38465365767478943
0.38388532400131226
0.38260382413864136
0.38112515211105347
0.37972867488861084
0.37888872623443604
0.37844008207321167
0.3783280551433563
0.3783051073551178
0.37812644243240356
0.377912312746048
0.3772326111793518
0.3763902187347412
0.375335156917572
0.37439900636672974
0.373783677816391
0.3734385669231415
0.3732805848121643
0.3732324242591858
0.3732665479183197
0.3732661008834839
0.37329787015914917
0.3729611039161682
0.3723994195461273
0.37139251828193665
0.37040600180625916
0.36973488330841064
0.36948761343955994
0.36952561140060425
0.36962297558784485
0.36968836188316345
0.36951547861099243
0.36916467547416687
0.36850064992904663
0.3677942752838135
0.3671955466270447
0.36684688925743103
0.366716206073761
0.3667067289352417
0.3667967617511749
0.36692407727241516
0.36713021993637085
0.367171049118042
0.367067813873291
0.36646270751953125
0.3656325936317444
0.364811509847641
0.36439841985702515
0.3644033968448639
0.36460474133491516
0.36483848094940186
0.3648982048034668
0.3647744953632355
0.364280641078949
0.36364150047302246
0.36302971839904785
0.36269357800483704
0.36263200640678406
0.3627316355705261
0.3629308342933655
0.363133043050766
0.36335885524749756
0.36333853006362915
0.3630869686603546
0.36239609122276306
0.361638605594635
0.36114197969436646
0.36106663942337036
0.3612542152404785
0.3614784777164459
0.361651748418808
0.36157286167144775
0.3612961173057556
0.3607490360736847
0.36020880937576294
0.3598567247390747
0.35975974798202515
0.3598406910896301
0.3600188195705414
0.36030417680740356
0.36060631275177
0.36093902587890625
0.3608803153038025
0.3604598939418793
0.35957345366477966
0.35882997512817383
0.3586065173149109
0.35883575677871704
0.3592091202735901
0.35939469933509827
0.35934388637542725
0.35890433192253113
0.3583238124847412
0.35785722732543945
0.3577038645744324
0.3578034043312073
0.3580178916454315
0.3582945466041565
0.35850751399993896
0.35866105556488037
0.3584582507610321
0.3580135703086853
0.35734447836875916
0.35686126351356506
0.3567545413970947
0.35692298412323
0.357194185256958
0.3573972284793854
0.35751229524612427
0.3573552370071411
0.3569975197315216
0.35646775364875793
0.3560534715652466
0.3558942675590515
0.35595211386680603
0.35614269971847534
0.3563964366912842
0.35674306750297546
0.3570067286491394
0.3571828603744507
0.3568689525127411
0.356241375207901
0.355491578578949
0.35513657331466675
0.35524773597717285
0.35557761788368225
0.35590511560440063
0.3560044765472412
0.3558776080608368
0.3554188311100006
0.354889839887619
0.35453444719314575
0.3544747233390808
0.3546260595321655
0.3548677861690521
0.3551841080188751
0.35546985268592834
0.35572874546051025
0.3556072413921356
0.3551744818687439
0.35443755984306335
0.3539109528064728
0.35383468866348267
0.3540877103805542
0.3544393479824066
0.35468199849128723
0.3547755777835846
0.3545120358467102
0.35404178500175476
0.35352373123168945
0.35324761271476746
0.35326746106147766
0.353466272354126
0.35377341508865356
0.35412484407424927
0.3545337915420532
0.3547021746635437
0.35459375381469727
0.3539164066314697
0.3531331717967987
0.35270825028419495
0.3528286814689636
0.3532351851463318
0.35358113050460815
0.3537563681602478
0.3535415828227997
0.35308313369750977
0.3525351881980896
0.3522300124168396
0.35224661231040955
0.3524654507637024
0.35279300808906555
0.3531501293182373
0.3535684645175934
0.3537467420101166
0.35364243388175964
0.35296303033828735
0.3521738648414612
0.3517504930496216
0.3518857955932617
0.35230526328086853
0.35266435146331787
0.35286304354667664
0.3526684045791626
0.3522195816040039
0.35164836049079895
0.35132431983947754
0.35134583711624146
0.35158422589302063
0.3519344925880432
0.35230162739753723
0.352716326713562
0.35286659002304077
0.3527364432811737
0.35205262899398804
0.35128939151763916
0.35089635848999023
0.35104256868362427
0.35146331787109375
0.3518370985984802
0.35208040475845337
0.35194453597068787
0.35154274106025696
0.3509426414966583
0.350542813539505
0.3505065143108368
0.3507237732410431
0.3510662615299225
0.35142433643341064
0.3518194556236267
0.35198673605918884
0.35193467140197754
0.3513506352901459
0.3506114184856415
0.3501436710357666
0.35019898414611816
0.35058051347732544
0.3509787619113922
0.3512861728668213
0.35127681493759155
0.3510030508041382
0.3504179120063782
0.34991124272346497
0.3497382402420044
0.3498861491680145
0.3502073884010315
0.35058239102363586
0.3510466516017914
0.3513602018356323
0.3515041768550873
0.3510475158691406
0.35028254985809326
0.34958335757255554
0.34945788979530334
0.34981364011764526
0.3502665162086487
0.3506324589252472
0.3506488800048828
0.3503672480583191
0.34976309537887573
0.3492528796195984
0.34909945726394653
0.3492740988731384
0.3496215343475342
0.3500174582004547
0.3505029082298279
0.35082098841667175
0.35094788670539856
0.35044029355049133
0.34962528944015503
0.3489408493041992
0.3488820791244507
0.3492948114871979
0.34977322816848755
0.3501368761062622
0.35011327266693115
0.34977203607559204
0.3491191864013672
0.348629891872406
0.3485482335090637
0.34879016876220703
0.34918224811553955
0.34959644079208374
0.35006168484687805
0.3502618074417114
0.3501758277416229
0.3494868576526642
0.3486877381801605
0.3482794761657715
0.3484477400779724
0.34891635179519653
0.3493398427963257
0.3496314585208893
0.34951627254486084
0.34908509254455566
0.34843581914901733
0.34802794456481934
0.3480374217033386
0.3483242988586426
0.3487405478954315
0.3491707742214203
0.34965503215789795
0.34983301162719727
0.3497050702571869
0.34895649552345276
0.3481452465057373
0.34776151180267334
0.3479650616645813
0.3484586775302887
0.34889405965805054
0.3491981029510498
0.34907886385917664
0.3486291170120239
0.34795570373535156
0.3475375473499298
0.3475518226623535
0.3478561341762543
0.3483094573020935
0.34878474473953247
0.3493138551712036
0.3495083153247833
0.3493447005748749
0.3485146462917328
0.3476417660713196
0.34730640053749084
0.3476071357727051
0.3481671214103699
0.3485877513885498
0.34879666566848755
0.3485061526298523
0.3479222059249878
0.3472900390625
0.34705179929733276
0.34723013639450073
0.3476107716560364
0.3481089770793915
0.3485831916332245
0.3490772843360901
0.34909993410110474
0.34869009256362915
0.3477339446544647
0.34699130058288574
0.3469410240650177
0.34740474820137024
0.347986102104187
0.34834542870521545
0.348438560962677
0.3479709029197693
0.3472776412963867
0.34673774242401123
0.34668976068496704
0.3470115661621094
0.34747275710105896
0.3480200171470642
0.3484513759613037
0.3487911820411682
0.3484935760498047
0.34777384996414185
0.34685570001602173
0.3464760184288025
0.3467441201210022
0.3472760319709778
0.3478025496006012
0.34801965951919556
0.34795278310775757
0.3473816215991974
0.34670713543891907
0.34628304839134216
0.3463093340396881
0.34664013981819153
0.3470938801765442
0.3476877808570862
0.3482346534729004
0.3487655520439148
0.3486311435699463
0.3479505181312561
0.3468005955219269
0.3461499810218811
0.3463587760925293
0.34700533747673035
0.34765684604644775
0.3478925824165344
0.3477345108985901
0.3469875454902649
0.34623172879219055
0.34592732787132263
0.3461512327194214
0.3466475307941437
0.34719887375831604
0.3478325605392456
0.3481748700141907
0.3482276201248169
0.3474882245063782
0.34649530053138733
0.34582972526550293
0.345924437046051
0.3464922308921814
0.34707799553871155
0.34756845235824585
0.3475615680217743
0.34717148542404175
0.34635651111602783
0.3457227349281311
0.34559962153434753
0.34590983390808105
0.34643539786338806
0.3469943404197693
0.3476482033729553
0.34798407554626465
0.3480154871940613
0.3471865653991699
0.3461171090602875
0.3454800844192505
0.3456834554672241
0.34634512662887573
0.34695103764533997
0.3473881185054779
0.34723037481307983
0.3466671407222748
0.34579381346702576
0.3452909588813782
0.34538209438323975
0.3458124101161957
0.34638160467147827
0.34692686796188354
0.34749478101730347
0.3475484848022461
0.34716832637786865
0.34617674350738525
0.3453541398048401
0.34517985582351685
0.3455987572669983
0.34627631306648254
0.3468208909034729
0.34719282388687134
0.3469683527946472
0.34635084867477417
0.34546002745628357
0.3449682891368866
0.34509849548339844
0.3456020653247833
