# lbfgs, lr=0.8, alpha = 1000000, beta = 0.1
# best_iter: 99, best_loss = 0.12240013480186462, imsave period = 10
7.518030166625977
1.2006313800811768
0.8048938512802124
0.6630144715309143
0.575353741645813
0.5060240030288696
0.44414931535720825
0.3810189366340637
0.3340807855129242
0.2840440571308136
0.24483460187911987
0.21318307518959045
0.19102342426776886
0.17212438583374023
0.1601000428199768
0.15210804343223572
0.14707201719284058
0.1435377597808838
0.1408916413784027
0.13871821761131287
0.13703550398349762
0.1356694996356964
0.1345280557870865
0.1334911584854126
0.13262273371219635
0.13185764849185944
0.13115957379341125
0.13053740561008453
0.13000063598155975
0.12953098118305206
0.12904490530490875
0.12862597405910492
0.12825843691825867
0.12791801989078522
0.12760493159294128
0.12731359899044037
0.1270502507686615
0.12679119408130646
0.12656807899475098
0.12635387480258942
0.12615279853343964
0.12596654891967773
0.1257970780134201
0.12562769651412964
0.12547634541988373
0.12533625960350037
0.1252010613679886
0.12507715821266174
0.12495627254247665
0.12484267354011536
0.12473499029874802
0.12463290989398956
0.12454070895910263
0.12444424629211426
0.12435790151357651
0.1242738589644432
0.12419106811285019
0.12411485612392426
0.1240379810333252
0.12396695464849472
0.12389776110649109
0.12383073568344116
0.12376820296049118
0.12370669841766357
0.12364667654037476
0.12358978390693665
0.12353421747684479
0.12348173558712006
0.12342934310436249
0.12338006496429443
0.12333240360021591
0.12328653037548065
0.12324173748493195
0.1231992319226265
0.12315690517425537
0.12311692535877228
0.12307822704315186
0.12304006516933441
0.12300337851047516
0.12296701967716217
0.12293152511119843
0.12289673089981079
0.12286345660686493
0.1228298544883728
0.12279743701219559
0.12276722490787506
0.12273713946342468
0.12270781397819519
0.12267929315567017
0.12265085428953171
0.12262341380119324
0.12259654700756073
0.12256938219070435
0.12254302948713303
0.12251782417297363
0.122492715716362
0.1224692314863205
0.12244552373886108
0.12242257595062256
0.12240013480186462
