# adam, lr=0.01, alpha = 1000000, beta = 0.1
# best_iter: 2999, best_loss = 0.27114981412887573, imsave period = 300
184.53335571289062
172.44482421875
156.86502075195312
139.40135192871094
121.74581909179688
104.95504760742188
89.93004608154297
77.39683532714844
67.5412826538086
60.02713394165039
54.14076614379883
49.14057540893555
44.56340408325195
40.27699279785156
36.35775375366211
32.918155670166016
30.001182556152344
27.565753936767578
25.529279708862305
23.80130386352539
22.3012752532959
20.974855422973633
19.784927368164062
18.706823348999023
17.72508430480957
16.826828002929688
16.001750946044922
15.241989135742188
14.53954792022705
13.889341354370117
13.288003921508789
12.73099136352539
12.214394569396973
11.732333183288574
11.280801773071289
10.855606079101562
10.453888893127441
10.074560165405273
9.716346740722656
9.378995895385742
9.061258316040039
8.761824607849121
8.479520797729492
8.213217735290527
7.9616289138793945
7.723728656768799
7.498095512390137
7.283837795257568
7.080411911010742
6.886770725250244
6.702446937561035
6.526595592498779
6.358560562133789
6.197602272033691
6.043668270111084
5.896195888519287
5.755089282989502
5.620114803314209
5.490791320800781
5.366640567779541
5.247490882873535
5.133014678955078
5.023054599761963
4.91723108291626
4.8154473304748535
4.71744441986084
4.622981071472168
4.531872272491455
4.444020748138428
4.3592119216918945
4.277337551116943
4.198266506195068
4.121861457824707
4.047902584075928
3.9763896465301514
3.9072251319885254
3.840277910232544
3.775355577468872
3.712404727935791
3.6513540744781494
3.592048168182373
3.534482479095459
3.4786179065704346
3.424457311630249
3.3718347549438477
3.3206734657287598
3.270946979522705
3.222609758377075
3.175607442855835
3.1299118995666504
3.0854403972625732
3.042163848876953
3.0000483989715576
2.9590282440185547
2.9190428256988525
2.880082845687866
2.8420965671539307
2.8050529956817627
2.7688827514648438
2.733591079711914
2.6991353034973145
2.6655049324035645
2.632655382156372
2.6005735397338867
2.569227695465088
2.5385982990264893
2.5086398124694824
2.479356050491333
2.450674057006836
2.4225974082946777
2.3951282501220703
2.3682937622070312
2.3420469760894775
2.31632399559021
2.2911429405212402
2.266530990600586
2.2424490451812744
2.218865394592285
2.1957602500915527
2.173111915588379
2.1508915424346924
2.129098653793335
2.1077585220336914
2.0868265628814697
2.066288948059082
2.046130418777466
2.026357412338257
2.006969451904297
1.9879323244094849
1.9692440032958984
1.950897216796875
1.9328807592391968
1.9151687622070312
1.8977854251861572
1.880726933479309
1.863951325416565
1.8474780321121216
1.8312674760818481
1.8153094053268433
1.7996313571929932
1.784219741821289
1.7690647840499878
1.7541652917861938
1.7395014762878418
1.7250818014144897
1.7109121084213257
1.6969562768936157
1.6832295656204224
1.6697431802749634
1.6564583778381348
1.6433944702148438
1.630539059638977
1.6178902387619019
1.60542631149292
1.5931718349456787
1.5810996294021606
1.5692013502120972
1.5574833154678345
1.5459505319595337
1.5345877408981323
1.5233904123306274
1.5123589038848877
1.5014865398406982
1.4907742738723755
1.4802058935165405
1.4697846174240112
1.459518551826477
1.44938325881958
1.4393868446350098
1.429535984992981
1.4198137521743774
1.4102206230163574
1.4007654190063477
1.3914191722869873
1.3822077512741089
1.3731261491775513
1.36416494846344
1.355316400527954
1.346592903137207
1.3379803895950317
1.329492211341858
1.3211015462875366
1.3128204345703125
1.3046470880508423
1.2965799570083618
1.2886230945587158
1.2807681560516357
1.2730058431625366
1.2653462886810303
1.2577718496322632
1.2503011226654053
1.2429276704788208
1.2356336116790771
1.2284315824508667
1.221316933631897
1.2142781019210815
1.2073290348052979
1.2004598379135132
1.1936701536178589
1.1869629621505737
1.1803311109542847
1.1737791299819946
1.1673083305358887
1.1609021425247192
1.1545794010162354
1.148331642150879
1.1421529054641724
1.1360468864440918
1.1300126314163208
1.124040961265564
1.1181414127349854
1.1123095750808716
1.1065469980239868
1.1008515357971191
1.095209002494812
1.0896289348602295
1.0841107368469238
1.0786552429199219
1.0732561349868774
1.067914366722107
1.0626330375671387
1.0574091672897339
1.052237629890442
1.0471270084381104
1.042066216468811
1.037062406539917
1.0321106910705566
1.0272090435028076
1.02236008644104
1.0175625085830688
1.012817144393921
1.0081214904785156
1.0034741163253784
0.9988794326782227
0.9943280220031738
0.9898252487182617
0.9853710532188416
0.9809564352035522
0.9765881896018982
0.9722635746002197
0.9679823517799377
0.9637442827224731
0.9595547914505005
0.9554051160812378
0.9512939453125
0.9472239017486572
0.9431923627853394
0.9392021298408508
0.935248613357544
0.931330680847168
0.9274458885192871
0.9235989451408386
0.9197905659675598
0.9160126447677612
0.9122718572616577
0.9085654616355896
0.9048966765403748
0.9012595415115356
0.8976574540138245
0.8940902352333069
0.8905543684959412
0.8870493173599243
0.8835785388946533
0.8801382780075073
0.8767273426055908
0.8733482360839844
0.8700003027915955
0.866680383682251
0.8633853197097778
0.8601247668266296
0.8568955659866333
0.8536946773529053
0.8505160808563232
0.8473691940307617
0.8442500829696655
0.8411568403244019
0.8380913734436035
0.8350528478622437
0.832038402557373
0.8290529251098633
0.8260951638221741
0.8231604099273682
0.820253849029541
0.8173712491989136
0.8145143985748291
0.8116799592971802
0.8088713884353638
0.8060852289199829
0.8033226728439331
0.8005836009979248
0.7978694438934326
0.795176088809967
0.7925049066543579
0.7898584008216858
0.7872350215911865
0.7846311330795288
0.7820508480072021
0.7794936895370483
0.776958167552948
0.7744446992874146
0.7719460725784302
0.7694677114486694
0.7670082449913025
0.764567494392395
0.7621488571166992
0.7597484588623047
0.7573679685592651
0.7550049424171448
0.752659797668457
0.7503349781036377
0.7480286359786987
0.7457432150840759
0.7434724569320679
0.7412190437316895
0.7389858961105347
0.7367687225341797
0.7345701456069946
0.7323915958404541
0.7302269339561462
0.7280789613723755
0.7259477376937866
0.7238326668739319
0.7217352390289307
0.7196547985076904
0.7175905704498291
0.7155418395996094
0.7135095596313477
0.7114938497543335
0.7094895839691162
0.7074988484382629
0.7055259346961975
0.7035664319992065
0.7016187906265259
0.6996867060661316
0.6977697610855103
0.6958659887313843
0.693976879119873
0.6921002864837646
0.6902364492416382
0.6883881092071533
0.6865533590316772
0.6847299337387085
0.6829205751419067
0.6811243295669556
0.6793397665023804
0.6775678396224976
0.6758121252059937
0.674068808555603
0.6723384261131287
0.6706216931343079
0.6689180135726929
0.6672245860099792
0.6655444502830505
0.6638751029968262
0.6622200012207031
0.6605769395828247
0.6589446067810059
0.6573243737220764
0.6557166576385498
0.6541197896003723
0.6525319814682007
0.650957465171814
0.6493924856185913
0.6478373408317566
0.6462951302528381
0.6447622776031494
0.6432391405105591
0.6417266130447388
0.6402243375778198
0.6387320756912231
0.6372506618499756
0.6357784271240234
0.6343165636062622
0.6328640580177307
0.631421685218811
0.6299859285354614
0.6285620927810669
0.6271475553512573
0.625740647315979
0.6243433952331543
0.6229548454284668
0.6215746998786926
0.620203971862793
0.6188427209854126
0.6174893379211426
0.6161442995071411
0.614808201789856
0.6134814023971558
0.6121631860733032
0.6108513474464417
0.6095482110977173
0.6082533597946167
0.6069660186767578
0.6056859493255615
0.6044151782989502
0.6031518578529358
0.6018956899642944
0.6006479263305664
0.5994071364402771
0.5981744527816772
0.5969500541687012
0.5957318544387817
0.5945199728012085
0.5933164954185486
0.5921204090118408
0.5909317135810852
0.5897509455680847
0.5885759592056274
0.587408721446991
0.5862492918968201
0.5850961208343506
0.5839499831199646
0.5828105807304382
0.5816779136657715
0.5805522203445435
0.5794328451156616
0.5783193111419678
0.5772144198417664
0.5761144161224365
0.5750219821929932
0.5739363431930542
0.5728570222854614
0.5717851519584656
0.5707192420959473
0.5696605443954468
0.5686068534851074
0.567560076713562
0.5665184855461121
0.5654835104942322
0.5644533634185791
0.563429594039917
0.5624110698699951
0.5613988041877747
0.5603923797607422
0.5593918561935425
0.5583975315093994
0.5574095249176025
0.5564262270927429
0.555449366569519
0.5544781684875488
0.5535129308700562
0.5525521636009216
0.5515962839126587
0.5506467223167419
0.5497040152549744
0.5487651228904724
0.5478307604789734
0.5469036102294922
0.5459809303283691
0.5450629591941833
0.5441514849662781
0.5432440638542175
0.542341947555542
0.541445255279541
0.5405528545379639
0.5396663546562195
0.5387840270996094
0.537907063961029
0.5370351076126099
0.5361685752868652
0.5353065729141235
0.5344491004943848
0.5335965156555176
0.5327483415603638
0.5319054126739502
0.5310664176940918
0.5302318334579468
0.5294020175933838
0.5285763740539551
0.5277547836303711
0.5269383192062378
0.5261251330375671
0.5253164768218994
0.5245128870010376
0.5237139463424683
0.5229184627532959
0.5221281051635742
0.5213411450386047
0.5205583572387695
0.5197787880897522
0.5190043449401855
0.5182336568832397
0.5174671411514282
0.5167038440704346
0.5159441828727722
0.5151888132095337
0.5144376158714294
0.5136904716491699
0.5129472017288208
0.512207567691803
0.5114717483520508
0.510739803314209
0.5100111961364746
0.5092867016792297
0.5085660219192505
0.5078486800193787
0.5071348547935486
0.5064254999160767
0.5057191848754883
0.5050166845321655
0.5043178796768188
0.5036230087280273
0.5029306411743164
0.5022414922714233
0.5015560984611511
0.5008741617202759
0.5001959204673767
0.49952012300491333
0.4988487958908081
0.49818068742752075
0.4975152313709259
0.4968540072441101
0.49619537591934204
0.4955403506755829
0.49488866329193115
0.49424001574516296
0.4935949146747589
0.4929528534412384
0.49231356382369995
0.49167653918266296
0.4910433888435364
0.4904134273529053
0.48978567123413086
0.48916128277778625
0.4885402321815491
0.4879223108291626
0.48730719089508057
0.48669546842575073
0.4860866069793701
0.48548033833503723
0.48487716913223267
0.4842776656150818
0.48368024826049805
0.4830852150917053
0.4824932813644409
0.4819042682647705
0.48131808638572693
0.4807344377040863
0.4801536798477173
0.47957494854927063
0.4789991080760956
0.47842657566070557
0.4778560996055603
0.47728824615478516
0.47672319412231445
0.47616106271743774
0.4756009876728058
0.4750439524650574
0.4744899868965149
0.4739377796649933
0.47338905930519104
0.4728430211544037
0.47229889035224915
0.47175726294517517
0.47121766209602356
0.47068047523498535
0.4701470136642456
0.4696146249771118
0.4690845012664795
0.46855729818344116
0.4680324196815491
0.46750935912132263
0.4669891893863678
0.46647167205810547
0.46595603227615356
0.4654425382614136
0.4649316966533661
0.4644230604171753
0.4639164209365845
0.4634128510951996
0.4629116356372833
0.46241241693496704
0.46191561222076416
0.46142101287841797
0.46092844009399414
0.46043872833251953
0.45995110273361206
0.45946556329727173
0.45898205041885376
0.4585009813308716
0.45802241563796997
0.4575452506542206
0.45707106590270996
0.4565984904766083
0.45612776279449463
0.4556591510772705
0.4551931917667389
0.4547293782234192
0.4542674422264099
0.45380765199661255
0.45335039496421814
0.45289427042007446
0.4524405002593994
0.45198890566825867
0.451539009809494
0.4510911703109741
0.4506451487541199
0.4502006769180298
0.44975799322128296
0.4493177533149719
0.448879212141037
0.4484426975250244
0.44800782203674316
0.44757533073425293
0.44714459776878357
0.44671571254730225
0.4462882876396179
0.4458625018596649
0.4454386234283447
0.44501614570617676
0.4445952773094177
0.44417625665664673
0.443758487701416
0.4433426260948181
0.4429290294647217
0.44251638650894165
0.4421059489250183
0.44169744849205017
0.4412904679775238
0.4408850073814392
0.4404813051223755
0.44007909297943115
0.43967893719673157
0.4392799735069275
0.4388832151889801
0.438487708568573
0.43809381127357483
0.43770208954811096
0.4373117983341217
0.43692338466644287
0.43653634190559387
0.4361511468887329
0.43576735258102417
0.4353848099708557
0.43500399589538574
0.43462467193603516
0.43424665927886963
0.4338698387145996
0.4334946870803833
0.43312084674835205
0.43274837732315063
0.43237733840942383
0.4320075511932373
0.4316391050815582
0.4312717616558075
0.4309065639972687
0.43054234981536865
0.4301793575286865
0.429817795753479
0.4294581413269043
0.4290996789932251
0.42874255776405334
0.4283868074417114
0.4280322194099426
0.42767947912216187
0.4273279309272766
0.42697757482528687
0.42662864923477173
0.4262809753417969
0.425934374332428
0.42558926343917847
0.4252451956272125
0.4249024987220764
0.4245607554912567
0.4242209196090698
0.4238826036453247
0.42354506254196167
0.4232090413570404
0.4228741228580475
0.42254090309143066
0.42220884561538696
0.42187780141830444
0.42154788970947266
0.42121970653533936
0.4208921194076538
0.4205659031867981
0.42024093866348267
0.41991716623306274
0.4195939600467682
0.4192724823951721
0.4189523458480835
0.41863295435905457
0.4183151423931122
0.41799798607826233
0.41768237948417664
0.41736799478530884
0.41705429553985596
0.4167419970035553
0.4164309501647949
0.41612106561660767
0.4158121347427368
0.41550472378730774
0.41519853472709656
0.41489332914352417
0.41458916664123535
0.41428643465042114
0.413984477519989
0.4136837124824524
0.41338396072387695
0.4130851924419403
0.41278761625289917
0.41249120235443115
0.4121960699558258
0.4119018316268921
0.4116082489490509
0.4113161563873291
0.41102510690689087
0.4107348322868347
0.4104456305503845
0.41015732288360596
0.4098701477050781
0.40958383679389954
0.4092985987663269
0.4090144634246826
0.4087313413619995
0.4084492623806
0.40816807746887207
0.4078878164291382
0.4076084494590759
0.4073299169540405
0.4070526361465454
0.4067758321762085
0.40650027990341187
0.40622544288635254
0.40595144033432007
0.4056781530380249
0.40540581941604614
0.40513506531715393
0.40486475825309753
0.4045953154563904
0.4043267071247101
0.4040589928627014
0.40379244089126587
0.40352633595466614
0.40326130390167236
0.4029969274997711
0.4027339220046997
0.402471661567688
0.40221014618873596
0.4019496440887451
0.4016897678375244
0.4014306366443634
0.401172399520874
0.4009152054786682
0.40065866708755493
0.40040314197540283
0.40014827251434326
0.39989417791366577
0.39964115619659424
0.39938873052597046
0.3991374373435974
0.3988869786262512
0.39863675832748413
0.3983878195285797
0.39813923835754395
0.39789170026779175
0.39764508605003357
0.39739882946014404
0.39715349674224854
0.39690911769866943
0.3966653347015381
0.3964225649833679
0.39618027210235596
0.39593908190727234
0.3956983685493469
0.3954586982727051
0.3952194154262543
0.39498114585876465
0.39474350214004517
0.39450639486312866
0.39427030086517334
0.39403510093688965
0.39380061626434326
0.3935668468475342
0.39333370327949524
0.39310163259506226
0.3928701877593994
0.3926394581794739
0.39240962266921997
0.3921807110309601
0.39195191860198975
0.3917240500450134
0.3914971947669983
0.39127081632614136
0.3910450041294098
0.39081981778144836
0.3905957341194153
0.39037203788757324
0.39014917612075806
0.3899270296096802
0.3897054195404053
0.38948455452919006
0.3892643451690674
0.3890446722507477
0.38882559537887573
0.38860735297203064
0.3883899450302124
0.3881727457046509
0.38795673847198486
0.38774120807647705
0.3875259757041931
0.3873114585876465
0.3870977759361267
0.38688457012176514
0.3866719603538513
0.38646000623703003
0.38624870777130127
0.3860380947589874
0.38582807779312134
0.38561853766441345
0.38540974259376526
0.38520151376724243
0.3849940299987793
0.38478729128837585
0.3845811188220978
0.3843753933906555
0.3841702342033386
0.3839659094810486
0.3837619423866272
0.38355863094329834
0.3833560347557068
0.3831537663936615
0.3829519748687744
0.38275083899497986
0.3825504183769226
0.38235053420066833
0.3821513056755066
0.38195282220840454
0.3817548155784607
0.381557434797287
0.38136059045791626
0.38116443157196045
0.38096892833709717
0.38077402114868164
0.38057929277420044
0.38038522005081177
0.3801921010017395
0.37999895215034485
0.3798065185546875
0.3796144127845764
0.37942296266555786
0.3792319595813751
0.3790416121482849
0.3788517415523529
0.3786622881889343
0.3784732520580292
0.37828493118286133
0.37809693813323975
0.3779096007347107
0.3777228593826294
0.37753671407699585
0.3773508667945862
0.37716543674468994
0.3769807517528534
0.37679657340049744
0.3766128420829773
0.3764296770095825
0.37624701857566833
0.37606483697891235
0.37588322162628174
0.3757020831108093
0.3755212724208832
0.37534093856811523
0.375161349773407
0.37498223781585693
0.374803751707077
0.3746253550052643
0.37444761395454407
0.3742704391479492
0.3740934431552887
0.3739171326160431
0.37374138832092285
0.37356600165367126
0.3733910918235779
0.3732166290283203
0.37304261326789856
0.37286919355392456
0.372696191072464
0.3725234270095825
0.37235113978385925
0.3721792995929718
0.37200796604156494
0.3718373775482178
0.3716669976711273
0.3714969754219055
0.37132740020751953
0.3711584806442261
0.3709898293018341
0.3708217144012451
0.3706539571285248
0.37048670649528503
0.3703199326992035
0.370153546333313
0.3699875473976135
0.3698221445083618
0.36965733766555786
0.369492769241333
0.3693285584449768
0.3691648542881012
0.3690016269683838
0.3688388764858246
0.3686765432357788
0.36851462721824646
0.3683532774448395
0.3681921362876892
0.36803138256073
0.36787116527557373
0.36771124601364136
0.36755192279815674
0.36739271879196167
0.36723411083221436
0.3670758903026581
0.36691826581954956
0.3667609989643097
0.36660394072532654
0.3664473295211792
0.366291344165802
0.3661356270313263
0.36598023772239685
0.36582544445991516
0.3656710982322693
0.3655169606208801
0.36536315083503723
0.36520981788635254
0.3650568723678589
0.3649043142795563
0.3647519052028656
0.36460012197494507
0.3644484877586365
0.36429718136787415
0.3641464412212372
0.36399590969085693
0.36384570598602295
0.36369606852531433
0.3635466396808624
0.36339759826660156
0.36324894428253174
0.36310064792633057
0.3629525899887085
0.36280500888824463
0.3626578748226166
0.3625110387802124
0.36236441135406494
0.36221814155578613
0.3620724380016327
0.3619269132614136
0.3617819547653198
0.3616373538970947
0.36149275302886963
0.3613486588001251
0.3612051010131836
0.36106210947036743
0.3609190583229065
0.3607761859893799
0.36063385009765625
0.36049211025238037
0.3603503704071045
0.36020907759666443
0.360068142414093
0.35992783308029175
0.3597877025604248
0.35964757204055786
0.3595081865787506
0.35936909914016724
0.35923027992248535
0.35909178853034973
0.35895341634750366
0.35881564021110535
0.35867840051651
0.35854119062423706
0.35840439796447754
0.3582681119441986
0.3581318259239197
0.35799604654312134
0.3578607738018036
0.357725590467453
0.3575906753540039
0.3574563264846802
0.3573223352432251
0.3571884334087372
0.35705482959747314
0.3569217324256897
0.3567887246608734
0.35665610432624817
0.3565238416194916
0.3563920259475708
0.3562605082988739
0.35612913966178894
0.35599827766418457
0.35586774349212646
0.35573747754096985
0.3556074798107147
0.35547786951065063
0.3553485572338104
0.35521945357322693
0.3550906777381897
0.3549622893333435
0.3548341989517212
0.35470613837242126
0.35457843542099
0.3544512093067169
0.3543242812156677
0.3541974425315857
0.3540710508823395
0.3539450764656067
0.3538192808628082
0.3536938428878784
0.35356855392456055
0.35344362258911133
0.35331904888153076
0.3531947731971741
0.3530707359313965
0.35294684767723083
0.352823406457901
0.3527003824710846
0.3525775969028473
0.3524549901485443
0.3523326516151428
0.3522107005119324
0.3520890474319458
0.35196754336357117
0.3518463671207428
0.35172560811042786
0.35160499811172485
0.35148459672927856
0.35136449337005615
0.35124483704566956
0.3511253595352173
0.35100609064102173
0.35088711977005005
0.350768506526947
0.35065001249313354
0.3505319654941559
0.3504142165184021
0.3502964377403259
0.3501790463924408
0.35006189346313477
0.3499448895454407
0.3498283624649048
0.34971195459365845
0.34959590435028076
0.3494799733161926
0.34936442971229553
0.3492491841316223
0.34913408756256104
0.349019318819046
0.3489048480987549
0.3487905263900757
0.3486766517162323
0.348563015460968
0.3484495282173157
0.34833648800849915
0.34822359681129456
0.34811103343963623
0.3479987680912018
0.34788674116134644
0.34777501225471497
0.34766361117362976
0.3475523591041565
0.3474414348602295
0.3473307192325592
0.347220242023468
0.3471098244190216
0.3469998240470886
0.34689009189605713
0.3467806577682495
0.3466714322566986
0.3465622663497925
0.3464534878730774
0.3463449478149414
0.34623661637306213
0.34612852334976196
0.3460206389427185
0.34591302275657654
0.34580570459365845
0.34569859504699707
0.34559166431427
0.3454849123954773
0.34537839889526367
0.3452722728252411
0.34516626596450806
0.34506022930145264
0.3449547290802002
0.3448493778705597
0.34474408626556396
0.3446393311023712
0.344534695148468
0.3444300889968872
0.34432584047317505
0.344221830368042
0.34411782026290894
0.34401413798332214
0.34391075372695923
0.3438074588775635
0.34370434284210205
0.3436014652252197
0.34349876642227173
0.34339639544487
0.3432941734790802
0.3431920111179352
0.3430902659893036
0.3429886996746063
0.342887282371521
0.34278610348701477
0.3426852822303772
0.34258443117141724
0.34248387813568115
0.34238362312316895
0.3422834277153015
0.342183381319046
0.3420838713645935
0.34198421239852905
0.3418847322463989
0.3417854905128479
0.34168654680252075
0.34158775210380554
0.34148916602134705
0.3413906693458557
0.34129244089126587
0.3411944806575775
0.34109658002853394
0.3409987688064575
0.3409011960029602
0.3408038318157196
0.34070679545402527
0.3406098484992981
0.34051308035850525
0.34041649103164673
0.34032008051872253
0.34022390842437744
0.34012770652770996
0.34003201127052307
0.33993643522262573
0.33984100818634033
0.33974581956863403
0.3396507799625397
0.33955588936805725
0.3394613265991211
0.3393668532371521
0.3392726182937622
0.3391784727573395
0.3390847146511078
0.3389909565448761
0.33889761567115784
0.3388042449951172
0.3387111723423004
0.33861827850341797
0.3385254442691803
0.33843275904655457
0.3383404314517975
0.3382481336593628
0.3381561040878296
0.33806419372558594
0.3379726707935333
0.3378812074661255
0.33778998255729675
0.33769896626472473
0.3376082181930542
0.3375175893306732
0.3374271094799042
0.3373369574546814
0.33724695444107056
0.33715692162513733
0.33706724643707275
0.3369775712490082
0.3368881344795227
0.3367989659309387
0.33670979738235474
0.336620956659317
0.336532324552536
0.3364437222480774
0.3363552689552307
0.33626699447631836
0.3361789584159851
0.3360908627510071
0.33600306510925293
0.33591532707214355
0.33582785725593567
0.33574044704437256
0.3356532156467438
0.3355661928653717
0.3354792594909668
0.33539244532585144
0.3353058099746704
0.33521926403045654
0.3351328670978546
0.3350466787815094
0.3349605202674866
0.33487457036972046
0.3347887098789215
0.3347029387950897
0.3346174657344818
0.33453208208084106
0.33444681763648987
0.3343617022037506
0.33427682518959045
0.3341919183731079
0.3341071903705597
0.3340226113796234
0.3339383006095886
0.33385413885116577
0.33376991748809814
0.33368581533432007
0.33360201120376587
0.333518385887146
0.33343470096588135
0.3333512246608734
0.3332679569721222
0.3331848382949829
0.33310166001319885
0.33301877975463867
0.33293578028678894
0.3328530788421631
0.33277061581611633
0.3326881229877472
0.3326059579849243
0.3325238823890686
0.33244192600250244
0.33236008882522583
0.3322783410549164
0.33219683170318604
0.33211544156074524
0.33203405141830444
0.331952840089798
0.33187180757522583
0.33179086446762085
0.3317100405693054
0.33162933588027954
0.331548810005188
0.3314683735370636
0.3313881754875183
0.3313080668449402
0.3312280476093292
0.33114826679229736
0.3310684859752655
0.3309887945652008
0.33090940117836
0.33083009719848633
0.3307510018348694
0.33067184686660767
0.3305928707122803
0.330514132976532
0.3304353356361389
0.3303568661212921
0.33027851581573486
0.3302001655101776
0.3301219642162323
0.330043762922287
0.3299657702445984
0.3298879861831665
0.3298102617263794
0.3297327160835266
0.3296552300453186
0.32957786321640015
0.3295004665851593
0.32942330837249756
0.3293461501598358
0.3292692005634308
0.3291924297809601
0.3291155695915222
0.3290391266345978
0.32896262407302856
0.3288862705230713
0.3288101553916931
0.3287339508533478
0.3286581039428711
0.32858219742774963
0.3285064101219177
0.3284308910369873
0.32835525274276733
0.32827988266944885
0.3282047212123871
0.32812950015068054
0.3280545175075531
0.3279796838760376
0.32790496945381165
0.32783034443855286
0.32775604724884033
0.32768163084983826
0.32760727405548096
0.32753318548202515
0.32745930552482605
0.3273853063583374
0.32731160521507263
0.32723796367645264
0.3271644115447998
0.32709091901779175
0.32701772451400757
0.3269445598125458
0.3268713057041168
0.32679829001426697
0.32672545313835144
0.3266526758670807
0.32658007740974426
0.3265075981616974
0.3264351189136505
0.3263629078865051
0.3262906074523926
0.3262184262275696
0.32614636421203613
0.3260745108127594
0.3260028064250946
0.32593104243278503
0.32585954666137695
0.32578808069229126
0.32571667432785034
0.32564541697502136
0.3255743086338043
0.3255032002925873
0.32543233036994934
0.3253614902496338
0.32529062032699585
0.32521992921829224
0.32514938712120056
0.3250788748264313
0.32500845193862915
0.32493820786476135
0.32486799359321594
0.3247978985309601
0.3247278928756714
0.3246578872203827
0.32458823919296265
0.32451847195625305
0.32444891333580017
0.3243795335292816
0.32431015372276306
0.32424086332321167
0.3241717517375946
0.3241026699542999
0.3240338861942291
0.32396504282951355
0.3238963782787323
0.3238277733325958
0.3237593173980713
0.3236909508705139
0.3236226439476013
0.32355454564094543
0.3234865665435791
0.32341861724853516
0.323350727558136
0.32328295707702637
0.3232153058052063
0.323147714138031
0.32308024168014526
0.32301294803619385
0.3229457437992096
0.3228785991668701
0.3228116035461426
0.3227446973323822
0.3226779103279114
0.3226112425327301
0.32254475355148315
0.3224782347679138
0.32241180539131165
0.3223456144332886
0.3222793638706207
0.32221323251724243
0.32214733958244324
0.3220815658569336
0.32201579213142395
0.32195013761520386
0.3218846321105957
0.3218190371990204
0.32175377011299133
0.32168853282928467
0.3216233253479004
0.32155829668045044
0.3214934468269348
0.3214285373687744
0.32136374711990356
0.32129910588264465
0.3212345540523529
0.3211701214313507
0.32110583782196045
0.32104164361953735
0.3209775388240814
0.3209136426448822
0.32084977626800537
0.320785790681839
0.3207221031188965
0.32065850496292114
0.3205949664115906
0.3205316960811615
0.32046836614608765
0.32040512561798096
0.3203420639038086
0.32027897238731384
0.3202160596847534
0.3201531171798706
0.3200903534889221
0.3200276494026184
0.3199650049209595
0.3199024796485901
0.31984007358551025
0.31977760791778564
0.3197152018547058
0.3196529746055603
0.31959086656570435
0.3195286989212036
0.31946659088134766
0.31940463185310364
0.3193429112434387
0.31928113102912903
0.3192194402217865
0.3191578686237335
0.3190963566303253
0.31903502345085144
0.3189737796783447
0.3189123570919037
0.31885120272636414
0.3187901973724365
0.3187291622161865
0.3186681568622589
0.31860727071762085
0.3185465931892395
0.31848591566085815
0.3184252083301544
0.3183647096157074
0.31830430030822754
0.31824392080307007
0.3181835412979126
0.3181234300136566
0.3180633783340454
0.31800341606140137
0.31794342398643494
0.3178836703300476
0.3178240656852722
0.31776440143585205
0.3177047371864319
0.3176453709602356
0.3175860643386841
0.31752675771713257
0.31746751070022583
0.3174084424972534
0.31734931468963623
0.317290335893631
0.3172314465045929
0.317172646522522
0.3171139359474182
0.3170551061630249
0.31699666380882263
0.31693822145462036
0.31687986850738525
0.31682151556015015
0.31676316261291504
0.31670495867729187
0.3166469633579254
0.3165888786315918
0.3165309429168701
0.3164730966091156
0.31641530990600586
0.3163577616214752
0.31630009412765503
0.3162425458431244
0.3161850571632385
0.3161277174949646
0.3160704970359802
0.3160133361816406
0.3159562349319458
0.3158991038799286
0.31584224104881287
0.31578531861305237
0.31572848558425903
0.3156717121601105
0.31561481952667236
0.31555822491645813
0.3155018091201782
0.31544530391693115
0.31538888812065125
0.3153325915336609
0.31527647376060486
0.31522029638290405
0.3151642382144928
0.31510838866233826
0.3150525689125061
0.31499671936035156
0.3149411678314209
0.3148856461048126
0.3148302137851715
0.314774751663208
0.31471937894821167
0.31466415524482727
0.3146090507507324
0.3145539462566376
0.31449878215789795
0.31444379687309265
0.3143889904022217
0.3143341541290283
0.3142795264720917
0.31422483921051025
0.3141702115535736
0.3141157627105713
0.31406134366989136
0.31400710344314575
0.31395280361175537
0.31389859318733215
0.3138445317745209
0.31379055976867676
0.31373661756515503
0.3136827349662781
0.3136289715766907
0.31357520818710327
0.3135216236114502
0.31346815824508667
0.3134147524833679
0.31336134672164917
0.31330811977386475
0.31325504183769226
0.31320175528526306
0.31314873695373535
0.3130958676338196
0.31304287910461426
0.31299006938934326
0.31293731927871704
0.3128845989704132
0.31283196806907654
0.31277942657470703
0.3127269744873047
0.3126746416091919
0.3126222789287567
0.31257015466690063
0.31251800060272217
0.3124659061431885
0.31241387128829956
0.31236201524734497
0.31231018900871277
0.3122583031654358
0.3122066259384155
0.3121548891067505
0.31210318207740784
0.3120516240596771
0.3120001256465912
0.3119487166404724
0.31189727783203125
0.3118458688259125
0.3117946684360504
0.3117433786392212
0.3116922080516815
0.311641126871109
0.3115900456905365
0.31153905391693115
0.3114883005619049
0.3114375174045563
0.3113868534564972
0.3113361895084381
0.3112855851650238
0.3112349510192871
0.31118446588516235
0.3111340403556824
0.31108370423316956
0.31103333830833435
0.3109831213951111
0.31093287467956543
0.3108827471733093
0.3108326196670532
0.31078267097473145
0.31073275208473206
0.31068292260169983
0.3106331527233124
0.3105834722518921
0.3105337917804718
0.31048426032066345
0.3104346990585327
0.31038519740104675
0.3103359043598175
0.31028658151626587
0.310237318277359
0.31018805503845215
0.3101389706134796
0.3100898861885071
0.31004083156585693
0.3099919259548187
0.30994293093681335
0.3098941743373871
0.30984532833099365
0.30979663133621216
0.30974799394607544
0.3096993565559387
0.3096507489681244
0.3096022605895996
0.3095538020133972
0.30950531363487244
0.3094569742679596
0.3094087243080139
0.30936047434806824
0.30931228399276733
0.309264212846756
0.30921614170074463
0.30916815996170044
0.30912017822265625
0.3090722858905792
0.3090243935585022
0.3089766204357147
0.3089289367198944
0.30888131260871887
0.30883365869522095
0.3087862432003021
0.30873870849609375
0.30869126319885254
0.3086439073085785
0.30859658122062683
0.30854931473731995
0.30850207805633545
0.30845481157302856
0.3084077537059784
0.30836063623428345
0.3083137273788452
0.3082667887210846
0.30821987986564636
0.3081730008125305
0.30812621116638184
0.30807948112487793
0.3080327808856964
0.3079861104488373
0.3079394996166229
0.3078930377960205
0.3078465461730957
0.3078001141548157
0.3077537417411804
0.30770745873451233
0.30766117572784424
0.3076150417327881
0.30756881833076477
0.30752283334732056
0.30747687816619873
0.3074308931827545
0.30738508701324463
0.3073391914367676
0.30729347467422485
0.30724775791168213
0.3072021007537842
0.3071565330028534
0.3071109354496002
0.3070653975009918
0.3070199191570282
0.3069744408130646
0.3069290816783905
0.30688372254371643
0.3068384826183319
0.3067932426929474
0.3067481219768524
0.3067029118537903
0.30665794014930725
0.3066128194332123
0.3065677881240845
0.30652284622192383
0.30647796392440796
0.3064331114292145
0.3063882887363434
0.30634361505508423
0.3062988519668579
0.306254118680954
0.3062094748020172
0.30616486072540283
0.30612024664878845
0.3060757517814636
0.3060312867164612
0.30598685145378113
0.3059423863887787
0.30589792132377625
0.3058536648750305
0.3058094084262848
0.30576515197753906
0.3057210445404053
0.30567681789398193
0.30563265085220337
0.30558866262435913
0.3055446743965149
0.3055006265640259
0.30545666813850403
0.30541279911994934
0.30536898970603943
0.30532512068748474
0.30528125166893005
0.30523765087127686
0.3051939010620117
0.30515024065971375
0.30510666966438293
0.3050631284713745
0.3050196170806885
0.304976224899292
0.3049328327178955
0.3048894703388214
0.3048461675643921
0.30480295419692993
0.3047598600387573
0.30471670627593994
0.30467361211776733
0.3046306371688843
0.3045876622200012
0.30454468727111816
0.30450183153152466
0.3044590950012207
0.304416298866272
0.30437353253364563
0.30433088541030884
0.3042883276939392
0.3042457103729248
0.30420318245887756
0.3041607439517975
0.3041183650493622
0.3040759563446045
0.3040336072444916
0.3039913773536682
0.30394911766052246
0.3039068877696991
0.3038647174835205
0.30382266640663147
0.3037806451320648
0.3037385642528534
0.3036966323852539
0.3036547005176544
0.3036127984523773
0.3035709261894226
0.30352917313575745
0.30348750948905945
0.3034457564353943
0.3034040927886963
0.30336248874664307
0.303320974111557
0.30327945947647095
0.3032379448413849
0.3031965494155884
0.30315518379211426
0.3031138777732849
0.3030725419521332
0.30303120613098145
0.3029900789260864
0.30294883251190186
0.3029075562953949
0.30286648869514465
0.3028254210948944
0.30278438329696655
0.3027432858943939
0.30270227789878845
0.3026614189147949
0.3026205003261566
0.3025795519351959
0.30253878235816956
0.3024980425834656
0.302457332611084
0.30241668224334717
0.3023759722709656
0.30233538150787354
0.3022947907447815
0.30225419998168945
0.30221372842788696
0.3021732270717621
0.30213284492492676
0.30209237337112427
0.3020520806312561
0.30201175808906555
0.3019714057445526
0.30193108320236206
0.30189093947410583
0.30185073614120483
0.3018105924129486
0.3017706274986267
0.3017306625843048
0.3016907572746277
0.3016507625579834
0.3016108274459839
0.30157098174095154
0.3015313446521759
0.30149155855178833
0.3014518618583679
0.30141228437423706
0.3013726472854614
0.30133309960365295
0.30129361152648926
0.30125418305397034
0.3012147843837738
0.30117544531822205
0.30113616585731506
0.30109697580337524
0.3010577857494354
0.3010186553001404
0.3009796142578125
0.3009406328201294
0.3009015619754791
0.30086272954940796
0.3008238971233368
0.3007850646972656
0.3007463812828064
0.3007076680660248
0.30066901445388794
0.3006303906440735
0.30059170722961426
0.3005530834197998
0.3005145490169525
0.30047616362571716
0.30043768882751465
0.3003992736339569
0.30036094784736633
0.30032262206077576
0.30028438568115234
0.30024614930152893
0.30020788311958313
0.3001697361469269
0.30013155937194824
0.3000934422016144
0.3000553846359253
0.30001744627952576
0.2999795377254486
0.29994168877601624
0.2999037504196167
0.29986587166786194
0.2998282313346863
0.29979047179222107
0.2997526526451111
0.2997150719165802
0.29967740178108215
0.29963982105255127
0.2996022701263428
0.2995646893978119
0.29952719807624817
0.2994897663593292
0.2994523346424103
0.2994149625301361
0.29937753081321716
0.29934024810791016
0.2993029057979584
0.29926562309265137
0.2992284297943115
0.29919129610061646
0.2991541624069214
0.29911696910858154
0.29907992482185364
0.29904285073280334
0.29900577664375305
0.29896873235702515
0.2989317774772644
0.29889482259750366
0.2988578975200653
0.2988209128379822
0.29878416657447815
0.29874733090400696
0.29871052503585815
0.2986738085746765
0.2986370325088501
0.29860028624534607
0.29856351017951965
0.29852691292762756
0.29849034547805786
0.2984536588191986
0.2984170913696289
0.29838046431541443
0.29834407567977905
0.2983076274394989
0.29827117919921875
0.298234760761261
0.2981984317302704
0.2981620132923126
0.2981257736682892
0.29808953404426575
0.29805323481559753
0.29801714420318604
0.29798099398612976
0.2979448437690735
0.297908753156662
0.2978726923465729
0.29783663153648376
0.29780060052871704
0.29776468873023987
0.2977287471294403
0.2976928651332855
0.2976571023464203
0.29762130975723267
0.2975855767726898
0.29754987359046936
0.2975141704082489
0.2974785268306732
0.2974429130554199
0.29740726947784424
0.29737168550491333
0.2973361313343048
0.29730063676834106
0.29726511240005493
0.29722970724105835
0.29719430208206177
0.297158807516098
0.29712343215942383
0.29708802700042725
0.29705268144607544
0.297017365694046
0.29698213934898376
0.29694685339927673
0.2969116270542145
0.2968765199184418
0.2968413531780243
0.2968061864376068
0.2967710793018341
0.29673606157302856
0.296701043844223
0.2966659665107727
0.2966309189796448
0.296595960855484
0.2965610921382904
0.296526163816452
0.2964912950992584
0.2964564263820648
0.29642176628112793
0.2963870167732239
0.2963522970676422
0.29631760716438293
0.29628294706344604
0.2962484359741211
0.29621389508247375
0.29617932438850403
0.2961447834968567
0.29611045122146606
0.2960759699344635
0.2960415780544281
0.29600727558135986
0.29597288370132446
0.2959386110305786
0.29590439796447754
0.29587027430534363
0.29583612084388733
0.2958019971847534
0.29576796293258667
0.29573389887809753
0.2956998646259308
0.295665979385376
0.29563209414482117
0.29559817910194397
0.29556435346603394
0.29553064703941345
0.2954968810081482
0.2954632043838501
0.2954295575618744
0.2953958511352539
0.29536232352256775
0.2953287959098816
0.29529526829719543
0.29526177048683167
0.29522836208343506
0.29519492387771606
0.29516151547431946
0.29512810707092285
0.2950948476791382
0.29506152868270874
0.2950282692909241
0.29499495029449463
0.29496175050735474
0.29492852091789246
0.2948954105377197
0.29486221075057983
0.2948291301727295
0.2947961091995239
0.29476308822631836
0.2947300970554352
0.2946971654891968
0.29466426372528076
0.29463133215904236
0.2945984899997711
0.2945656478404999
0.294532835483551
0.29450005292892456
0.29446732997894287
0.2944346070289612
0.2944019138813019
0.2943693995475769
0.2943367660045624
0.2943041920661926
0.29427164793014526
0.29423919320106506
0.2942066490650177
0.2941742539405823
0.29414182901382446
0.2941095232963562
0.2940772473812103
0.29404494166374207
0.2940126955509186
0.2939804494380951
0.29394835233688354
0.29391616582870483
0.29388415813446045
0.2938520908355713
0.2938201129436493
0.29378822445869446
0.29375627636909485
0.29372438788414
0.29369258880615234
0.2936607897281647
0.29362908005714417
0.2935973107814789
0.29356563091278076
0.2935340106487274
0.2935023009777069
0.29347071051597595
0.2934391498565674
0.2934075891971588
0.293376088142395
0.2933445870876312
0.2933131158351898
0.2932817041873932
0.29325032234191895
0.2932189404964447
0.29318752884864807
0.29315611720085144
0.29312488436698914
0.29309362173080444
0.29306232929229736
0.29303109645843506
0.2929999828338623
0.29296883940696716
0.29293766617774963
0.2929065227508545
0.2928754985332489
0.2928444445133209
0.29281336069107056
0.29278239607810974
0.29275137186050415
0.29272034764289856
0.29268941283226013
0.29265841841697693
0.2926274538040161
0.29259663820266724
0.2925657629966736
0.29253488779067993
0.29250410199165344
0.2924732565879822
0.2924424707889557
0.2924116551876068
0.2923809289932251
0.29235026240348816
0.29231953620910645
0.29228881001472473
0.29225820302963257
0.2922276258468628
0.292197048664093
0.29216647148132324
0.29213598370552063
0.292105495929718
0.29207491874694824
0.2920445203781128
0.29201409220695496
0.2919837236404419
0.29195335507392883
0.2919229567050934
0.2918926477432251
0.2918623983860016
0.2918320894241333
0.2918017506599426
0.2917715609073639
0.29174143075942993
0.2917112708091736
0.29168111085891724
0.29165104031562805
0.2916209101676941
0.2915908694267273
0.2915608584880829
0.2915308475494385
0.2915008068084717
0.29147088527679443
0.29144108295440674
0.2914111018180847
0.2913811206817627
0.29135143756866455
0.2913215458393097
0.2912917137145996
0.2912619709968567
0.29123222827911377
0.2912025451660156
0.2911728620529175
0.2911432087421417
0.29111355543136597
0.2910839915275574
0.2910543978214264
0.2910248637199402
0.29099535942077637
0.29096585512161255
0.2909364402294159
0.29090702533721924
0.29087764024734497
0.2908482849597931
0.2908189594745636
0.2907896041870117
0.2907602787017822
0.2907310426235199
0.2907017171382904
0.2906724214553833
0.29064324498176575
0.2906140983104706
0.2905849814414978
0.29055580496788025
0.29052668809890747
0.29049766063690186
0.29046860337257385
0.2904394865036011
0.290410578250885
0.2903815805912018
0.29035261273384094
0.2903236746788025
0.2902947664260864
0.2902659475803375
0.29023706912994385
0.29020822048187256
0.29017946124076843
0.29015061259269714
0.2901218831539154
0.29009321331977844
0.29006442427635193
0.2900357246398926
0.29000696539878845
0.2899782955646515
0.2899496853351593
0.2899210751056671
0.2898924648761749
0.28986385464668274
0.28983527421951294
0.28980666399002075
0.2897781729698181
0.28974974155426025
0.2897213101387024
0.28969281911849976
0.2896644175052643
0.2896360158920288
0.2896077036857605
0.2895793318748474
0.2895510196685791
0.28952276706695557
0.2894943952560425
0.28946617245674133
0.2894379794597626
0.2894097566604614
0.2893815338611603
0.2893534302711487
0.28932538628578186
0.2892972230911255
0.2892691493034363
0.28924113512039185
0.289213091135025
0.2891850769519806
0.28915706276893616
0.2891290783882141
0.289101243019104
0.28907328844070435
0.28904542326927185
0.28901761770248413
0.28898972272872925
0.28896188735961914
0.2889341711997986
0.28890642523765564
0.2888786792755127
0.28885090351104736
0.2888232469558716
0.2887955605983734
0.2887679934501648
0.2887403070926666
0.28871268033981323
0.288685142993927
0.288657546043396
0.2886299788951874
0.2886025011539459
0.28857505321502686
0.2885476350784302
0.2885201871395111
0.2884927988052368
0.28846538066864014
0.288438081741333
0.2884106934070587
0.2883833348751068
0.28835609555244446
0.2883288264274597
0.288301557302475
0.2882743179798126
0.28824710845947266
0.28821995854377747
0.2881928086280823
0.2881656587123871
0.2881385385990143
0.2881114184856415
0.28808435797691345
0.2880572974681854
0.2880302965641022
0.2880033254623413
0.2879764139652252
0.2879495322704315
0.28792262077331543
0.28789570927619934
0.28786882758140564
0.2878419756889343
0.2878151535987854
0.2877883315086365
0.2877615690231323
0.28773486614227295
0.28770819306373596
0.2876814603805542
0.2876547873020172
0.2876281440258026
0.2876014709472656
0.287574827671051
0.2875482439994812
0.28752171993255615
0.2874951958656311
0.28746867179870605
0.28744208812713623
0.28741562366485596
0.28738921880722046
0.2873626947402954
0.2873363196849823
0.2873099148273468
0.2872835397720337
0.28725719451904297
0.28723084926605225
0.2872046232223511
0.2871783375740051
0.28715211153030396
0.2871258556842804
0.28709959983825684
0.28707340359687805
0.28704723715782166
0.28702107071876526
0.286994993686676
0.2869688868522644
0.2869427800178528
0.2869167625904083
0.2868907153606415
0.286864697933197
0.2868386507034302
0.28681275248527527
0.2867867946624756
0.28676092624664307
0.28673505783081055
0.2867092788219452
0.28668344020843506
0.2866576313972473
0.28663188219070435
0.28660616278648376
0.2865803837776184
0.286554753780365
0.2865291237831116
0.28650352358818054
0.2864779531955719
0.2864523231983185
0.286426842212677
0.2864013612270355
0.2863757908344269
0.2863503098487854
0.2863248586654663
0.28629934787750244
0.2862739562988281
0.2862485647201538
0.2862232029438019
0.2861979007720947
0.2861725389957428
0.2861471474170685
0.28612184524536133
0.28609660267829895
0.2860713601112366
0.2860460877418518
0.2860208749771118
0.2859956622123718
0.28597041964530945
0.28594526648521423
0.285920113325119
0.2858949899673462
0.28586986660957336
0.28584471344947815
0.2858196496963501
0.28579455614089966
0.285769522190094
0.28574448823928833
0.2857193946838379
0.28569433093070984
0.28566935658454895
0.28564444184303284
0.28561943769454956
0.28559449315071106
0.28556960821151733
0.2855446934700012
0.2855197787284851
0.28549498319625854
0.2854701280593872
0.28544533252716064
0.2854205369949341
0.2853957414627075
0.28537094593048096
0.2853461802005768
0.28532153367996216
0.28529679775238037
0.2852720320224762
0.2852475047111511
0.28522276878356934
0.2851981520652771
0.2851734757423401
0.285148948431015
0.28512436151504517
0.2850998640060425
0.28507527709007263
0.28505077958106995
0.2850261926651001
0.2850017249584198
0.28497734665870667
0.2849528193473816
0.2849283218383789
0.28490394353866577
0.28487953543663025
0.2848551571369171
0.28483083844184875
0.284806489944458
0.2847821116447449
0.2847577631473541
0.28473344445228577
0.28470921516418457
0.284684956073761
0.2846606373786926
0.28463637828826904
0.28461211919784546
0.28458791971206665
0.2845636308193207
0.28453949093818665
0.2845153212547302
0.2844911515712738
0.28446701169013977
0.2844427227973938
0.2844187319278717
0.28439462184906006
0.28437045216560364
0.28434649109840393
0.28432250022888184
0.28429847955703735
0.28427454829216003
0.2842505872249603
0.28422659635543823
0.2842027544975281
0.28417888283729553
0.284155011177063
0.28413113951683044
0.2841072678565979
0.28408342599868774
0.2840595841407776
0.28403574228286743
0.28401196002960205
0.28398826718330383
0.28396448493003845
0.28394079208374023
0.2839171290397644
0.2838934063911438
0.28386983275413513
0.2838461399078369
0.28382253646850586
0.28379884362220764
0.283775269985199
0.28375157713890076
0.28372806310653687
0.2837044596672058
0.28368091583251953
0.28365740180015564
0.28363388776779175
0.28361034393310547
0.2835868299007416
0.28356340527534485
0.28353992104530334
0.28351646661758423
0.2834929823875427
0.2834695875644684
0.2834461033344269
0.28342264890670776
0.2833993136882782
0.28337594866752625
0.28335264325141907
0.2833292484283447
0.28330591320991516
0.28328263759613037
0.2832592725753784
0.28323596715927124
0.2832127511501312
0.2831895053386688
0.28316617012023926
0.28314289450645447
0.28311967849731445
0.2830965220928192
0.2830733358860016
0.2830500900745392
0.2830269932746887
0.2830037772655487
0.28298062086105347
0.2829575538635254
0.2829344868659973
0.28291141986846924
0.2828882932662964
0.2828653156757355
0.2828422486782074
0.2828192412853241
0.28279629349708557
0.28277334570884705
0.28275033831596375
0.2827274203300476
0.2827044725418091
0.2826816439628601
0.28265872597694397
0.28263574838638306
0.2826128900051117
0.28258997201919556
0.2825671434402466
0.2825443148612976
0.282521516084671
0.28249871730804443
0.28247588872909546
0.28245308995246887
0.2824302613735199
0.2824075222015381
0.2823847532272339
0.28236204385757446
0.2823393642902374
0.282316654920578
0.28229403495788574
0.2822713553905487
0.28224873542785645
0.28222617506980896
0.2822035849094391
0.2821809649467468
0.2821584641933441
0.2821360230445862
0.2821134924888611
0.282090961933136
0.28206855058670044
0.28204602003097534
0.28202351927757263
0.2820011377334595
0.2819787561893463
0.28195634484291077
0.2819339632987976
0.28191161155700684
0.28188925981521606
0.2818669378757477
0.2818446159362793
0.2818223237991333
0.2818000316619873
0.2817777395248413
0.2817555069923401
0.2817332148551941
0.2817109227180481
0.2816888689994812
0.2816666066646576
0.28164437413215637
0.2816222012042999
0.2816000282764435
0.28157782554626465
0.2815556526184082
0.28153353929519653
0.28151142597198486
0.2814893126487732
0.2814673185348511
0.28144514560699463
0.28142309188842773
0.2814010977745056
0.28137901425361633
0.2813569903373718
0.2813350558280945
0.2813130021095276
0.28129106760025024
0.2812691330909729
0.28124719858169556
0.2812252938747406
0.28120341897010803
0.2811815142631531
0.2811596095561981
0.2811376750469208
0.2811158299446106
0.2810940146446228
0.28107210993766785
0.28105029463768005
0.28102847933769226
0.2810065448284149
0.2809848189353943
0.28096309304237366
0.2809412479400635
0.28091952204704285
0.2808977961540222
0.2808760404586792
0.28085431456565857
0.2808326184749603
0.2808109223842621
0.2807892858982086
0.2807675898075104
0.2807459831237793
0.28072434663772583
0.28070268034935
0.2806810438632965
0.28065937757492065
0.2806377410888672
0.2806161642074585
0.2805945873260498
0.2805730104446411
0.2805514633655548
0.2805299460887909
0.28050848841667175
0.28048694133758545
0.28046542406082153
0.2804439663887024
0.2804224491119385
0.28040099143981934
0.28037959337234497
0.2803581953048706
0.28033673763275146
0.2803153693675995
0.2802940309047699
0.2802727222442627
0.28025126457214355
0.28022992610931396
0.28020861744880676
0.2801872491836548
0.28016597032546997
0.28014475107192993
0.28012338280677795
0.2801021635532379
0.2800809144973755
0.2800596356391907
0.2800382971763611
0.28001710772514343
0.2799958884716034
0.27997469902038574
0.2799535095691681
0.27993232011795044
0.2799111008644104
0.27988988161087036
0.2798687815666199
0.2798476219177246
0.2798265516757965
0.2798054814338684
0.27978426218032837
0.2797633409500122
0.27974236011505127
0.2797212600708008
0.27970027923583984
0.2796792685985565
0.27965831756591797
0.2796373665332794
0.2796165347099304
0.27959564328193665
0.27957475185394287
0.2795538306236267
0.2795330584049225
0.2795122265815735
0.2794914245605469
0.27947062253952026
0.27944985032081604
0.2794291377067566
0.27940842509269714
0.27938762307167053
0.2793668508529663
0.27934616804122925
0.2793254256248474
0.27930477261543274
0.2792840898036957
0.27926352620124817
0.2792428731918335
0.279222309589386
0.2792017459869385
0.2791810631752014
0.2791604995727539
0.27914002537727356
0.27911943197250366
0.2790989279747009
0.2790784537792206
0.2790580093860626
0.2790375053882599
0.27901706099510193
0.27899664640426636
0.27897629141807556
0.2789557874202728
0.27893543243408203
0.27891507744789124
0.27889469265937805
0.2788742780685425
0.2788539528846741
0.27883368730545044
0.2788133919239044
0.27879300713539124
0.2787727415561676
0.2787523865699768
0.27873215079307556
0.2787119448184967
0.278691828250885
0.2786715626716614
0.2786513864994049
0.27863118052482605
0.2786109447479248
0.2785908281803131
0.2785707712173462
0.2785506248474121
0.2785305082798004
0.2785104215145111
0.278490275144577
0.2784702479839325
0.2784501314163208
0.27843013405799866
0.27841007709503174
0.2783900499343872
0.27837008237838745
0.2783500850200653
0.27833008766174316
0.2783101499080658
0.27829015254974365
0.2782701551914215
0.2782503366470337
0.27823036909103394
0.27821046113967896
0.27819058299064636
0.2781706750392914
0.2781508266925812
0.2781308889389038
0.2781111001968384
0.27809131145477295
0.27807146310806274
0.27805161476135254
0.2780318260192871
0.27801206707954407
0.2779923379421234
0.2779724597930908
0.2779527008533478
0.27793294191360474
0.27791324257850647
0.2778935730457306
0.27787381410598755
0.2778541147708893
0.27783438563346863
0.2778148055076599
0.27779507637023926
0.2777754068374634
0.2777557969093323
0.2777361571788788
0.2777164876461029
0.2776968479156494
0.2776772677898407
0.27765771746635437
0.2776380479335785
0.2776184678077698
0.27759894728660583
0.2775793969631195
0.2775597870349884
0.27754029631614685
0.2775207757949829
0.2775012254714966
0.27748167514801025
0.2774622142314911
0.27744272351264954
0.277423232793808
0.2774038016796112
0.27738437056541443
0.2773649990558624
0.2773454785346985
0.27732613682746887
0.27730676531791687
0.2772875130176544
0.2772681415081024
0.2772487699985504
0.27722951769828796
0.2772102355957031
0.2771908640861511
0.2771715819835663
0.27715232968330383
0.2771330773830414
0.2771139144897461
0.27709463238716125
0.2770753800868988
0.2770562171936035
0.27703699469566345
0.27701786160469055
0.27699875831604004
0.27697956562042236
0.27696043252944946
0.2769412696361542
0.27692222595214844
0.2769031524658203
0.2768840491771698
0.2768649458885193
0.27684593200683594
0.276826947927475
0.27680784463882446
0.2767888009548187
0.276769757270813
0.276750773191452
0.2767317295074463
0.27671271562576294
0.276693731546402
0.276674747467041
0.27665582299232483
0.27663689851760864
0.27661794424057007
0.2765990197658539
0.2765800952911377
0.2765611410140991
0.2765423059463501
0.2765234112739563
0.2765045166015625
0.2764856517314911
0.2764667868614197
0.27644792199134827
0.276429146528244
0.276410311460495
0.27639147639274597
0.27637267112731934
0.2763538360595703
0.27633506059646606
0.2763163149356842
0.27629753947257996
0.2762788236141205
0.27626004815101624
0.2762413024902344
0.2762225866317749
0.27620384097099304
0.27618512511253357
0.2761663794517517
0.2761476933956146
0.27612900733947754
0.27611029148101807
0.27609163522720337
0.27607297897338867
0.276054322719574
0.27603572607040405
0.2760169804096222
0.27599841356277466
0.2759798467159271
0.2759611904621124
0.2759426534175873
0.2759241461753845
0.2759055197238922
0.2758869528770447
0.2758684754371643
0.2758499085903168
0.2758313715457916
0.27581289410591125
0.2757943570613861
0.2757759094238281
0.27575749158859253
0.27573898434638977
0.2757205665111542
0.2757020890712738
0.275683730840683
0.2756652235984802
0.2756468653678894
0.2756285071372986
0.2756101191043854
0.27559173107147217
0.2755734324455261
0.2755550742149353
0.27553674578666687
0.27551841735839844
0.27550008893013
0.2754817605018616
0.2754634618759155
0.27544519305229187
0.275426983833313
0.27540868520736694
0.2753904163837433
0.275372177362442
0.27535396814346313
0.2753356993198395
0.2753174602985382
0.2752992808818817
0.27528107166290283
0.2752629220485687
0.2752447724342346
0.27522653341293335
0.27520838379859924
0.2751903235912323
0.2751722037792206
0.27515411376953125
0.27513593435287476
0.2751178443431854
0.27509981393814087
0.2750817537307739
0.2750636637210846
0.2750456929206848
0.27502763271331787
0.2750095725059509
0.274991512298584
0.2749735713005066
0.27495551109313965
0.27493754029273987
0.27491965889930725
0.27490168809890747
0.2748837172985077
0.2748658359050751
0.27484792470932007
0.27483001351356506
0.27481216192245483
0.2747942805290222
0.2747763991355896
0.27475857734680176
0.27474069595336914
0.27472296357154846
0.2747051417827606
0.2746873199939728
0.2746694087982178
0.2746516764163971
0.2746339440345764
0.2746161222457886
0.2745983898639679
0.27458062767982483
0.27456292510032654
0.27454519271850586
0.2745274603366852
0.2745096981525421
0.27449193596839905
0.27447426319122314
0.27445659041404724
0.27443891763687134
0.27442124485969543
0.2744036614894867
0.2743860185146332
0.27436840534210205
0.27435076236724854
0.2743331789970398
0.27431559562683105
0.2742980420589447
0.2742804288864136
0.2742629051208496
0.27424532175064087
0.27422770857810974
0.27421024441719055
0.274192750453949
0.274175226688385
0.27415773272514343
0.27414026856422424
0.27412283420562744
0.2741052210330963
0.2740877866744995
0.2740704417228699
0.2740529775619507
0.27403557300567627
0.27401813864707947
0.27400070428848267
0.2739832103252411
0.27396589517593384
0.2739485204219818
0.2739311456680298
0.27391374111175537
0.2738964557647705
0.27387911081314087
0.273861825466156
0.27384448051452637
0.2738272249698639
0.27380990982055664
0.27379265427589417
0.2737753093242645
0.2737581133842468
0.2737409472465515
0.27372366189956665
0.27370646595954895
0.273689329624176
0.27367207407951355
0.273654967546463
0.2736377418041229
0.2736206352710724
0.2736034691333771
0.27358636260032654
0.2735692262649536
0.27355214953422546
0.27353501319885254
0.2735179364681244
0.27350082993507385
0.2734836935997009
0.2734666168689728
0.273449569940567
0.2734324634075165
0.2734154164791107
0.2733982801437378
0.27338120341300964
0.2733641564846039
0.2733471691608429
0.27333012223243713
0.27331310510635376
0.2732961177825928
0.2732791006565094
0.27326205372810364
0.27324506640434265
0.27322807908058167
0.27321112155914307
0.27319419384002686
0.2731773555278778
0.2731604278087616
0.2731435298919678
0.27312663197517395
0.27310967445373535
0.27309274673461914
0.2730759382247925
0.27305904030799866
0.2730422616004944
0.27302542328834534
0.2730086147785187
0.27299174666404724
0.2729749083518982
0.2729581594467163
0.27294132113456726
0.272924542427063
0.2729078233242035
0.27289101481437683
0.27287423610687256
0.2728574275970459
0.2728407382965088
0.2728239595890045
0.27280718088150024
0.27279049158096313
0.27277377247810364
0.27275702357292175
0.27274036407470703
0.27272358536720276
0.2727069854736328
0.2726902961730957
0.272673636674881
0.27265700697898865
0.27264031767845154
0.27262380719184875
0.2726072072982788
0.2725905478000641
0.2725740373134613
0.27255740761756897
0.2725408971309662
0.27252426743507385
0.2725076973438263
0.2724911868572235
0.27247464656829834
0.27245813608169556
0.2724415957927704
0.2724251449108124
0.2724086344242096
0.2723921835422516
0.2723756730556488
0.2723592519760132
0.2723428010940552
0.27232643961906433
0.2723101079463959
0.27229371666908264
0.272277295589447
0.27226096391677856
0.27224454283714294
0.2722281813621521
0.27221184968948364
0.2721955180168152
0.2721792161464691
0.27216285467147827
0.2721465229988098
0.2721302807331085
0.27211400866508484
0.27209770679473877
0.2720814049243927
0.27206510305404663
0.2720488905906677
0.27203261852264404
0.272016316652298
0.2720000445842743
0.2719837427139282
0.27196750044822693
0.2719513177871704
0.27193498611450195
0.27191874384880066
0.27190256118774414
0.27188631892204285
0.2718700170516968
0.27185386419296265
0.27183762192726135
0.27182143926620483
0.27180519700050354
0.2717891037464142
0.27177292108535767
0.27175673842430115
0.271740585565567
0.2717244625091553
0.27170833945274353
0.271692156791687
0.27167609333992004
0.2716599702835083
0.27164390683174133
0.271627813577652
0.27161169052124023
0.27159562706947327
0.2715795636177063
0.2715635299682617
0.27154749631881714
0.2715314030647278
0.27151528000831604
0.2714993357658386
0.27148333191871643
0.27146732807159424
0.27145135402679443
0.27143537998199463
0.2714194059371948
0.271403431892395
0.2713874876499176
0.2713714838027954
0.271355539560318
0.27133965492248535
0.2713237702846527
0.27130788564682007
0.2712920606136322
0.27127620577812195
0.2712603509426117
0.27124452590942383
0.2712286710739136
0.27121296525001526
0.2711970806121826
0.2711813747882843
0.27116554975509644
0.27114981412887573
