# adam, lr=0.01, alpha = 1000000, beta = 0.1
# best_iter: 2997, best_loss = 0.10620370507240295, imsave period = 300
13.27829647064209
8.568014144897461
6.4964447021484375
5.330995082855225
4.611448287963867
4.114223480224609
3.7356462478637695
3.4289824962615967
3.1685314178466797
2.939155340194702
2.732052803039551
2.5424084663391113
2.368150234222412
2.2085859775543213
2.062493085861206
1.9286667108535767
1.8064384460449219
1.6947370767593384
1.5927859544754028
1.4998494386672974
1.4149954319000244
1.337523341178894
1.266789436340332
1.2020188570022583
1.1425238847732544
1.0878247022628784
1.0374939441680908
0.9911054968833923
0.948175847530365
0.9084097743034363
0.871549665927887
0.8373828530311584
0.8057011365890503
0.776255190372467
0.7488385438919067
0.7233468294143677
0.6995239853858948
0.6772404909133911
0.6564043760299683
0.6369456052780151
0.6187244653701782
0.6016608476638794
0.5856755971908569
0.5706816911697388
0.5566211938858032
0.5434389114379883
0.5310545563697815
0.5194082260131836
0.5084287524223328
0.49808573722839355
0.4883279800415039
0.4791182279586792
0.4704118072986603
0.46215903759002686
0.45432722568511963
0.44688257575035095
0.4397963583469391
0.4330536127090454
0.4266371726989746
0.42051970958709717
0.4146893620491028
0.40913060307502747
0.4038050174713135
0.3987134099006653
0.3938438892364502
0.3891564607620239
0.3846513032913208
0.3803250193595886
0.3761647641658783
0.372158408164978
0.3682975769042969
0.36457282304763794
0.36097627878189087
0.3575034439563751
0.3541482090950012
0.3509041965007782
0.34776443243026733
0.34471869468688965
0.34177279472351074
0.338911771774292
0.33612948656082153
0.3334277868270874
0.33080512285232544
0.32825279235839844
0.3257709741592407
0.32335638999938965
0.321005642414093
0.3187120258808136
0.3164764940738678
0.3142940402030945
0.3121662139892578
0.31008732318878174
0.3080563247203827
0.3060692548751831
0.3041236698627472
0.30222469568252563
0.30036279559135437
0.29853835701942444
0.2967512607574463
0.2949974536895752
0.2932780086994171
0.29159414768218994
0.28994429111480713
0.28832438588142395
0.28673556447029114
0.28517773747444153
0.2836458683013916
0.2821374237537384
0.2806565761566162
0.27920228242874146
0.27776971459388733
0.2763638496398926
0.27498024702072144
0.2736189365386963
0.2722794711589813
0.2709607481956482
0.2696611285209656
0.2683810293674469
0.267117440700531
0.26587530970573425
0.26464948058128357
0.2634424567222595
0.2622492015361786
0.2610742151737213
0.25991684198379517
0.25877416133880615
0.25764647126197815
0.25653356313705444
0.2554337680339813
0.2543480694293976
0.25327596068382263
0.2522163987159729
0.25116950273513794
0.2501370310783386
0.2491157501935959
0.24810698628425598
0.24710887670516968
0.2461230605840683
0.2451476752758026
0.24418306350708008
0.24323061108589172
0.24228975176811218
0.2413584142923355
0.24043577909469604
0.23952427506446838
0.2386220097541809
0.23773083090782166
0.2368478924036026
0.23597323894500732
0.23510795831680298
0.23425176739692688
0.2334047257900238
0.23256397247314453
0.23173195123672485
0.23090842366218567
0.2300940454006195
0.22928792238235474
0.22848880290985107
0.22769692540168762
0.22691203653812408
0.22613447904586792
0.22536203265190125
0.2245987355709076
0.22384172677993774
0.22309169173240662
0.22234846651554108
0.2216125726699829
0.22088216245174408
0.22015878558158875
0.21944132447242737
0.2187310755252838
0.2180257886648178
0.21732723712921143
0.21663308143615723
0.2159438580274582
0.2152612805366516
0.21458497643470764
0.21391303837299347
0.21324796974658966
0.2125871479511261
0.21193259954452515
0.2112831175327301
0.21063998341560364
0.21000094711780548
0.20936687290668488
0.2087382674217224
0.20811399817466736
0.2074946165084839
0.20688101649284363
0.20627079904079437
0.20566493272781372
0.20506390929222107
0.20446789264678955
0.20387601852416992
0.2032892107963562
0.20270657539367676
0.20212724804878235
0.20155221223831177
0.20098143815994263
0.2004166543483734
0.19985446333885193
0.19929686188697815
0.19874417781829834
0.1981954574584961
0.19765055179595947
0.19710972905158997
0.19657301902770996
0.19604046642780304
0.19551193714141846
0.19498759508132935
0.19446606934070587
0.19394859671592712
0.19343449175357819
0.1929251253604889
0.19241821765899658
0.19191524386405945
0.1914157271385193
0.1909196376800537
0.19042706489562988
0.18993781507015228
0.1894519180059433
0.1889699399471283
0.18849122524261475
0.18801656365394592
0.18754394352436066
0.18707497417926788
0.18660929799079895
0.18614698946475983
0.18568751215934753
0.1852310597896576
0.18477779626846313
0.1843278855085373
0.18388104438781738
0.1834375560283661
0.18299654126167297
0.1825588494539261
0.18212327361106873
0.18169157207012177
0.18126180768013
0.1808355152606964
0.18041180074214935
0.1799912452697754
0.1795726716518402
0.17915776371955872
0.17874491214752197
0.17833492159843445
0.1779271364212036
0.17752328515052795
0.17712140083312988
0.1767214983701706
0.17632469534873962
0.17593002319335938
0.1755380928516388
0.17514808475971222
0.1747615933418274
0.17437750101089478
0.17399632930755615
0.17361751198768616
0.17324107885360718
0.17286698520183563
0.17249542474746704
0.17212587594985962
0.17175868153572083
0.17139428853988647
0.17103247344493866
0.17067267000675201
0.17031505703926086
0.16995996236801147
0.16960714757442474
0.16925692558288574
0.1689082682132721
0.1685614287853241
0.1682174801826477
0.16787570714950562
0.16753621399402618
0.16719874739646912
0.1668633222579956
0.1665303111076355
0.16619911789894104
0.16587072610855103
0.1655445247888565
0.1652204841375351
0.16489890217781067
0.16457879543304443
0.16426056623458862
0.16394519805908203
0.16363172233104706
0.16331949830055237
0.1630096435546875
0.16270141303539276
0.1623953878879547
0.16209107637405396
0.1617887020111084
0.1614883542060852
0.1611892133951187
0.1608927845954895
0.1605980545282364
0.16030491888523102
0.1600141078233719
0.1597241461277008
0.15943671762943268
0.159150630235672
0.15886670351028442
0.1585845649242401
0.15830408036708832
0.1580258160829544
0.15774884819984436
0.157474085688591
0.15720072388648987
0.15692943334579468
0.15665951371192932
0.15639114379882812
0.15612459182739258
0.1558595895767212
0.15559661388397217
0.15533502399921417
0.15507544577121735
0.15481744706630707
0.15456049144268036
0.15430542826652527
0.15405210852622986
0.1538005918264389
0.15355080366134644
0.15330201387405396
0.15305480360984802
0.15280935168266296
0.15256597101688385
0.15232323110103607
0.15208253264427185
0.1518433392047882
0.15160517394542694
0.15136873722076416
0.15113404393196106
0.15090078115463257
0.15066860616207123
0.15043756365776062
0.15020838379859924
0.14998051524162292
0.14975406229496002
0.14952903985977173
0.1493050456047058
0.14908277988433838
0.14886131882667542
0.1486416757106781
0.148423433303833
0.14820632338523865
0.14799077808856964
0.14777633547782898
0.14756333827972412
0.14735138416290283
0.1471405029296875
0.1469314694404602
0.14672309160232544
0.14651694893836975
0.1463112235069275
0.14610713720321655
0.1459043025970459
0.14570355415344238
0.14550308883190155
0.1453041285276413
0.1451067477464676
0.14491045475006104
0.1447151005268097
0.14452138543128967
0.14432764053344727
0.14413651823997498
0.14394542574882507
0.1437559574842453
0.14356759190559387
0.14338095486164093
0.14319443702697754
0.14301012456417084
0.14282603561878204
0.1426435112953186
0.142461895942688
0.14228187501430511
0.14210259914398193
0.14192426204681396
0.14174744486808777
0.14157137274742126
0.14139671623706818
0.14122287929058075
0.14105044305324554
0.1408787965774536
0.14070843160152435
0.14053896069526672
0.14037099480628967
0.14020341634750366
0.1400383710861206
0.13987378776073456
0.13971015810966492
0.13954631984233856
0.13938480615615845
0.13922272622585297
0.13906262814998627
0.13890258967876434
0.13874395191669464
0.13858604431152344
0.1384296417236328
0.13827355206012726
0.1381191611289978
0.13796526193618774
0.1378125697374344
0.13766109943389893
0.13750994205474854
0.13736003637313843
0.1372116059064865
0.13706354796886444
0.13691765069961548
0.1367710828781128
0.1366274207830429
0.13648371398448944
0.13634178042411804
0.1361987292766571
0.13605928421020508
0.13591715693473816
0.13577832281589508
0.1356377750635147
0.1355004906654358
0.1353616714477539
0.13522572815418243
0.13508886098861694
0.13495559990406036
0.13482123613357544
0.1346893310546875
0.1345565915107727
0.13442669808864594
0.1342955380678177
0.13416722416877747
0.13403770327568054
0.1339118629693985
0.13378389179706573
0.1336594969034195
0.13353155553340912
0.13340775668621063
0.13328087329864502
0.13315731287002563
0.13303214311599731
0.13291016221046448
0.13278797268867493
0.13266855478286743
0.13254889845848083
0.13243213295936584
0.13231512904167175
0.13220161199569702
0.1320846974849701
0.13197189569473267
0.13185393810272217
0.1317388415336609
0.13162079453468323
0.13150641322135925
0.1313907653093338
0.1312786489725113
0.13116547465324402
0.13105511665344238
0.13094468414783478
0.13083751499652863
0.13073071837425232
0.1306292712688446
0.13052578270435333
0.13042709231376648
0.13031795620918274
0.13021086156368256
0.13009721040725708
0.12998951971530914
0.12988229095935822
0.1297782063484192
0.12967586517333984
0.1295747607946396
0.12947717308998108
0.12938037514686584
0.12929032742977142
0.12919631600379944
0.12910334765911102
0.12899652123451233
0.12889450788497925
0.12878790497779846
0.12868894636631012
0.1285923570394516
0.12849688529968262
0.12840592861175537
0.12831591069698334
0.12823379039764404
0.12814457714557648
0.1280602216720581
0.12796087563037872
0.1278645247220993
0.12776243686676025
0.12766923010349274
0.12757660448551178
0.12748703360557556
0.12740088999271393
0.12731583416461945
0.12723824381828308
0.12715882062911987
0.1270843893289566
0.12699393928050995
0.1269056349992752
0.1268056333065033
0.12671500444412231
0.12662649154663086
0.12654200196266174
0.12646101415157318
0.12638159096240997
0.12630921602249146
0.12623664736747742
0.12617184221744537
0.12609535455703735
0.1260172575712204
0.12591880559921265
0.1258273869752884
0.125738263130188
0.12566006183624268
0.1255873143672943
0.12551717460155487
0.1254540979862213
0.12538468837738037
0.125316321849823
0.12523014843463898
0.1251453012228012
0.12505479156970978
0.12497597187757492
0.1248994767665863
0.12482596188783646
0.12476029247045517
0.12469692528247833
0.12464508414268494
0.12458737194538116
0.12452955543994904
0.12444154918193817
0.12435552477836609
0.124263696372509
0.12419047951698303
0.12412618100643158
0.12406644225120544
0.12401782721281052
0.12396111339330673
0.12390132248401642
0.12381783872842789
0.12373635917901993
0.1236511617898941
0.12358113378286362
0.12351761758327484
0.12345823645591736
0.1234094649553299
0.12335952371358871
0.1233149915933609
0.12324851006269455
0.12317469716072083
0.12308497726917267
0.12300984561443329
0.12294425815343857
0.12288840115070343
0.12284363061189651
0.1227993369102478
0.12276367098093033
0.12270374596118927
0.12263768911361694
0.12254564464092255
0.12247032672166824
0.12240441888570786
0.1223502829670906
0.12230686098337173
0.12226421386003494
0.12222903966903687
0.12217509746551514
0.12211330980062485
0.12202733010053635
0.12195411324501038
0.12188801169395447
0.1218341588973999
0.12178973853588104
0.12174885720014572
0.1217205822467804
0.12168227881193161
0.1216413751244545
0.12156420946121216
0.12148686498403549
0.1214073896408081
0.12135029584169388
0.12130582332611084
0.12126487493515015
0.12123822420835495
0.12120060622692108
0.12116187810897827
0.12108825147151947
0.12101681530475616
0.12094144523143768
0.12088552117347717
0.12083659321069717
0.12079470604658127
0.12076542526483536
0.12073719501495361
0.1207195371389389
0.12067291140556335
0.12061259150505066
0.12052205204963684
0.12045423686504364
0.12040024995803833
0.12036212533712387
0.12033840268850327
0.12031535804271698
0.12029852718114853
0.12024802714586258
0.12018461525440216
0.12009654939174652
0.12003431469202042
0.11998625099658966
0.11995123326778412
0.11993138492107391
0.11990903317928314
0.11989186704158783
0.11984064429998398
0.11977935582399368
0.11969612538814545
0.11963561922311783
0.11958836764097214
0.11955225467681885
0.11953204870223999
0.11951407045125961
0.11950791627168655
0.11947276443243027
0.11941924691200256
0.11933007836341858
0.11926208436489105
0.11921435594558716
0.11918586492538452
0.11917316168546677
0.11915464699268341
0.11914227902889252
0.11909220367670059
0.11903125047683716
0.11894948780536652
0.11889294534921646
0.11885205656290054
0.11882460117340088
0.11881440132856369
0.11880319565534592
0.11880109459161758
0.1187615767121315
0.11870402097702026
0.11861298233270645
0.11855251342058182
0.11851397156715393
0.11849015206098557
0.11848638951778412
0.11847946047782898
0.118474081158638
0.1184273362159729
0.118363156914711
0.11827416718006134
0.11822152882814407
0.11819060891866684
0.11817309260368347
0.11817403137683868
0.11816653609275818
0.11815197765827179
0.11809004098176956
0.11802217364311218
0.11794587969779968
0.11790245026350021
0.11787485331296921
0.1178576871752739
0.11786222457885742
0.11786267906427383
0.11786496639251709
0.11781896650791168
0.1177530288696289
0.11765861511230469
0.11760848015546799
0.11758504062891006
0.11757761985063553
0.11758939176797867
0.11758609116077423
0.11756753921508789
0.11749570816755295
0.11742320656776428
0.11735406517982483
0.11732100695371628
0.11730794608592987
0.11730080842971802
0.11731119453907013
0.11730080097913742
0.1172807365655899
0.1172100305557251
0.11713956296443939
0.11707355827093124
0.11704140901565552
0.11702866107225418
0.11702586710453033
0.11703939735889435
0.11704075336456299
0.11703372746706009
0.11697009205818176
0.11689458787441254
0.11681617796421051
0.11678235232830048
0.11677083373069763
0.1167694479227066
0.11678917706012726
0.11679136008024216
0.116782546043396
0.11671272665262222
0.11663451045751572
0.11656076461076736
0.11653351038694382
0.11652877926826477
0.11653576046228409
0.11656013131141663
0.11655867844820023
0.11653511226177216
0.1164507120847702
0.11637406796216965
0.11631752550601959
0.11630124598741531
0.116309754550457
0.11632601171731949
0.11635791510343552
0.11635192483663559
0.11631476134061813
0.11621350795030594
0.11613661795854568
0.11609818786382675
0.11609820276498795
0.11612165719270706
0.11613409966230392
0.11613859236240387
0.11608750373125076
0.1160161942243576
0.11593229323625565
0.1158950999379158
0.11588211357593536
0.11588581651449203
0.11591731011867523
0.11594638228416443
0.1159747838973999
0.11592985689640045
0.11584440618753433
0.11573442816734314
0.1156996637582779
0.1157122552394867
0.11573383212089539
0.11576025187969208
0.11574463546276093
0.11569783091545105
0.11560270190238953
0.11554157733917236
0.11550785601139069
0.11550170183181763
0.1155233383178711
0.11555321514606476
0.11559707671403885
0.11559678614139557
0.11554650217294693
0.11542850732803345
0.1153557300567627
0.11533606052398682
0.1153523325920105
0.11539211869239807
0.11540976911783218
0.11540014296770096
0.11532119661569595
0.11523991078138351
0.11517424136400223
0.11516004800796509
0.11517919600009918
0.11521576344966888
0.11527781188488007
0.11530107259750366
0.1152675598859787
0.11514557152986526
0.11504819989204407
0.1150158941745758
0.11504139751195908
0.11509084701538086
0.1151125356554985
0.11509392410516739
0.11499986797571182
0.11491681635379791
0.11486200988292694
0.11485912650823593
0.11488723754882812
0.11492815613746643
0.11499172449111938
0.1150076687335968
0.11496101319789886
0.11482879519462585
0.11474122107028961
0.11472239345312119
0.11475352942943573
0.11480116844177246
0.11481508612632751
0.11479195207357407
0.11469937860965729
0.11462423205375671
0.11457163095474243
0.11456254869699478
0.11458620429039001
0.11462421715259552
0.1146927922964096
0.11473017930984497
0.1147148460149765
0.1145959198474884
0.1144830733537674
0.11443760246038437
0.11446525156497955
0.11452149599790573
0.11454731971025467
0.1145382896065712
0.1144518107175827
0.11436673998832703
0.11430313438177109
0.11429573595523834
0.11432008445262909
0.11436285823583603
0.114438995718956
0.11448220163583755
0.11445939540863037
0.11432967334985733
0.1142183244228363
0.1141817569732666
0.11421798914670944
0.11427882313728333
0.11431239545345306
0.11429896205663681
0.114200659096241
0.11410960555076599
0.11405138671398163
0.11405632644891739
0.11409057676792145
0.11414161324501038
0.11421412229537964
0.11422736942768097
0.1141744926571846
0.11404132843017578
0.11395366489887238
0.11393919587135315
0.11397522687911987
0.11403513699769974
0.11406783759593964
0.11406496167182922
0.11397916078567505
0.11388847231864929
0.11381487548351288
0.11380662769079208
0.11383339017629623
0.11387936770915985
0.1139611005783081
0.11401306837797165
0.11401538550853729
0.11389981955289841
0.1137724369764328
0.11370471119880676
0.1137327328324318
0.11379817128181458
0.11384815722703934
0.11386636644601822
0.1137911006808281
0.11369522660970688
0.11360526829957962
0.11358799040317535
0.11361438035964966
0.11366049945354462
0.11373806744813919
0.11379190534353256
0.11379814893007278
0.11369646340608597
0.11356915533542633
0.11348906904459
0.11350713670253754
0.1135721206665039
0.11362513899803162
0.11365411430597305
0.11359679698944092
0.11350391805171967
0.11340033262968063
0.11337292194366455
0.11339038610458374
0.11343278735876083
0.11350923776626587
0.11357860267162323
0.1136142760515213
0.11353062093257904
0.11339426785707474
0.11328908801078796
0.11329955607652664
0.11336313933134079
0.11342239379882812
0.1134597510099411
0.1134059950709343
0.11331178992986679
0.11320669949054718
0.11317725479602814
0.1131935641169548
0.11323307454586029
0.11331728845834732
0.11339987814426422
0.1134548932313919
0.11338905990123749
0.11324509978294373
0.11311115324497223
0.11311117559671402
0.11318248510360718
0.11325301975011826
0.11330173164606094
0.11325578391551971
0.11316022276878357
0.1130378395318985
0.11300162971019745
0.11302141100168228
0.1130710244178772
0.11316634714603424
0.11325887590646744
0.11331286281347275
0.11322711408138275
0.1130680963397026
0.11294098198413849
0.1129605621099472
0.11304430663585663
0.11311085522174835
0.11313923448324203
0.11305896937847137
0.11295294761657715
0.11285719275474548
0.11283830553293228
0.11286449432373047
0.11291439086198807
0.11300402134656906
0.11309224367141724
0.11313370615243912
0.11304020881652832
0.11288774013519287
0.11277060210704803
0.11278828978538513
0.11287019401788712
0.11294513940811157
0.11299265176057816
0.11294323951005936
0.11283271014690399
0.11270827054977417
0.11267980933189392
0.11271003633737564
0.11276768893003464
0.11286023259162903
0.11293764412403107
0.11296551674604416
0.11286192387342453
0.11271783709526062
0.11261263489723206
0.11262939870357513
0.11270751059055328
0.11278541386127472
0.11284736543893814
0.11280940473079681
0.11270207166671753
0.11256550997495651
0.11252353340387344
0.11254599690437317
0.11259939521551132
0.11269115656614304
0.11278095841407776
0.11283521354198456
0.11276097595691681
0.11260996013879776
0.11247040331363678
0.11247245967388153
0.1125556156039238
0.11264388263225555
0.11271635442972183
0.11269298195838928
0.11259260028600693
0.1124383956193924
0.11238518357276917
0.11240892857313156
0.11247609555721283
0.11258501559495926
0.11269554495811462
0.11275448650121689
0.11265794932842255
0.11247602105140686
0.11233559250831604
0.1123686134815216
0.11247532814741135
0.11256225407123566
0.11260490864515305
0.11252513527870178
0.11239343881607056
0.11227228492498398
0.11226242035627365
0.1123172789812088
0.11240097880363464
0.11252525448799133
0.1126234233379364
0.11262448877096176
0.11245578527450562
0.11227895319461823
0.11221849173307419
0.11229400336742401
0.11240479350090027
0.1124691367149353
0.11246182024478912
0.1123228669166565
0.11219292879104614
0.11213157325983047
0.11215968430042267
0.1122458428144455
0.1123489961028099
0.11245521157979965
0.1124798133969307
0.11237750947475433
0.11217387020587921
0.11208401620388031
0.11211423575878143
0.11220501363277435
0.11231213808059692
0.11236675083637238
0.11233508586883545
0.1121736541390419
0.11205536127090454
0.11200542747974396
0.11204148083925247
0.1121336966753006
0.11224041134119034
0.11234840750694275
0.11237593740224838
0.11226452142000198
0.11205188184976578
0.11196066439151764
0.11200541257858276
0.11210975050926208
0.11220891028642654
0.11223146319389343
0.11216291040182114
0.11199551075696945
0.11190016567707062
0.11188772320747375
0.11193820834159851
0.11204218119382858
0.11216434091329575
0.11227692663669586
0.11227257549762726
0.11213914304971695
0.11191728711128235
0.11184825748205185
0.1119140237569809
0.11202035844326019
0.11211240291595459
0.11210860311985016
0.1120162382721901
0.11185011267662048
0.11178075522184372
0.11177307367324829
0.11181528866291046
0.11191535741090775
0.11204700917005539
0.1121954470872879
0.1122426688671112
0.11209169775247574
0.11182577162981033
0.11174769699573517
0.11183849722146988
0.11196808516979218
0.11206260323524475
0.1120327040553093
0.11189882457256317
0.11171969771385193
0.11167462915182114
0.11171557009220123
0.1117924377322197
0.1119215115904808
0.11204919964075089
0.11210710555315018
0.11200976371765137
0.11181256175041199
0.11164264380931854
0.11166303604841232
0.11178018152713776
0.11189282685518265
0.11196155846118927
0.1119072437286377
0.1117621660232544
0.11159440875053406
0.11156508326530457
0.11161249876022339
0.1117011159658432
0.111844003200531
0.11198004335165024
0.11202282458543777
0.11189066618680954
0.11167334020137787
0.11153136193752289
0.11158639937639236
0.1117246076464653
0.11184090375900269
0.11190900206565857
0.11182405799627304
0.11165483295917511
0.11148881167173386
0.11148028075695038
0.11156004667282104
0.11166729032993317
0.11180975288152695
0.11191767454147339
0.11188651621341705
0.11167106032371521
0.1114962175488472
0.11144856363534927
0.11152848601341248
0.11166424304246902
0.11177056282758713
0.1117943674325943
0.11165928095579147
0.11149568855762482
0.1113773062825203
0.11138942092657089
0.11147953569889069
0.11160356551408768
0.11176233738660812
0.11187707632780075
0.11182183772325516
0.11157217621803284
0.11137935519218445
0.11138470470905304
0.11150690913200378
0.11163100600242615
0.11168081313371658
0.11161403357982635
0.11141522973775864
0.11131063103675842
0.11128679662942886
0.11131654679775238
0.11142046004533768
0.11157535761594772
0.11174309253692627
0.11184458434581757
0.11173686385154724
0.11143529415130615
0.11128319054841995
0.11134446412324905
0.11150184273719788
0.11162254214286804
0.11161218583583832
0.1115022525191307
0.11129090189933777
0.11121100932359695
0.1112314760684967
0.11130394786596298
0.11143159866333008
0.11158783733844757
0.1117176041007042
0.11168664693832397
0.11149843037128448
0.11125285923480988
0.11119347810745239
0.11128874123096466
0.11143217235803604
0.11155322939157486
0.11158312857151031
0.11150883883237839
0.11128134280443192
0.11115060746669769
0.11115419119596481
0.11123761534690857
0.11136530339717865
0.11149368435144424
0.11158891022205353
0.11151828616857529
0.11131235957145691
0.1111086830496788
0.11110176891088486
0.1111888661980629
0.11131013929843903
0.11143169552087784
0.11145208775997162
0.11136281490325928
0.1111687570810318
0.11105048656463623
0.11101622879505157
0.11107467114925385
0.11121566593647003
0.111397385597229
0.11158856749534607
0.11166387796401978
0.11145689338445663
0.11111005395650864
0.11103400588035583
0.11116595566272736
0.11133300513029099
0.11144846677780151
0.11140649765729904
0.11121369898319244
0.11100264638662338
0.11097382009029388
0.11103826761245728
0.11114557832479477
0.11131607741117477
0.11146456748247147
0.11147791147232056
0.11130185425281525
0.11107520014047623
0.11093694716691971
0.11099406331777573
0.11115892231464386
0.11130855977535248
0.1113845631480217
0.11128950864076614
0.11109384149312973
0.11089292913675308
0.11089275777339935
0.11100823432207108
0.11114765703678131
0.11132578551769257
0.11145751178264618
0.11138606071472168
0.11109711974859238
0.11090786755084991
0.11091016232967377
0.11101419478654861
0.11115597933530807
0.11125469207763672
0.11123736202716827
0.11104991286993027
0.1109079122543335
0.11081761866807938
0.11080917716026306
0.11089130491018295
0.11102507263422012
0.1112070381641388
0.11140337586402893
0.11146751046180725
0.11128934472799301
0.11096756905317307
0.11081402003765106
0.11094534397125244
0.11111772060394287
0.11121007800102234
0.1112099438905716
0.11101911962032318
0.11081869900226593
0.11075293272733688
0.11080538481473923
0.11088738590478897
0.11102721095085144
0.11122696101665497
0.11134574562311172
0.11128786206245422
0.11105883121490479
0.11082948744297028
0.11075067520141602
0.11088075488805771
0.11105315387248993
0.11118020862340927
0.11122319102287292
0.11106671392917633
0.11083953082561493
0.11068470031023026
0.11073138564825058
0.11082767695188522
0.11095380038022995
0.11120150983333588
0.1114412322640419
0.11139582097530365
0.11110188812017441
0.11083842068910599
0.11074846237897873
0.11090177297592163
0.11111363023519516
0.11117376387119293
0.11108536273241043
0.11085977405309677
0.11071058362722397
0.11064163595438004
0.11070214956998825
0.11085186898708344
0.1110491007566452
0.11128930002450943
0.11147665232419968
0.11131662875413895
0.11086632311344147
0.11070536077022552
0.11080958694219589
0.11098819971084595
0.11117814481258392
0.11120688915252686
0.11098772287368774
0.11068984866142273
0.11064648628234863
0.11068601906299591
0.11075923591852188
0.11094684898853302
0.11112456023693085
0.11118285357952118
0.11106670647859573
0.11086871474981308
0.11061152070760727
0.11056692898273468
0.1107192188501358
0.11088010668754578
0.11101649701595306
0.11112356185913086
0.1110590323805809
0.1107286885380745
0.11056044697761536
0.11056973040103912
0.11062287539243698
0.11078228801488876
0.11102107912302017
0.11118455976247787
0.11116883158683777
0.11094755679368973
0.11064036190509796
0.1105252057313919
0.11062092334032059
0.11080051213502884
0.11094099283218384
0.11097569763660431
0.11091243475675583
0.11066720634698868
0.11048741638660431
0.11044708639383316
0.11050495505332947
0.11059856414794922
0.11076029390096664
0.1110001653432846
0.11118493974208832
0.11114145070314407
0.11084318161010742
0.11056473851203918
0.11048179864883423
0.1106342226266861
0.11081817746162415
0.11092612892389297
0.11089470982551575
0.11070578545331955
0.11052579432725906
0.11037292331457138
0.11038723587989807
0.11045560240745544
0.110537588596344
0.11074481904506683
0.11102660745382309
0.11122779548168182
0.11120731383562088
0.11082951724529266
0.11045853793621063
0.1104859709739685
0.11071372777223587
0.11091636121273041
0.11096736788749695
0.11074338853359222
0.11055544018745422
0.11039060354232788
0.11036352813243866
0.11046924442052841
0.11063641309738159
0.11083605885505676
0.11108775436878204
0.1111735999584198
0.11086249351501465
0.11052126437425613
0.11038568615913391
0.11048338562250137
0.1106543093919754
0.11081387102603912
0.11089970171451569
0.11079521477222443
0.11056932806968689
0.11034996062517166
0.11030125617980957
0.11030265688896179
0.11040832102298737
0.11061426252126694
0.11082278192043304
0.11106471717357635
0.11115100979804993
0.1107851043343544
0.11033470928668976
0.11033520102500916
0.11049889773130417
0.11063563823699951
0.11076508462429047
0.11073723435401917
0.11054827272891998
0.1102827787399292
0.11026861518621445
0.11023952066898346
0.1102091446518898
0.11035020649433136
0.110622338950634
0.111032634973526
0.11167366802692413
0.1118588000535965
0.11126020550727844
0.11060413718223572
0.11066200584173203
0.11111994832754135
0.11128077656030655
0.11104895919561386
0.1107226237654686
0.11045753210783005
0.11053687334060669
0.11073360592126846
0.11088883131742477
0.11107242107391357
0.11106463521718979
0.11082753539085388
0.11042244732379913
0.11034007370471954
0.11038251221179962
0.11043898016214371
0.11063969880342484
0.11089817434549332
0.11107833683490753
0.1110306829214096
0.11076084524393082
0.11036118865013123
0.11025983840227127
0.1104050949215889
0.11063090711832047
0.1108144074678421
0.1108717992901802
0.11080601066350937
0.11048175394535065
0.11021678894758224
0.11018075048923492
0.11031264066696167
0.11042322963476181
0.11058440059423447
0.11080013960599899
0.11076823621988297
0.11052948981523514
0.11027340590953827
0.11015921831130981
0.11010275781154633
0.1102287545800209
0.11043992638587952
0.11062882840633392
0.11080924421548843
0.11080816388130188
0.11050265282392502
0.1100797951221466
0.11009564250707626
0.11023394763469696
0.11033232510089874
0.11055810749530792
0.11075058579444885
0.11065937578678131
0.11035846173763275
0.11017043143510818
0.11003301292657852
0.11004815250635147
0.110226109623909
0.11043383926153183
0.11062692850828171
0.11074250191450119
0.1106652170419693
0.11029133945703506
0.11001578718423843
0.11005079746246338
0.11020763218402863
0.11034233123064041
0.11052931845188141
0.11058483272790909
0.11034853011369705
0.11017110198736191
0.1100115180015564
0.10993131995201111
0.10995571315288544
0.11006883531808853
0.11027321219444275
0.11060285568237305
0.11101378500461578
0.11131513863801956
0.11082396656274796
0.11015035957098007
0.11017084866762161
0.1104068011045456
0.11061330139636993
0.11076978594064713
0.11051766574382782
0.1102122813463211
0.11007075011730194
0.11005246639251709
0.1100710928440094
0.11022743582725525
0.11046238243579865
0.11081251502037048
0.11119800060987473
0.11120940744876862
0.11072028428316116
0.11017567664384842
0.11018212139606476
0.11047595739364624
0.11072945594787598
0.11075956374406815
0.11052661389112473
0.11025213450193405
0.11003364622592926
0.11002996563911438
0.11006493866443634
0.11019515991210938
0.11049375683069229
0.11084219813346863
0.11122898012399673
0.11136458069086075
0.11070246249437332
0.1101122573018074
0.11025664955377579
0.11047269403934479
0.11063146591186523
0.11068130284547806
0.1103491261601448
0.11011123657226562
0.11001493036746979
0.11000758409500122
0.11001240462064743
0.11013568192720413
0.11051146686077118
0.11112150549888611
0.11169504374265671
0.1119842603802681
0.1112259179353714
0.1102202758193016
0.11047150939702988
0.11093748360872269
0.11108869314193726
0.11109554022550583
0.11065235733985901
0.11033210903406143
0.11022055149078369
0.11030171811580658
0.11042789369821548
0.11065728217363358
0.11105218529701233
0.11130151152610779
0.11114177852869034
0.11051002144813538
0.11017285287380219
0.11022597551345825
0.11049360036849976
0.11075754463672638
0.11084537953138351
0.11066683381795883
0.11020267009735107
0.11000800132751465
0.1099858358502388
0.11010154336690903
0.11032440513372421
0.11054966598749161
0.1107596829533577
0.11069520562887192
0.11034877598285675
0.10995133221149445
0.10987623780965805
0.11000184714794159
0.11020948737859726
0.11040033400058746
0.11040997505187988
0.1102941483259201
0.10997767746448517
0.10978768765926361
0.1097123771905899
0.10981495678424835
0.11002208292484283
0.11027277261018753
0.11055876314640045
0.11075671762228012
0.11039737612009048
0.10979756712913513
0.10978686064481735
0.10994306206703186
0.11007166653871536
0.1102181077003479
0.11020345240831375
0.10998058319091797
0.10969725251197815
0.10965533554553986
0.10960621386766434
0.10957852005958557
0.1096758097410202
0.1098702996969223
0.11024533212184906
0.11089888960123062
0.11118131875991821
0.11090052872896194
0.11016269773244858
0.10987459868192673
0.11023591458797455
0.11050866544246674
0.11047448217868805
0.11023715138435364
0.10981251299381256
0.10977664589881897
0.10984836518764496
0.10990780591964722
0.11018817871809006
0.11059629172086716
0.11082330346107483
0.11077284812927246
0.11038510501384735
0.10978773981332779
0.10977961122989655
0.11010739207267761
0.1103394627571106
0.11044377088546753
0.11026706546545029
0.11000282317399979
0.10966875404119492
0.10962612181901932
0.1097288578748703
0.10985708236694336
0.11009685695171356
0.11050019413232803
0.11076095700263977
0.11051443964242935
0.11009247601032257
0.10972080379724503
0.1097273975610733
0.11005062609910965
0.11033539474010468
0.11031980812549591
0.11007881909608841
0.10984991490840912
0.10957251489162445
0.10955819487571716
0.10969394445419312
0.10986164212226868
0.11017221212387085
0.11048686504364014
0.11061748117208481
0.11030272394418716
0.10974127054214478
0.10958238691091537
0.109825000166893
0.10997942835092545
0.11010453850030899
0.11012820899486542
0.10973004251718521
0.10952602326869965
0.10949817299842834
0.10946871340274811
0.10952667891979218
0.10973634570837021
0.11008676141500473
0.11059462279081345
0.11088595539331436
0.11070851236581802
0.1100163459777832
0.10958396643400192
0.10993512719869614
0.110251285135746
0.11027127504348755
0.11014128476381302
0.10977742075920105
0.10956332087516785
0.10957807302474976
0.10972458124160767
0.10988076031208038
0.1100665032863617
0.11035638302564621
0.11033271998167038
0.11004357039928436
0.10968019813299179
0.10950896143913269
0.10954231768846512
0.1097278743982315
0.10990236699581146
0.11007523536682129
0.11025994271039963
0.1100989580154419
0.10982050001621246
0.10948759317398071
0.10949619114398956
0.10949985682964325
0.10948596149682999
0.10975088179111481
0.11024947464466095
0.1107117161154747
0.11122694611549377
0.11110562086105347
0.11014173179864883
0.10978730767965317
0.11011070013046265
0.11058636009693146
0.11080463230609894
0.11055780947208405
0.11024748533964157
0.10980309545993805
0.10974056273698807
0.10989108681678772
0.11008234322071075
0.1105506494641304
0.11127465218305588
0.11151584982872009
0.1109849289059639
0.11038679629564285
0.10996372997760773
0.11014964431524277
0.11065103113651276
0.11083321273326874
0.11071687191724777
0.11035902798175812
0.11008042097091675
0.10972924530506134
0.10974396765232086
0.10990171879529953
0.11005283892154694
0.11050932109355927
0.1111791580915451
0.11156442016363144
0.11121794581413269
0.11038947105407715
0.10989397019147873
0.11020313203334808
0.11059229075908661
0.11084099858999252
0.11098234355449677
0.11038442701101303
0.11006274074316025
0.10988347232341766
0.10984039306640625
0.10992849618196487
0.11017201840877533
0.11062212288379669
0.11126817762851715
0.11168427765369415
0.1112673282623291
0.1105308085680008
0.11000250279903412
0.110250324010849
0.11070820689201355
0.11091236025094986
0.11086949706077576
0.11046385765075684
0.1101405993103981
0.10982243716716766
0.10982911288738251
0.10985296964645386
0.10996349155902863
0.11046434193849564
0.11116266250610352
0.11182008683681488
0.11201895773410797
0.11065894365310669
0.10995719581842422
0.11053910851478577
0.11069856584072113
0.11061117798089981
0.11064784228801727
0.11009503901004791
0.10989561676979065
0.10980061441659927
0.10976699739694595
0.10985276103019714
0.10991254448890686
0.11047237366437912
0.11170214414596558
0.11246217042207718
0.11246892064809799
0.11141175031661987
0.11036542057991028
0.11071982234716415
0.11129114776849747
0.1115085780620575
0.11148623377084732
0.11064950376749039
0.11047215759754181
0.11031504720449448
0.1101975291967392
0.11019661277532578
0.11027000844478607
0.11090843379497528
0.1124146431684494
0.11399225890636444
0.11462323367595673
0.11323551088571548
0.11106893420219421
0.11167016625404358
0.11271622776985168
0.11301007866859436
0.11367254704236984
0.11270592361688614
0.11245892941951752
0.1114434078335762
0.11138619482517242
0.11140073090791702
0.11124112457036972
0.11173038929700851
0.1129942387342453
0.11585584282875061
0.11936209350824356
0.11790332943201065
0.11346778273582458
0.11488483846187592
0.11459407210350037
0.11443263292312622
0.1155962347984314
0.11616245657205582
0.11902333050966263
0.1197417825460434
0.12060093879699707
0.11714273691177368
0.11664442718029022
0.11626078188419342
0.11636092513799667
0.11578354239463806
0.11582216620445251
0.11805711686611176
0.12031243741512299
0.12486456334590912
0.12544739246368408
0.12377529591321945
0.11897213757038116
0.12057334184646606
0.11941520869731903
0.11857036501169205
0.11847737431526184
0.11797177791595459
0.11899033188819885
0.12186448276042938
0.12911100685596466
0.1335902363061905
0.1287412941455841
0.12332223355770111
0.12509223818778992
0.12342268228530884
0.12291780114173889
0.12336936593055725
0.12245398014783859
0.12621599435806274
0.13124096393585205
0.12965819239616394
0.12298507988452911
0.12328657507896423
0.1219896599650383
0.1215762346982956
0.12272454053163528
0.12167207896709442
0.12319829314947128
0.12182582914829254
0.12109719216823578
0.11865998804569244
0.11784855276346207
0.1173359751701355
0.11702227592468262
0.11727184057235718
0.11788114160299301
0.11980976909399033
0.11997105181217194
0.11856718361377716
0.11550828069448471
0.11522830277681351
0.11607690155506134
0.11623597890138626
0.11597501486539841
0.11468203365802765
0.11413600295782089
0.11358286440372467
0.11348458379507065
0.11368352174758911
0.1137320026755333
0.11406128108501434
0.11398086696863174
0.11328127980232239
0.11222425103187561
0.11195776611566544
0.11210953444242477
0.11221171170473099
0.11218426376581192
0.11179789900779724
0.11136037856340408
0.11094845086336136
0.11086752265691757
0.11085525155067444
0.11082575470209122
0.11100535094738007
0.11122409254312515
0.11116796731948853
0.1108480840921402
0.1103765070438385
0.11002590507268906
0.11006862670183182
0.11023734509944916
0.1102825403213501
0.11012211441993713
0.10981260240077972
0.1096147671341896
0.10950234532356262
0.10949227213859558
0.10959538072347641
0.10973871499300003
0.10985464602708817
0.10993094742298126
0.10969740152359009
0.1092785894870758
0.10910696536302567
0.10918137431144714
0.10930676758289337
0.10937844216823578
0.10933797061443329
0.10914948582649231
0.10891985148191452
0.108821801841259
0.10882361233234406
0.1088862270116806
0.10899221897125244
0.1091713234782219
0.10931612551212311
0.10929431021213531
0.10901960730552673
0.10871554166078568
0.10866312682628632
0.10875020921230316
0.1088932603597641
0.10897783190011978
0.10890882462263107
0.10869304090738297
0.10851207375526428
0.10847429186105728
0.10848121345043182
0.10855735838413239
0.10870522260665894
0.10885240137577057
0.1089075580239296
0.10882560163736343
0.10859180241823196
0.10837304592132568
0.10834060609340668
0.10845731943845749
0.10861774533987045
0.10869631171226501
0.10868088901042938
0.10855036973953247
0.1083412915468216
0.10822880268096924
0.10824272781610489
0.10834061354398727
0.1084689125418663
0.10861675441265106
0.10873996466398239
0.10873240232467651
0.10845769941806793
0.10820305347442627
0.10819660127162933
0.10828427970409393
0.10839693248271942
0.10849897563457489
0.10853436589241028
0.10843276977539062
0.10820064693689346
0.108121857047081
0.10811112076044083
0.1081000566482544
0.10814613103866577
0.1082959920167923
0.10855970531702042
0.10896297544240952
0.10910265147686005
0.1090099960565567
0.10852866619825363
0.10818281769752502
0.10842850804328918
0.10872191190719604
0.10869784653186798
0.10849182307720184
0.1082291379570961
0.10817229747772217
0.10823749750852585
0.10835886746644974
0.10851310193538666
0.10860230028629303
0.10851907730102539
0.10830873996019363
0.10813281685113907
0.10802534222602844
0.10806749016046524
0.10818248987197876
0.10833634436130524
0.10851463675498962
0.108629010617733
0.10855287313461304
0.10826785862445831
0.10804100334644318
0.10801331698894501
0.10813413560390472
0.10830816626548767
0.10846506059169769
0.10847640782594681
0.10833188146352768
0.10811696201562881
0.10793905705213547
0.10796209424734116
0.10805607587099075
0.10817839950323105
0.10837629437446594
0.10856052488088608
0.10856058448553085
0.10836591571569443
0.10806754976511002
0.10794326663017273
0.1080135703086853
0.10809348523616791
0.10821124166250229
0.1083591878414154
0.10838114470243454
0.1083046942949295
0.1081061065196991
0.10801069438457489
0.1079239547252655
0.10785974562168121
0.10790552198886871
0.10805125534534454
0.1082705557346344
0.1087479218840599
0.1092347502708435
0.10946722328662872
0.10886161029338837
0.10816588252782822
0.108297199010849
0.10863927006721497
0.10885416716337204
0.10887303203344345
0.10851375013589859
0.10818389058113098
0.108157679438591
0.10831475257873535
0.10844936221837997
0.1086115911602974
0.10876236855983734
0.10868283361196518
0.10840290039777756
0.10807262361049652
0.10807429254055023
0.10810388624668121
0.10812769085168839
0.10834164917469025
0.10867954045534134
0.10889428853988647
0.10906843841075897
0.10878909379243851
0.1082608625292778
0.1080763041973114
0.10827013850212097
0.10854625701904297
0.10861380398273468
0.10850850492715836
0.10834108293056488
0.10804454982280731
0.1079661175608635
0.10803713649511337
0.10809534043073654
0.10824059695005417
0.10853386670351028
0.10875406116247177
0.10885252803564072
0.10858641564846039
0.10815119743347168
0.10801893472671509
0.10808045417070389
0.10826393216848373
0.10844866931438446
0.10842104256153107
0.10825842618942261
0.10805386304855347
0.10790695250034332
0.10780894756317139
0.10785150527954102
0.10791577398777008
0.10804012417793274
0.10839029401540756
0.1089615523815155
0.10935503989458084
0.10923224687576294
0.1085510402917862
0.10812652111053467
0.10827885568141937
0.10864590108394623
0.10886946320533752
0.10857247561216354
0.10811296105384827
0.10807487368583679
0.10809631645679474
0.10812747478485107
0.10831618309020996
0.10850045084953308
0.10855792462825775
0.10841207206249237
0.10831237584352493
0.10808433592319489
0.10783736407756805
0.10784164071083069
0.10796861350536346
0.10807599127292633
0.10835365206003189
0.10876451432704926
0.1090518981218338
0.10882530361413956
0.10822038352489471
0.1080075353384018
0.10810983926057816
0.10832332074642181
0.10858742892742157
0.10875184088945389
0.10849688947200775
0.10811348259449005
0.10795006901025772
0.10792408138513565
0.10801880061626434
0.10812167823314667
0.10828937590122223
0.10855503380298615
0.10856650024652481
0.1084509938955307
0.10817740857601166
0.10794398188591003
0.1078903079032898
0.10790745913982391
0.1079251617193222
0.10812459141016006
0.10845421999692917
0.10873287916183472
0.10889150947332382
0.10881547629833221
0.10832112282514572
0.10785209387540817
0.10801838338375092
0.1082884669303894
0.10840678215026855
0.10860812664031982
0.10872738063335419
0.10843836516141891
0.10802573710680008
0.10796210169792175
0.10790421068668365
0.10789501667022705
0.10799022018909454
0.10820861160755157
0.10862580686807632
0.1091667115688324
0.10946274548768997
0.10929958522319794
0.10854291170835495
0.10808305442333221
0.10842987149953842
0.10880661010742188
0.1089547723531723
0.1088346540927887
0.10848554968833923
0.1082233339548111
0.10801593214273453
0.10812516510486603
0.10827118158340454
0.10839429497718811
0.10885793715715408
0.1095718964934349
0.10962563753128052
0.10916395485401154
0.10853315144777298
0.10826756805181503
0.10850188136100769
0.10872454941272736
0.10890340059995651
0.10892178863286972
0.10859361290931702
0.10833762586116791
0.10812559723854065
0.10807859152555466
0.10801809281110764
0.1079898327589035
0.10816295444965363
0.10855358839035034
0.10945700854063034
0.11134352535009384
0.11150185763835907
0.10994779318571091
0.10911825299263
0.10929843038320541
0.11003483086824417
0.11043085902929306
0.10975799709558487
0.10927081853151321
0.10894069075584412
0.10901713371276855
0.10922426730394363
0.10958617925643921
0.11016671359539032
0.11059680581092834
0.11044833064079285
0.10937364399433136
0.10888823121786118
0.10895019769668579
0.10922142118215561
0.10961523652076721
0.10993002355098724
0.11007256805896759
0.10954011231660843
0.1089586615562439
0.10868236422538757
0.1087106242775917
0.10878012329339981
0.10903175920248032
0.10944390296936035
0.10972520709037781
0.10979116708040237
0.10927161574363708
0.10888677835464478
0.10854285955429077
0.10850189626216888
0.10871456563472748
0.10901935398578644
0.10941212624311447
0.10971090942621231
0.1096464991569519
0.10894028842449188
0.10848549008369446
0.10840246081352234
0.10860525071620941
0.10876201838254929
0.10898098349571228
0.10927830636501312
0.10899059474468231
0.10864843428134918
0.10836464166641235
0.10818110406398773
0.10810299217700958
0.10820863395929337
0.10837682336568832
0.10868830233812332
0.10919228941202164
0.1095278412103653
0.10940466821193695
0.10861244052648544
0.10820628702640533
0.10834769904613495
0.10874032974243164
0.1088879257440567
0.10881908237934113
0.10862135887145996
0.10815366357564926
0.10797017067670822
0.10803904384374619
0.10808529704809189
0.10815921425819397
0.10848049074411392
0.1089152917265892
0.10917642712593079
0.10899355262517929
0.10847281664609909
0.10804500430822372
0.10804030299186707
0.10831360518932343
0.10854678601026535
0.10862095654010773
0.10838344693183899
0.10802295804023743
0.1079273372888565
0.10776789486408234
0.10774385929107666
0.10790352523326874
0.10810079425573349
0.10851050168275833
0.109107106924057
0.10929796099662781
0.10896159708499908
0.1080627590417862
0.10794883221387863
0.10840757191181183
0.10842102766036987
0.1083732396364212
0.10837491601705551
0.10796763747930527
0.10782603919506073
0.10780148208141327
0.10779208689928055
0.10786443948745728
0.10798770189285278
0.1083630844950676
0.10903678834438324
0.10942424833774567
0.10952333360910416
0.10868318378925323
0.10805535316467285
0.10833603143692017
0.10860423743724823
0.10878093540668488
0.10865195840597153
0.10836626589298248
0.10824672877788544
0.10792197287082672
0.10783424973487854
0.10793235152959824
0.10783379524946213
0.10786266624927521
0.10821939259767532
0.10897856205701828
0.11053051799535751
0.11096353083848953
0.11027294397354126
0.10916104912757874
0.10894805938005447
0.10958938300609589
0.10983783006668091
0.1095500960946083
0.10939042270183563
0.10880003869533539
0.1087232455611229
0.10858284682035446
0.10856276750564575
0.10882234573364258
0.10915507376194
0.1105848103761673
0.11355813592672348
0.11357288062572479
0.11139176785945892
0.11058621108531952
0.11082057654857635
0.11149971187114716
0.11143747717142105
0.11140686273574829
0.11234846711158752
0.11072497814893723
0.11105415970087051
0.11130540072917938
0.11135849356651306
0.11160515993833542
0.11260489374399185
0.11240413784980774
0.11324931681156158
0.11159662157297134
0.11161863803863525
0.1112121045589447
0.11083456873893738
0.11044099926948547
0.11073163151741028
0.11052010953426361
0.11164560168981552
0.11428225040435791
0.1186513677239418
0.12134569883346558
0.11982899904251099
0.11459030210971832
0.11798781901597977
0.11630932241678238
0.11579655110836029
0.1153448149561882
0.11521986126899719
0.11538133770227432
0.11749596893787384
0.12584105134010315
0.14474636316299438
0.14447852969169617
0.1580437421798706
0.15159748494625092
0.16290511190891266
0.16688412427902222
0.17422634363174438
0.1722937971353531
0.1725636124610901
0.1623804122209549
0.16028138995170593
0.15417031943798065
0.15261782705783844
0.15102320909500122
0.15947651863098145
0.18278394639492035
0.1714274138212204
0.15321983397006989
0.15629704296588898
0.15220075845718384
0.15082389116287231
0.1509421169757843
0.15312668681144714
0.15789678692817688
0.15174677968025208
0.14658904075622559
0.1405314803123474
0.13916021585464478
0.13915395736694336
0.13937267661094666
0.14137208461761475
0.1405724287033081
0.13821370899677277
0.13091512024402618
0.13022558391094208
0.1296645700931549
0.12883293628692627
0.13068464398384094
0.13241782784461975
0.13283759355545044
0.12764686346054077
0.12522634863853455
0.12481994926929474
0.1251617968082428
0.1247335746884346
0.12267456948757172
0.12180930376052856
0.12023645639419556
0.11956091225147247
0.11899646371603012
0.11850859224796295
0.11871560662984848
0.11989951878786087
0.12286320328712463
0.12597337365150452
0.12142118066549301
0.117623470723629
0.11892851442098618
0.11833028495311737
0.11729542165994644
0.11696769297122955
0.11609753966331482
0.11595922708511353
0.11589276045560837
0.11516395211219788
0.11529149115085602
0.11536122858524323
0.11499427258968353
0.11456793546676636
0.11421249806880951
0.1132163256406784
0.11293747276067734
0.11276721954345703
0.112472765147686
0.11252240091562271
0.11275111883878708
0.1130235567688942
0.11349812895059586
0.11331546306610107
0.11215035617351532
0.11141332983970642
0.11166197806596756
0.1119682639837265
0.111752450466156
0.11120960861444473
0.11081363260746002
0.11080549657344818
0.11098355054855347
0.11097158491611481
0.11077360808849335
0.11051471531391144
0.11014705151319504
0.10996221005916595
0.10994147509336472
0.10998198390007019
0.11006535589694977
0.11021041870117188
0.11031211912631989
0.1102604866027832
0.10983635485172272
0.10944615304470062
0.10936106741428375
0.10943448543548584
0.10959377884864807
0.10961924493312836
0.10942081362009048
0.10918757319450378
0.1089932918548584
0.10890590399503708
0.10890296846628189
0.10897019505500793
0.10913597792387009
0.10939252376556396
0.1095266044139862
0.10950161516666412
0.10907138139009476
0.1086316853761673
0.10868747532367706
0.10890953242778778
0.10901333391666412
0.10892725735902786
0.10867872089147568
0.10845251381397247
0.10839895159006119
0.10848722606897354
0.10860645025968552
0.10875751078128815
0.10883958637714386
0.10875582695007324
0.10848035663366318
0.10821440815925598
0.1082007884979248
0.10830099880695343
0.10841301828622818
0.10851342231035233
0.10856153070926666
0.10841001570224762
0.10816594958305359
0.10803840309381485
0.10798602551221848
0.10800667852163315
0.10811036825180054
0.10829132795333862
0.10850770771503448
0.1087147444486618
0.10862994939088821
0.10828037559986115
0.10796482115983963
0.107974573969841
0.10817667096853256
0.10829895734786987
0.10827883332967758
0.10805843770503998
0.10782647132873535
0.10778026282787323
0.10782599449157715
0.10792841017246246
0.1080666184425354
0.10825886577367783
0.10836485773324966
0.10825495421886444
0.10796377807855606
0.10773450881242752
0.10772331058979034
0.10783001780509949
0.10801158845424652
0.10815173387527466
0.1081940084695816
0.10799796879291534
0.10773002356290817
0.10763898491859436
0.10760657489299774
0.10769189894199371
0.1078721359372139
0.10805258899927139
0.10813573747873306
0.10812735557556152
0.10791056603193283
0.10759676247835159
0.10750047117471695
0.10760198533535004
0.10775662958621979
0.10788218677043915
0.10800004750490189
0.10795904695987701
0.1077105700969696
0.1075078621506691
0.10742896050214767
0.10747908055782318
0.10758591443300247
0.10774581879377365
0.10796452313661575
0.1081765741109848
0.10805922746658325
0.1077721118927002
0.10750216245651245
0.1074247807264328
0.10756055265665054
0.107705257833004
0.10782386362552643
0.10785969346761703
0.10766908526420593
0.10749321430921555
0.10734240710735321
0.10731131583452225
0.10739148408174515
0.10752063989639282
0.10772573202848434
0.10818362981081009
0.10853829234838486
0.10857894271612167
0.10794053226709366
0.10754553973674774
0.10767735540866852
0.10783223807811737
0.10802916437387466
0.10795474797487259
0.107584148645401
0.10743923485279083
0.10743790864944458
0.10746201872825623
0.10754984617233276
0.10770204663276672
0.10794388502836227
0.10821749269962311
0.10812047123908997
0.10786132514476776
0.10752671211957932
0.10735522210597992
0.10748321563005447
0.10767247527837753
0.1077757179737091
0.10779847204685211
0.10768084228038788
0.10747356712818146
0.10724133253097534
0.10723911970853806
0.10729143023490906
0.10731607675552368
0.10752001404762268
0.10800112783908844
0.1084391325712204
0.10887008905410767
0.10853128135204315
0.10770053416490555
0.10743484646081924
0.10793719440698624
0.10834548622369766
0.10808378458023071
0.10763324797153473
0.10749183595180511
0.10751037299633026
0.10770369321107864
0.10784399509429932
0.10779494047164917
0.10769349336624146
0.10749095678329468
0.10731464624404907
0.10719836503267288
0.10719943046569824
0.10722938179969788
0.10735125839710236
0.1076667308807373
0.1081637591123581
0.10864846408367157
0.10893456637859344
0.10800589621067047
0.10731948167085648
0.1076672226190567
0.10796637833118439
0.10801434516906738
0.10783226788043976
0.10739518702030182
0.10730302333831787
0.10747300088405609
0.1075962632894516
0.10767855495214462
0.10774321854114532
0.10764988511800766
0.10735480487346649
0.10721641033887863
0.10712701082229614
0.10707106441259384
0.10709765553474426
0.10719464719295502
0.10742413997650146
0.10792046040296555
0.10843880474567413
0.10887666046619415
0.10819797962903976
0.10736722499132156
0.10738831758499146
0.10783645510673523
0.10812557488679886
0.10789290815591812
0.10736366361379623
0.10730057209730148
0.10738884657621384
0.1075238585472107
0.10768958181142807
0.10771867632865906
0.10754329711198807
0.10724198073148727
0.10713538527488708
0.10704247653484344
0.1070290058851242
0.10715006291866302
0.10733230412006378
0.10763674974441528
0.1081007644534111
0.10816987603902817
0.10788218677043915
0.10727769136428833
0.10709181427955627
0.10740810632705688
0.10761973261833191
0.10758007317781448
0.10738755762577057
0.10708805173635483
0.1070309430360794
0.10705433785915375
0.10717974603176117
0.1073937863111496
0.10756910592317581
0.107627734541893
0.107552170753479
0.10727664828300476
0.10692981630563736
0.10692081600427628
0.1070854514837265
0.10721790045499802
0.10736043006181717
0.10751570016145706
0.10738624632358551
0.10706920921802521
0.10692229866981506
0.10687673836946487
0.10686846822500229
0.10691378265619278
0.10707848519086838
0.1073942482471466
0.10777857154607773
0.107907734811306
0.10786549001932144
0.10730547457933426
0.10693484544754028
0.1071142926812172
0.10738883167505264
0.1075395941734314
0.107417531311512
0.1071075052022934
0.1070021539926529
0.10691291093826294
0.10690027475357056
0.1071002334356308
0.10736162960529327
0.10756034404039383
0.10782589763402939
0.10785526037216187
0.10745983570814133
0.10696497559547424
0.10698704421520233
0.1071937158703804
0.1072411984205246
0.10743371397256851
0.10752341151237488
0.10732321441173553
0.10711339116096497
0.10697446018457413
0.10688874125480652
0.10680734366178513
0.10683682560920715
0.10694973915815353
0.10719016194343567
0.10770151019096375
0.10872572660446167
0.10912937670946121
0.10884211212396622
0.10761500149965286
0.10752124339342117
0.10813793540000916
0.108021080493927
0.10796515643596649
0.10782688111066818
0.10733763873577118
0.10738681256771088
0.10744419693946838
0.10731227695941925
0.10753102600574493
0.10793758928775787
0.10849456489086151
0.1094253733754158
0.10935799777507782
0.10856799781322479
0.10769688338041306
0.10785996168851852
0.10839828848838806
0.1083996519446373
0.10822450369596481
0.10813809186220169
0.10777726769447327
0.10753706097602844
0.10747753828763962
0.10756117105484009
0.10746501386165619
0.10757752507925034
0.1082642525434494
0.10949662327766418
0.11073174327611923
0.11196790635585785
0.10967660695314407
0.10827741771936417
0.10926520079374313
0.10925886034965515
0.10923308879137039
0.10937222093343735
0.1086910143494606
0.10855002701282501
0.10834233462810516
0.10813993215560913
0.10804997384548187
0.10791738331317902
0.10777052491903305
0.10777977854013443
0.10797864198684692
0.10909108817577362
0.11211543530225754
0.11457951366901398
0.11536651849746704
0.11145671457052231
0.11040125042200089
0.11231222748756409
0.11156307905912399
0.1106114313006401
0.11163850128650665
0.1107875257730484
0.11028195917606354
0.11050477623939514
0.11111274361610413
0.11204390227794647
0.11322306096553802
0.11361977458000183
0.11379285901784897
0.11073732376098633
0.110692098736763
0.11086943745613098
0.1105077937245369
0.11126227676868439
0.11251385509967804
0.11527582257986069
0.11830798536539078
0.11693263053894043
0.11265264451503754
0.11353670060634613
0.11293758451938629
0.11301217973232269
0.11410577595233917
0.11433027684688568
0.1175578236579895
0.11849277466535568
0.11920304596424103
0.11606712639331818
0.11510917544364929
0.11446268111467361
0.11490176618099213
0.1142934113740921
0.11428206413984299
0.11651942133903503
0.11824272572994232
0.12235238403081894
0.12099873274564743
0.11988087743520737
0.11641791462898254
0.11634034663438797
0.11631350219249725
0.1161198765039444
0.11599846929311752
0.11713354289531708
0.12183138728141785
0.1250619739294052
0.13008365035057068
0.12312127649784088
0.12204606831073761
0.12093569338321686
0.12180981040000916
0.12004689127206802
0.11921841651201248
0.11980632692575455
0.1206372007727623
0.1285477727651596
0.1374036967754364
0.1377783566713333
0.1255301684141159
0.12827664613723755
0.12640823423862457
0.1265999674797058
0.12541581690311432
0.12488757073879242
0.13118885457515717
0.13406901061534882
0.13930732011795044
0.13245324790477753
0.12967100739479065
0.1263747215270996
0.1271945685148239
0.1258884221315384
0.12480208277702332
0.1284167468547821
0.1296079456806183
0.13544408977031708
0.12980125844478607
0.12736006081104279
0.12320943921804428
0.12313830107450485
0.12323955446481705
0.12270555645227432
0.12471587210893631
0.12475250661373138
0.12708644568920135
0.12185494601726532
0.12107980996370316
0.11893314868211746
0.11804000288248062
0.11839219927787781
0.11857209354639053
0.12028148025274277
0.12171146273612976
0.12256854772567749
0.1175391748547554
0.1163976639509201
0.11630413681268692
0.1164981871843338
0.11714887619018555
0.11612959206104279
0.11567467451095581
0.1140344887971878
0.1135822981595993
0.11308716237545013
0.11277148127555847
0.11295383423566818
0.11317797005176544
0.11429800093173981
0.11564843356609344
0.11443321406841278
0.11183584481477737
0.11153286695480347
0.11221885681152344
0.11231273412704468
0.11169838160276413
0.11069443076848984
0.11059380322694778
0.11078999191522598
0.11071331799030304
0.11053309589624405
0.1099434494972229
0.10962128639221191
0.10939673334360123
0.10923933237791061
0.1092102974653244
0.10927031934261322
0.10944335162639618
0.10975688695907593
0.10985595732927322
0.10948280990123749
0.10875966399908066
0.10841268301010132
0.10857415199279785
0.10875606536865234
0.10863223671913147
0.10826200991868973
0.10798654705286026
0.10794533789157867
0.10796594619750977
0.10804389417171478
0.10811036825180054
0.10804601013660431
0.10786163061857224
0.10763420909643173
0.10745726525783539
0.10734817385673523
0.10736261308193207
0.10743452608585358
0.1075725182890892
0.10779953747987747
0.10803258419036865
0.1078808382153511
0.10749902576208115
0.10714065283536911
0.10715847462415695
0.10740149766206741
0.10745076835155487
0.10730978846549988
0.10708687454462051
0.1069079339504242
0.10691272467374802
0.10700860619544983
0.10710915923118591
0.10717619210481644
0.10715926438570023
0.10701045393943787
0.10678764432668686
0.10669562965631485
0.10669083893299103
0.10672495514154434
0.10683178901672363
0.10701344162225723
0.10715045034885406
0.10720405727624893
0.10701505839824677
0.10669898241758347
0.10656881332397461
0.10663357377052307
0.10679550468921661
0.1068911924958229
0.10685867071151733
0.10670191049575806
0.1065114438533783
0.10643699765205383
0.10644695162773132
0.10651513189077377
0.10664975643157959
0.10682854056358337
0.10695236921310425
0.10697602480649948
0.10671211779117584
0.10641555488109589
0.10637897253036499
0.10649362206459045
0.1066473126411438
0.10672643780708313
0.10666900873184204
0.10650590062141418
0.10631132125854492
0.10627303272485733
0.10632286220788956
0.10642273724079132
0.10660067945718765
0.10681959986686707
0.10690269619226456
0.10682797431945801
0.10649681091308594
0.10625352710485458
0.10633210837841034
0.10651616007089615
0.10665342956781387
0.1066342294216156
0.10648880153894424
0.10633241385221481
0.10620370507240295
0.10622633248567581
0.10633030533790588
