# adam, lr=0.01, alpha = 1000000, beta = 0.1
# best_iter: 2774, best_loss = 0.026382870972156525, imsave period = 300
3.8140125274658203
2.504864454269409
1.9142826795578003
1.5962892770767212
1.388657808303833
1.2307730913162231
1.099830150604248
0.9877641201019287
0.890355110168457
0.8052425384521484
0.7308571338653564
0.6659539937973022
0.6091182827949524
0.5590084195137024
0.5147379636764526
0.47543203830718994
0.44045448303222656
0.40933844447135925
0.3816966712474823
0.3570740520954132
0.33508411049842834
0.315421462059021
0.2977721691131592
0.2818869948387146
0.26752516627311707
0.25449082255363464
0.24261081218719482
0.23176226019859314
0.2218431979417801
0.21275806427001953
0.20439572632312775
0.19667541980743408
0.18953710794448853
0.18293413519859314
0.17681853473186493
0.17115060985088348
0.16588038206100464
0.16097107529640198
0.15639185905456543
0.1521146297454834
0.14810901880264282
0.14434701204299927
0.14080625772476196
0.1374671757221222
0.13431105017662048
0.13132256269454956
0.12848569452762604
0.12578533589839935
0.12320927530527115
0.12074583768844604
0.11838622391223907
0.11612410098314285
0.11395178735256195
0.11186221241950989
0.10984951257705688
0.10790987312793732
0.10603853315114975
0.10423251986503601
0.10248775780200958
0.10080136358737946
0.09917015582323074
0.09759171307086945
0.0960640162229538
0.09458501636981964
0.09315165877342224
0.09176183491945267
0.09041356295347214
0.08910451829433441
0.08783307671546936
0.08659704029560089
0.08539505302906036
0.08422547578811646
0.08308743685483932
0.08198000490665436
0.08090198040008545
0.07985184341669083
0.07882869243621826
0.07783257961273193
0.07686257362365723
0.07591798901557922
0.07499828189611435
0.07410261034965515
0.07323020696640015
0.07238056510686874
0.07155326008796692
0.0707477256655693
0.06996279954910278
0.0691974088549614
0.06845130026340485
0.06772377341985703
0.06701433658599854
0.06632229685783386
0.06564710289239883
0.06498825550079346
0.0643453523516655
0.06371793150901794
0.0631055012345314
0.06250761449337006
0.06192397326231003
0.06135430932044983
0.06079835444688797
0.06025562435388565
0.0597260408103466
0.05920907109975815
0.05870405584573746
0.05821097269654274
0.057729508727788925
0.057259391993284225
0.05680031701922417
0.05635205656290054
0.055914316326379776
0.055486779659986496
0.05506919324398041
0.05466137453913689
0.054263047873973846
0.05387403815984726
0.05349431931972504
0.0531235933303833
0.052761565893888474
0.052408136427402496
0.052063047885894775
0.05172594636678696
0.05139673128724098
0.05107530951499939
0.050761543214321136
0.050455160439014435
0.05015590786933899
0.04986366629600525
0.049578431993722916
0.049299851059913635
0.049027733504772186
0.04876197129487991
0.048502299934625626
0.048248566687107086
0.048000648617744446
0.04775848612189293
0.04752175509929657
0.04729034751653671
0.047064121812582016
0.04684283211827278
0.046626437455415726
0.046414814889431
0.046207886189222336
0.046005479991436005
0.04580752179026604
0.045613840222358704
0.04542439430952072
0.04523899406194687
0.045057449489831924
0.0448797382414341
0.044705770909786224
0.044535502791404724
0.04436869919300079
0.04420536756515503
0.04404532536864281
0.04388847202062607
0.043734848499298096
0.04358427971601486
0.043436646461486816
0.04329192638397217
0.04315002262592316
0.043010734021663666
0.04287409037351608
0.042740028351545334
0.04260843247175217
0.04247931391000748
0.042352497577667236
0.042227961122989655
0.04210576415061951
0.04198583960533142
0.041868049651384354
0.04175226390361786
0.04163854569196701
0.04152680188417435
0.04141697660088539
0.041308946907520294
0.04120270907878876
0.04109824448823929
0.04099542647600174
0.040894269943237305
0.040794696658849716
0.0406966507434845
0.04060014709830284
0.04050517827272415
0.040411677211523056
0.04031961038708687
0.04022897779941559
0.04013964906334877
0.04005167633295059
0.0399649515748024
0.03987949341535568
0.039795294404029846
0.03971226513385773
0.039630401879549026
0.03954968973994255
0.03947019949555397
0.03939184173941612
0.039314500987529755
0.039238255470991135
0.0391630083322525
0.03908878564834595
0.03901553526520729
0.038943275809288025
0.038871996104717255
0.03880162537097931
0.03873218223452568
0.03866363689303398
0.038596011698246
0.03852923959493637
0.03846333175897598
0.03839818388223648
0.03833381459116936
0.038270242512226105
0.03820744901895523
0.038145337253808975
0.03808394819498062
0.03802330046892166
0.0379633754491806
0.03790411353111267
0.03784550726413727
0.03778756409883499
0.03773026913404465
0.03767361864447594
0.037617553025484085
0.03756214678287506
0.03750734031200409
0.03745309263467789
0.03739943727850914
0.03734634071588516
0.037293847650289536
0.0372418537735939
0.037190355360507965
0.03713938221335411
0.03708890080451965
0.03703887760639191
0.03698931634426117
0.036940302699804306
0.03689175471663475
0.03684363514184952
0.03679601475596428
0.03674887865781784
0.036702148616313934
0.03665588051080704
0.03661002591252327
0.03656463697552681
0.03651963174343109
0.036475032567977905
0.03643086180090904
0.036387085914611816
0.03634375333786011
0.03630081191658974
0.036258306354284286
0.03621618449687958
0.0361744724214077
0.03613317012786865
0.03609216585755348
0.036051586270332336
0.036011360585689545
0.035971470177173615
0.035931896418333054
0.03589269146323204
0.035853829234838486
0.0358152911067009
0.035777051001787186
0.03573919087648392
0.035701554268598557
0.03566424548625946
0.03562729060649872
0.03559061884880066
0.03555423766374588
0.03551814705133438
0.03548235073685646
0.03544684499502182
0.03541160747408867
0.035376645624637604
0.03534200042486191
0.035307612270116806
0.03527352586388588
0.03523964434862137
0.035206057131290436
0.03517277166247368
0.03513970971107483
0.03510688245296478
0.035074349492788315
0.03504205495119095
0.035010021179914474
0.034978240728378296
0.03494669124484062
0.03491540253162384
0.034884367138147354
0.03485351428389549
0.03482292219996452
0.034792568534612656
0.03476239740848541
0.034732457250356674
0.034702740609645844
0.03467323258519173
0.03464393690228462
0.03461486101150513
0.034585971385240555
0.03455729782581329
0.034528832882642746
0.034500569105148315
0.0344725102186203
0.03444467857480049
0.03441700339317322
0.03438948094844818
0.034362148493528366
0.03433506190776825
0.03430809825658798
0.03428133204579353
0.03425469994544983
0.034228283911943436
0.0342019759118557
0.03417586907744408
0.03414992243051529
0.034124113619327545
0.03409847617149353
0.034073036164045334
0.03404773026704788
0.034022580832242966
0.0339975468814373
0.033972665667533875
0.033947981894016266
0.03392341732978821
0.03389906883239746
0.03387480229139328
0.033850718289613724
0.033826783299446106
0.03380297124385834
0.033779289573431015
0.03375575691461563
0.03373241424560547
0.033709149807691574
0.03368604928255081
0.0336630716919899
0.03364022448658943
0.033617518842220306
0.03359494358301163
0.03357246518135071
0.03355014696717262
0.033527929335832596
0.033505879342556
0.03348393738269806
0.033462122082710266
0.033440373837947845
0.03341877460479736
0.03339727595448494
0.03337591886520386
0.033354632556438446
0.033333536237478256
0.03331252187490463
0.033291637897491455
0.03327086940407753
0.03325027972459793
0.0332297645509243
0.03320937231183052
0.0331890732049942
0.03316890075802803
0.033148832619190216
0.033128853887319565
0.03310898691415787
0.03308919072151184
0.03306952491402626
0.03304997831583023
0.033030495047569275
0.03301111236214638
0.032991860061883926
0.032972678542137146
0.032953593879938126
0.03293461725115776
0.032915741205215454
0.03289695829153061
0.03287828341126442
0.03285969793796539
0.03284117951989174
0.032822757959365845
0.0328044518828392
0.032786231487989426
0.0327681228518486
0.03275008499622345
0.03273216634988785
0.032714325934648514
0.03269656375050545
0.03267887607216835
0.032661303877830505
0.032643795013427734
0.03262636810541153
0.0326090008020401
0.032591767609119415
0.032574597746133804
0.03255750611424446
0.03254050388932228
0.03252362459897995
0.03250684216618538
0.03249012678861618
0.03247348591685295
0.03245697170495987
0.03244045749306679
0.03242402523756027
0.0324077270925045
0.03239148110151291
0.03237531706690788
0.032359231263399124
0.03234323486685753
0.03232729062438011
0.03231140598654747
0.03229561820626259
0.032279904931783676
0.032264258712530136
0.03224872052669525
0.032233208417892456
0.03221776336431503
0.032202430069446564
0.03218714892864227
0.03217194229364395
0.032156772911548615
0.032141707837581635
0.03212667256593704
0.032111771404743195
0.032096847891807556
0.03208202123641968
0.03206727281212807
0.03205256909132004
0.032037947326898575
0.03202340751886368
0.03200888633728027
0.03199446201324463
0.03198014199733734
0.03196587786078453
0.03195168077945709
0.03193750977516174
0.03192341327667236
0.031909361481666565
0.03189542889595032
0.03188147768378258
0.03186763823032379
0.03185385838150978
0.03184015676379204
0.0318264476954937
0.03181283175945282
0.031799301505088806
0.031785812228918076
0.03177238628268242
0.03175901249051094
0.03174566105008125
0.03173244744539261
0.03171924874186516
0.031706083565950394
0.03169295936822891
0.03167989104986191
0.03166688606142998
0.031653933227062225
0.031641021370887756
0.03162818402051926
0.03161534667015076
0.03160255402326584
0.03158988803625107
0.031577203422784805
0.031564515084028244
0.03155197575688362
0.0315394327044487
0.03152694180607796
0.03151450306177139
0.031502120196819305
0.03148980438709259
0.03147747740149498
0.031465210020542145
0.03145298361778259
0.03144080564379692
0.03142871707677841
0.03141665458679199
0.03140462562441826
0.0313926637172699
0.03138072043657303
0.03136880695819855
0.03135694935917854
0.03134516626596451
0.03133336082100868
0.03132161498069763
0.03130999207496643
0.03129834681749344
0.03128679469227791
0.031275250017642975
0.03126377612352371
0.03125232458114624
0.0312409196048975
0.031229592859745026
0.031218277290463448
0.031206995248794556
0.031195882707834244
0.031184710562229156
0.031173638999462128
0.031162595376372337
0.03115175850689411
0.031140800565481186
0.031130105257034302
0.031119251623749733
0.031108710914850235
0.031097861006855965
0.03108726441860199
0.0310763381421566
0.031065717339515686
0.03105476312339306
0.03104417212307453
0.031033337116241455
0.031022775918245316
0.031012091785669327
0.031001683324575424
0.03099112957715988
0.030980894342064857
0.030970498919487
0.03096049278974533
0.030950279906392097
0.030940527096390724
0.030930358916521072
0.030920667573809624
0.030910298228263855
0.030900388956069946
0.03088979795575142
0.03087974712252617
0.03086918033659458
0.030859118327498436
0.03084876388311386
0.030838878825306892
0.03082880564033985
0.0308191180229187
0.03080925904214382
0.0307999849319458
0.030790429562330246
0.030781520530581474
0.030772067606449127
0.03076317347586155
0.03075329028069973
0.030743926763534546
0.030733469873666763
0.030723746865987778
0.030713368207216263
0.03070363588631153
0.030693581327795982
0.030684085562825203
0.03067438118159771
0.030665198341012
0.030655980110168457
0.030647505074739456
0.030638977885246277
0.030631598085165024
0.030623365193605423
0.030616125091910362
0.030606692656874657
0.030597694218158722
0.030586451292037964
0.03057618997991085
0.03056546486914158
0.030555779114365578
0.030546102672815323
0.03053676337003708
0.030527684837579727
0.030518705025315285
0.03051038272678852
0.030502570793032646
0.030496669933199883
0.030491335317492485
0.030488502234220505
0.030482126399874687
0.030474970117211342
0.03046082891523838
0.030448155477643013
0.030435804277658463
0.03042656183242798
0.03041914664208889
0.030412454158067703
0.03040800243616104
0.03040250763297081
0.030398311093449593
0.03038850799202919
0.030378401279449463
0.030364181846380234
0.030352598056197166
0.03034219704568386
0.030333707109093666
0.03032675012946129
0.030320458114147186
0.03031717985868454
0.030313478782773018
0.030312057584524155
0.03030390292406082
0.030294429510831833
0.03027787059545517
0.030264629051089287
0.030253879725933075
0.03024636022746563
0.030241409316658974
0.03023679368197918
0.030235709622502327
0.030231211334466934
0.03022735007107258
0.03021390177309513
0.030200589448213577
0.030185451731085777
0.030174948275089264
0.03016708791255951
0.030160916969180107
0.03015758842229843
0.030154269188642502
0.03015463426709175
0.030149320140480995
0.030144143849611282
0.030128587037324905
0.030114419758319855
0.030100062489509583
0.030090615153312683
0.030084077268838882
0.030078956857323647
0.030077524483203888
0.030075300484895706
0.03007696010172367
0.0300702303647995
0.030062483623623848
0.030044054612517357
0.030029240995645523
0.030016880482435226
0.030009325593709946
0.030004985630512238
0.030001595616340637
0.030003072693943977
0.03000180423259735
0.030003804713487625
0.02999323233962059
0.029981285333633423
0.029961099848151207
0.02994726039469242
0.029937896877527237
0.029932349920272827
0.029930787160992622
0.02993009425699711
0.029935499653220177
0.029933689162135124
0.029932918027043343
0.02991470694541931
0.029897548258304596
0.02987917885184288
0.02986934408545494
0.02986465021967888
0.02986224554479122
0.02986498549580574
0.029864970594644547
0.029869355261325836
0.02985943853855133
0.029849134385585785
0.029827434569597244
0.02981194667518139
0.029800789430737495
0.02979472652077675
0.029792511835694313
0.029791628941893578
0.029798517003655434
0.02980169840157032
0.029810220003128052
0.029797811061143875
0.029783878475427628
0.029756899923086166
0.029740601778030396
0.02973170578479767
0.029728561639785767
0.02973117306828499
0.029733626171946526
0.0297447070479393
0.029743632301688194
0.029744718223810196
0.029720894992351532
0.02970045432448387
0.029678955674171448
0.02966940402984619
0.02966657467186451
0.029666418209671974
0.029673755168914795
0.029677102342247963
0.029689062386751175
0.02968020550906658
0.029671570286154747
0.029642678797245026
0.029621759429574013
0.029607392847537994
0.02960215136408806
0.029603324830532074
0.029606573283672333
0.02962110936641693
0.029627889394760132
0.029642358422279358
0.02962317131459713
0.029604678973555565
0.02957058511674404
0.029554013162851334
0.02954910881817341
0.029550986364483833
0.029560551047325134
0.02956516295671463
0.02957846410572529
0.029565997421741486
0.029556693509221077
0.029525958001613617
0.029505599290132523
0.02949056215584278
0.029484320431947708
0.029484666883945465
0.02948766201734543
0.02950359880924225
0.0295148603618145
0.02954038232564926
0.02952706255018711
0.02951626479625702
0.029473189264535904
0.02944771945476532
0.02943536266684532
0.02943570166826248
0.02944544516503811
0.029452506452798843
0.029470320791006088
0.029464296996593475
0.029462529346346855
0.02942752279341221
0.029403571039438248
0.029381949454545975
0.02937306836247444
0.02937214821577072
0.029375247657299042
0.029392726719379425
0.02940962463617325
0.02944740280508995
0.02944285050034523
0.02944120578467846
0.029382653534412384
0.02934972569346428
0.029335379600524902
0.0293416790664196
0.029360733926296234
0.029372528195381165
0.029394036158919334
0.029375379905104637
0.029362447559833527
0.029318226501345634
0.029295355081558228
0.02928011119365692
0.029277363792061806
0.02928195148706436
0.02928960882127285
0.029317937791347504
0.029344459995627403
0.029403697699308395
0.029392119497060776
0.029397860169410706
0.029321175068616867
0.029297761619091034
0.029295969754457474
0.02931886911392212
0.029362669214606285
0.029375001788139343
0.029401428997516632
0.02933327853679657
0.029304727911949158
0.029262172058224678
0.02926841750741005
0.029276907444000244
0.029275212436914444
0.029286397621035576
0.029291817918419838
0.029353979974985123
0.029367299750447273
0.029422160238027573
0.029322585090994835
0.02927064150571823
0.029217636212706566
0.029227739199995995
0.029279621317982674
0.02931882254779339
0.029406070709228516
0.029365044087171555
0.029415849596261978
0.02936919778585434
0.029389191418886185
0.02931705117225647
0.029241152107715607
0.029204111546278
0.029225967824459076
0.029345832765102386
0.029438123106956482
0.029658222571015358
0.02954111248254776
0.029722394421696663
0.029513854533433914
0.029644975438714027
0.029500961303710938
0.02952871471643448
0.029448252171278
0.029634730890393257
0.029856150969862938
0.030855482444167137
0.03068460151553154
0.03322068974375725
0.030952420085668564
0.03811974823474884
0.03362433239817619
0.04464072734117508
0.03825443983078003
0.048263370990753174
0.04386705160140991
0.05473533272743225
0.047601401805877686
0.0633494108915329
0.0525522343814373
0.06709380447864532
0.05795605108141899
0.06922490894794464
0.06137937307357788
0.0728825032711029
0.06325647234916687
0.0706310123205185
0.06336475163698196
0.06801793724298477
0.06145472079515457
0.06545774638652802
0.05947526544332504
0.06227091699838638
0.05689720809459686
0.05937689542770386
0.054291948676109314
0.05628826469182968
0.051959723234176636
0.05366463214159012
0.04972698539495468
0.05170481279492378
0.047607097774744034
0.04997354745864868
0.04600638896226883
0.04824751242995262
0.0445302277803421
0.046795085072517395
0.04319865629076958
0.045694295316934586
0.04210471361875534
0.045002490282058716
0.041344836354255676
0.04379710182547569
0.04050188511610031
0.04269673675298691
0.03968909755349159
0.04181096330285072
0.039036475121974945
0.0411115363240242
0.03839268162846565
0.0405409038066864
0.03780091181397438
0.039550766348838806
0.03724046051502228
0.038746241480112076
0.03672412037849426
0.03825054690241814
0.036173220723867416
0.0376361608505249
0.035683054476976395
0.036961279809474945
0.035194966942071915
0.03626682609319687
0.03478816896677017
0.03581450134515762
0.034383583813905716
0.03531086817383766
0.033921193331480026
0.03459258750081062
0.033460699021816254
0.03391217067837715
0.033024221658706665
0.03337724134325981
0.03265639767050743
0.03296801447868347
0.03228782117366791
0.03252258524298668
0.03191080689430237
0.03200017660856247
0.03153262287378311
0.03150949627161026
0.031192852184176445
0.031108271330595016
0.030886583030223846
0.030779153108596802
0.030608920380473137
0.03050214610993862
0.030365753918886185
0.030267415568232536
0.030156210064888
0.030067147687077522
0.029972245916724205
0.02989330142736435
0.029813218861818314
0.02974165603518486
0.02967270277440548
0.029608964920043945
0.029549259692430496
0.02949276752769947
0.02944047376513481
0.02939033694565296
0.029343895614147186
0.029299385845661163
0.029257996007800102
0.029218824580311775
0.029181690886616707
0.029146770015358925
0.029113544151186943
0.029082050547003746
0.029051877558231354
0.029023420065641403
0.028996260836720467
0.028970446437597275
0.02894587069749832
0.02892237715423107
0.028899909928441048
0.02887830138206482
0.028857678174972534
0.02883788011968136
0.02881898358464241
0.028800874948501587
0.02878347784280777
0.02876683883368969
0.028750808909535408
0.028735358268022537
0.02872038446366787
0.028706006705760956
0.0286920964717865
0.028678666800260544
0.02866562083363533
0.028653046116232872
0.028640881180763245
0.02862904593348503
0.028617538511753082
0.028606364503502846
0.028595581650733948
0.02858506143093109
0.028574839234352112
0.028564833104610443
0.02855510264635086
0.028545627370476723
0.028536368161439896
0.028527315706014633
0.028518520295619965
0.028509903699159622
0.028501490131020546
0.028493287041783333
0.0284852534532547
0.028477337211370468
0.02846958488225937
0.028462065383791924
0.028454596176743507
0.028447287157177925
0.02844012714922428
0.028433073312044144
0.028426136821508408
0.02841932140290737
0.028412625193595886
0.028406046330928802
0.02839956246316433
0.028393177315592766
0.02838686853647232
0.02838067337870598
0.028374582529067993
0.028368551284074783
0.028362641111016273
0.02835676074028015
0.02835102379322052
0.028345376253128052
0.02833976410329342
0.02833423763513565
0.028328973799943924
0.028323771432042122
0.028319036588072777
0.028314445167779922
0.02831055037677288
0.02830645628273487
0.028303071856498718
0.028298256918787956
0.02829371765255928
0.02828735113143921
0.028281455859541893
0.028275100514292717
0.02826969139277935
0.02826443314552307
0.028259582817554474
0.028254985809326172
0.02825056202709675
0.028246726840734482
0.0282430462539196
0.028240475803613663
0.028237497434020042
0.02823524735867977
0.028230654075741768
0.02822592481970787
0.028219053521752357
0.028213126584887505
0.02820722572505474
0.028202466666698456
0.028198201209306717
0.02819431573152542
0.028191162273287773
0.028188303112983704
0.028186805546283722
0.028184661641716957
0.02818313241004944
0.02817816287279129
0.02817293256521225
0.028165513649582863
0.02815963514149189
0.028154367581009865
0.028150184080004692
0.02814687043428421
0.028144031763076782
0.02814245969057083
0.028140811249613762
0.028140701353549957
0.028137903660535812
0.028134852647781372
0.028127722442150116
0.028121035546064377
0.028114184737205505
0.028109489008784294
0.02810593880712986
0.028103098273277283
0.02810160256922245
0.0281002726405859
0.02810082398355007
0.02809932269155979
0.028098035603761673
0.02809135429561138
0.02808467112481594
0.028076766058802605
0.028071250766515732
0.02806732803583145
0.02806464023888111
0.028063423931598663
0.028062572702765465
0.02806396782398224
0.028063511475920677
0.028063323348760605
0.028056785464286804
0.028049973770976067
0.02804115228354931
0.02803516387939453
0.028031010180711746
0.02802846021950245
0.028027741238474846
0.02802741900086403
0.02802957035601139
0.02802952565252781
0.02802985906600952
0.028023263439536095
0.028016116470098495
0.028006568551063538
0.028000427410006523
0.02799644134938717
0.027994215488433838
0.027994241565465927
0.0279947891831398
0.027998190373182297
0.027998585253953934
0.027999335899949074
0.027991900220513344
0.027983790263533592
0.027973229065537453
0.027967043220996857
0.027963761240243912
0.027962420135736465
0.027963634580373764
0.027964863926172256
0.02796897478401661
0.02796849049627781
0.027967415750026703
0.027957573533058167
0.027948196977376938
0.027938783168792725
0.02793402411043644
0.027932096272706985
0.02793162316083908
0.027934087440371513
0.027936315163969994
0.027941614389419556
0.027940697968006134
0.02793959528207779
0.027928665280342102
0.027918515726923943
0.027908427640795708
0.027903517708182335
0.027901871129870415
0.027901921421289444
0.027905484661459923
0.027908794581890106
0.02791578695178032
0.02791520021855831
0.02791288122534752
0.027898944914340973
0.02788720279932022
0.027877839282155037
0.02787456102669239
0.02787523902952671
0.027877289801836014
0.02788328193128109
0.0278864074498415
0.02789139933884144
0.027885252609848976
0.02787793055176735
0.027863236144185066
0.02785351127386093
0.027847610414028168
0.02784591168165207
0.02784750796854496
0.027850540354847908
0.027859047055244446
0.027864865958690643
0.027873605489730835
0.02786693163216114
0.027857327833771706
0.0278382059186697
0.027826689183712006
0.02782256342470646
0.027823975309729576
0.027829749509692192
0.027834340929985046
0.027842868119478226
0.027841445058584213
0.02783985435962677
0.0278251301497221
0.027812695130705833
0.02780085615813732
0.027795646339654922
0.027794554829597473
0.02779584936797619
0.027802206575870514
0.02780933678150177
0.027823559939861298
0.027826804667711258
0.027829131111502647
0.027810409665107727
0.027792993932962418
0.027777262032032013
0.027772553265094757
0.027775460854172707
0.027780883014202118
0.027791442349553108
0.027796579524874687
0.02780398353934288
0.027794145047664642
0.027784092351794243
0.02776484563946724
0.027753453701734543
0.027747372165322304
0.02774680033326149
0.027751030400395393
0.027757419273257256
0.02777230553328991
0.02778233215212822
0.02779649943113327
0.027785327285528183
0.0277702659368515
0.027743399143218994
0.02772989496588707
0.027728494256734848
0.027734342962503433
0.02774682827293873
0.027754593640565872
0.027765942737460136
0.02775905467569828
0.027750909328460693
0.02772807702422142
0.02771296724677086
0.027704065665602684
0.027703311294317245
0.027708521112799644
0.027715690433979034
0.027732066810131073
0.02774365432560444
0.027761004865169525
0.027749251574277878
0.02773396670818329
0.02770414389669895
0.02768833562731743
0.027685251086950302
0.027690690010786057
0.027703668922185898
0.027713047340512276
0.027726609259843826
0.027720754966139793
0.027713369578123093
0.027688656002283096
0.027672238647937775
0.027661506086587906
0.02766006626188755
0.027664732187986374
0.02767239511013031
0.027690710499882698
0.027706442400813103
0.027732394635677338
0.02772711217403412
0.027717387303709984
0.02767867222428322
0.027654951438307762
0.027646848931908607
0.027652554214000702
0.02766701765358448
0.027677025645971298
0.02769242599606514
0.027687452733516693
0.02768249437212944
0.027656111866235733
0.027636965736746788
0.027622684836387634
0.02761899307370186
0.027621770277619362
0.027628382667899132
0.027645936235785484
0.027666473761200905
0.027704814448952675
0.027714038267731667
0.027721978724002838
0.027671825140714645
0.027634866535663605
0.02761421725153923
0.027620438486337662
0.027641134336590767
0.027655567973852158
0.02767578884959221
0.027668848633766174
0.027663687244057655
0.027634087949991226
0.027611080557107925
0.02759258635342121
0.027586273849010468
0.027592506259679794
0.027604756876826286
0.027632875367999077
0.027658186852931976
0.02770054340362549
0.027698004618287086
0.027691874653100967
0.027630088850855827
0.027596091851592064
0.027587616816163063
0.027604615315794945
0.027634257450699806
0.027650518342852592
0.027670979499816895
0.027646353468298912
0.027623703703284264
0.027583500370383263
0.027565961703658104
0.027562929317355156
0.02756844274699688
0.027588175609707832
0.027608338743448257
0.027651282027363777
0.027667388319969177
0.027687275782227516
0.027640530839562416
0.027598120272159576
0.02755541354417801
0.02754957601428032
0.02756599336862564
0.027586285024881363
0.027615420520305634
0.02761874720454216
0.027623187750577927
0.027583062648773193
0.027556758373975754
0.027531221508979797
0.027525831013917923
0.027529209852218628
0.02753768488764763
0.02756146714091301
0.027590440586209297
0.027648549526929855
0.027667876332998276
0.02768820896744728
0.027608657255768776
0.02755761705338955
0.0275274608284235
0.027539242058992386
0.027571341022849083
0.0275961272418499
0.02763376757502556
0.027619849890470505
0.02761359140276909
0.027563946321606636
0.02753615379333496
0.027517512440681458
0.02751096710562706
0.027521999552845955
0.02753767929971218
0.027589360252022743
0.027638401836156845
0.027720067650079727
0.027704885229468346
0.027676794677972794
0.027566589415073395
0.027518099173903465
0.027525093406438828
0.027560818940401077
0.027608050033450127
0.027615640312433243
0.02763199992477894
0.027575397863984108
0.02754361368715763
0.02750251814723015
0.027502786368131638
0.027514593675732613
0.027524860575795174
0.027548283338546753
0.027576155960559845
0.027659118175506592
0.027703236788511276
0.027761898934841156
0.027642251923680305
0.027570588514208794
0.027518998831510544
0.02755100466310978
0.027597099542617798
0.02762083150446415
0.027683742344379425
0.027682065963745117
0.0277186781167984
0.02762117236852646
0.02756083942949772
0.02752210572361946
0.02752567268908024
0.027543138712644577
0.027533847838640213
0.0275743305683136
0.02765296772122383
0.027852939441800117
0.027926744893193245
0.02798764780163765
0.027720019221305847
0.02766871079802513
0.027662597596645355
0.027676701545715332
0.02763373963534832
0.02762400545179844
0.027745544910430908
0.02781582437455654
0.027959484606981277
0.027841467410326004
0.02798379771411419
0.02791883982717991
0.027941104024648666
0.027746673673391342
0.027721185237169266
0.027746524661779404
0.027810899540781975
0.02772434614598751
0.02772214077413082
0.027784273028373718
0.028099332004785538
0.028275933116674423
0.028895815834403038
0.028523055836558342
0.02935962565243244
0.02851642668247223
0.029757605865597725
0.029338572174310684
0.034105170518159866
0.03104737028479576
0.039936505258083344
0.033866338431835175
0.045599184930324554
0.04067621007561684
0.054903045296669006
0.04757796972990036
0.06741137057542801
0.05590995028614998
0.08103954792022705
0.06749825924634933
0.0915815457701683
0.08150812238454819
0.10762841999530792
0.09626837074756622
0.11833374202251434
0.10812631994485855
0.11926034837961197
0.11231706291437149
0.1190665066242218
0.11202111840248108
0.11512747406959534
0.10693614929914474
0.10727250576019287
0.09920454025268555
0.09891538321971893
0.09143522381782532
0.0908454954624176
0.08354951441287994
0.08253082633018494
0.07635150104761124
0.07565537095069885
0.07004514336585999
0.07000412046909332
0.06476236879825592
0.06528028100728989
0.06019461899995804
0.06106552854180336
0.05622568354010582
0.05752734839916229
0.052942387759685516
0.054506585001945496
0.050099026411771774
0.05181213095784187
0.047522708773612976
0.04921644181013107
0.045442961156368256
0.04748379811644554
0.04377559944987297
0.04591664671897888
0.042304083704948425
0.04426346719264984
0.04096539691090584
0.04251035675406456
0.03967897593975067
0.04100426286458969
0.03860625624656677
0.040038906037807465
0.037632107734680176
0.03906261920928955
0.03681778907775879
0.03805551305413246
0.0359937958419323
0.03691773861646652
0.03524533286690712
0.03594084829092026
0.03452370688319206
0.03498903289437294
0.03383609652519226
0.03407381847500801
0.03313959017395973
0.03321319445967674
0.032491568475961685
0.03244995325803757
0.03190317749977112
0.03177521750330925
0.031354621052742004
0.031180037185549736
0.030875450000166893
0.030691970139741898
0.03046865016222
0.030295509845018387
0.030122580006718636
0.02996686100959778
0.029823530465364456
0.029686981812119484
0.02956528775393963
0.029446221888065338
0.029340937733650208
0.029238643124699593
0.029145456850528717
0.02905823104083538
0.028976671397686005
0.028900381177663803
0.028827877715229988
0.02876048907637596
0.02869638055562973
0.02863655425608158
0.028580335900187492
0.028527118265628815
0.028477277606725693
0.028430229052901268
0.02838587574660778
0.028343917801976204
0.028304165229201317
0.028266526758670807
0.028230682015419006
0.028196796774864197
0.028164612129330635
0.02813401259481907
0.02810496836900711
0.028077255934476852
0.028050893917679787
0.0280257910490036
0.028001854196190834
0.027978958562016487
0.027957068756222725
0.027936125174164772
0.027916086837649345
0.027896877378225327
0.027878424152731895
0.02786082588136196
0.027844013646245003
0.027827754616737366
0.027812086045742035
0.027797119691967964
0.02778259478509426
0.027768639847636223
0.02775518037378788
0.02774215117096901
0.02772953361272812
0.02771736867725849
0.027705613523721695
0.027694234624505043
0.02768317051231861
0.027672480791807175
0.027662046253681183
0.027651917189359665
0.027642060071229935
0.02763250470161438
0.027623221278190613
0.027614235877990723
0.02760545164346695
0.027596961706876755
0.027588672935962677
0.027580589056015015
0.02757270261645317
0.027565021067857742
0.02755753882229328
0.027550263330340385
0.027543114498257637
0.02753620781004429
0.027529433369636536
0.027522757649421692
0.027516281232237816
0.02750988118350506
0.02750365063548088
0.02749759890139103
0.027491634711623192
0.0274858009070158
0.02748008631169796
0.027474472299218178
0.02746901661157608
0.0274636372923851
0.027458341792225838
0.027453135699033737
0.02744806744158268
0.027443019673228264
0.027438141405582428
0.02743329294025898
0.027428526431322098
0.027423856779932976
0.027419250458478928
0.027414677664637566
0.027410270646214485
0.027405820786952972
0.027401555329561234
0.027397271245718002
0.027393100783228874
0.027388976886868477
0.027384931221604347
0.02738090604543686
0.027377039194107056
0.02737310342490673
0.027369385585188866
0.02736557647585869
0.027361994609236717
0.02735830843448639
0.027354862540960312
0.027351317927241325
0.027348004281520844
0.02734444849193096
0.027341118082404137
0.027337536215782166
0.027334243059158325
0.02733064629137516
0.027327336370944977
0.027323871850967407
0.027320638298988342
0.027317240834236145
0.027314120903611183
0.027310878038406372
0.027307886630296707
0.02730477787554264
0.027301980182528496
0.02729901671409607
0.02729627676308155
0.027293330058455467
0.027290677651762962
0.02728765457868576
0.02728496491909027
0.027281811460852623
0.02727903053164482
0.027275919914245605
0.027273083105683327
0.027270041406154633
0.027267247438430786
0.027264267206192017
0.02726161666214466
0.027258824557065964
0.02725629322230816
0.027253655716776848
0.027251340448856354
0.0272489283233881
0.027246955782175064
0.02724451571702957
0.02724253572523594
0.027239853516221046
0.027237605303525925
0.027234623208642006
0.02723204530775547
0.027229025959968567
0.027226459234952927
0.027223605662584305
0.027221057564020157
0.027218403294682503
0.027216048911213875
0.027213595807552338
0.027211468666791916
0.027209298685193062
0.0272076278924942
0.027205852791666985
0.02720470353960991
0.027202993631362915
0.02720164693892002
0.027199028059840202
0.027196716517210007
0.027193361893296242
0.02719053626060486
0.027187498286366463
0.027184972539544106
0.02718239650130272
0.027180055156350136
0.02717773988842964
0.027175497263669968
0.027173331007361412
0.027171144261956215
0.027169201523065567
0.02716739848256111
0.027166102081537247
0.027165008708834648
0.027165187522768974
0.02716515213251114
0.027165906503796577
0.027164096012711525
0.027162106707692146
0.02715732529759407
0.02715347707271576
0.027149751782417297
0.02714730054140091
0.027145467698574066
0.02714405581355095
0.02714354917407036
0.027143266052007675
0.027144255116581917
0.027143927291035652
0.027143696323037148
0.027139926329255104
0.027136284857988358
0.027131354436278343
0.027127984911203384
0.02712525613605976
0.027123386040329933
0.02712215483188629
0.027121366932988167
0.027121897786855698
0.027122292667627335
0.027124151587486267
0.027123119682073593
0.027121739462018013
0.027116430923342705
0.027111776173114777
0.027107110247015953
0.027104509994387627
0.02710292674601078
0.027102015912532806
0.027102526277303696
0.027103375643491745
0.027106158435344696
0.02710670791566372
0.027107229456305504
0.027101919054985046
0.027096526697278023
0.027090314775705338
0.02708706632256508
0.027085356414318085
0.027084792032837868
0.027085844427347183
0.027086980640888214
0.027089932933449745
0.027089904993772507
0.027089647948741913
0.027083657681941986
0.027078216895461082
0.027072381228208542
0.027069268748164177
0.027067717164754868
0.02706717699766159
0.02706824615597725
0.027069710195064545
0.027073482051491737
0.027074366807937622
0.02707524225115776
0.02706954814493656
0.027063686400651932
0.02705659344792366
0.027052823454141617
0.02705123834311962
0.027050988748669624
0.027052830904722214
0.027054887264966965
0.027059020474553108
0.027059335261583328
0.027059165760874748
0.027052193880081177
0.02704603411257267
0.0270396638661623
0.027036435902118683
0.027035174891352654
0.027035119011998177
0.027037285268306732
0.027039701119065285
0.02704453282058239
0.02704538404941559
0.027045508846640587
0.02703792043030262
0.027030905708670616
0.027023881673812866
0.02702072635293007
0.027019929140806198
0.027020467445254326
0.027023453265428543
0.027026401832699776
0.027031946927309036
0.027032822370529175
0.027033407241106033
0.027025384828448296
0.027017802000045776
0.027009783312678337
0.02700616419315338
0.027005361393094063
0.02700606919825077
0.027009569108486176
0.02701319381594658
0.027019482105970383
0.027020497247576714
0.02702050469815731
0.027011172845959663
0.027003085240721703
0.026994969695806503
0.02699165977537632
0.02699139527976513
0.02699275128543377
0.026997476816177368
0.027002112939953804
0.027010228484869003
0.027011506259441376
0.02701147459447384
0.027000073343515396
0.026990050449967384
0.0269814170897007
0.0269788671284914
0.026980217546224594
0.02698332443833351
0.02699044905602932
0.026995612308382988
0.027002811431884766
0.02699899673461914
0.02699318714439869
0.026979515329003334
0.02697090245783329
0.02696654200553894
0.02696666680276394
0.026970403268933296
0.026974834501743317
0.026983724907040596
0.02698809653520584
0.026993103325366974
0.026984699070453644
0.026975683867931366
0.026962433010339737
0.026955612003803253
0.0269538015127182
0.02695542201399803
0.02696097455918789
0.026966841891407967
0.026977743953466415
0.026981767266988754
0.02698487788438797
0.026971973478794098
0.026959380134940147
0.02694680355489254
0.02694275788962841
0.026944171637296677
0.02694820426404476
0.026957156136631966
0.026964221149683
0.026974670588970184
0.02697218954563141
0.026967430487275124
0.02695039100944996
0.026938490569591522
0.026931632310152054
0.026931600645184517
0.026936152949929237
0.026942096650600433
0.026954032480716705
0.02696138247847557
0.026971496641635895
0.026963746175169945
0.02695336379110813
0.026934174820780754
0.02692386507987976
0.026921115815639496
0.02692403644323349
0.02693190425634384
0.026939310133457184
0.026951603591442108
0.026953596621751785
0.026954561471939087
0.02693883702158928
0.02692539244890213
0.02691267617046833
0.02690841816365719
0.02690942771732807
0.026913318783044815
0.026922833174467087
0.02693190425634384
0.02694781869649887
0.026950884610414505
0.026952922344207764
0.026933297514915466
0.026915865018963814
0.02690158784389496
0.026898937299847603
0.02690361626446247
0.02691095694899559
0.0269247367978096
0.0269343089312315
0.02694731578230858
0.026939403265714645
0.026929261162877083
0.0269066970795393
0.026893477886915207
0.026888631284236908
0.02689097821712494
0.026899639517068863
0.02690895088016987
0.026925940066576004
0.026934437453746796
0.026944858953356743
0.026930145919322968
0.026914315298199654
0.026891155168414116
0.026880910620093346
0.026880472898483276
0.026886172592639923
0.026898536831140518
0.026909656822681427
0.026927685365080833
0.026928912848234177
0.026929009705781937
0.02690565586090088
0.02688721939921379
0.026872113347053528
0.026868851855397224
0.02687344141304493
0.026881445199251175
0.026898011565208435
0.026912353932857513
0.026935415342450142
0.026933932676911354
0.026928670704364777
0.02689659781754017
0.026874808594584465
0.026863226667046547
0.026865793392062187
0.026877200230956078
0.026888925582170486
0.026908816769719124
0.026914650574326515
0.026921527460217476
0.026900995522737503
0.026881659403443336
0.02685929276049137
0.026851089671254158
0.02685222588479519
0.02685871720314026
0.026873473078012466
0.026889009401202202
0.02691628597676754
0.026924092322587967
0.026931535452604294
0.026900313794612885
0.026873450726270676
0.026849787682294846
0.026846028864383698
0.02685525082051754
0.026868363842368126
0.02689097449183464
0.026903502643108368
0.026921382173895836
0.026905961334705353
0.026889953762292862
0.02685701474547386
0.026840394362807274
0.026836354285478592
0.026842014864087105
0.026856455951929092
0.026871876791119576
0.026899950578808784
0.026911549270153046
0.02692730724811554
0.026900233700871468
0.026873748749494553
0.026840651407837868
0.02683030068874359
0.02683624066412449
0.026849228888750076
0.026872428134083748
0.02688884735107422
0.02691390924155712
0.02690410614013672
0.026893554255366325
0.026854725554585457
0.02683153934776783
0.0268209520727396
0.02682471089065075
0.026838837191462517
0.026855845004320145
0.0268879197537899
0.026904817670583725
0.026928402483463287
0.026901666074991226
0.026875007897615433
0.026833191514015198
0.026817571371793747
0.026821793988347054
0.026836326345801353
0.026862043887376785
0.02687877044081688
0.02690465934574604
0.026894476264715195
0.026883156970143318
0.026841899380087852
0.026817049831151962
0.026804592460393906
0.026807397603988647
0.02682102844119072
0.026839256286621094
0.02687675505876541
0.02690516971051693
0.02694857493042946
0.026926275342702866
0.026900354772806168
0.026838814839720726
0.02681203931570053
0.026814715936779976
0.026835041120648384
0.0268685445189476
0.02688688039779663
0.026910454034805298
0.0268862247467041
0.02686171419918537
0.026817776262760162
0.026798296719789505
0.026795100420713425
0.026804031804203987
0.026826288551092148
0.026851246133446693
0.02690030261874199
0.026924189180135727
0.02695626951754093
0.026903681457042694
0.02685881033539772
0.026808397844433784
0.026801709085702896
0.02682165615260601
0.02684537135064602
0.026880083605647087
0.026886655017733574
0.026896674185991287
0.026861369609832764
0.02683073654770851
0.026794753968715668
0.026779891923069954
0.026781316846609116
0.026791583746671677
0.026817461475729942
0.026848021894693375
0.02690904773771763
0.0269431471824646
0.026989057660102844
0.026918279007077217
0.026859290897846222
0.02680063620209694
0.026805855333805084
0.026843100786209106
0.02687736041843891
0.026923710480332375
0.026912890374660492
0.02690836414694786
0.02685350924730301
0.026816390454769135
0.026790136471390724
0.026784159243106842
0.026799093931913376
0.02682044543325901
0.026874005794525146
0.026921553537249565
0.026999879628419876
0.026982920244336128
0.026957837864756584
0.02684997394680977
0.02680724486708641
0.0268105436116457
0.026843180879950523
0.02688450552523136
0.026901787146925926
0.026932766661047935
0.026894045993685722
0.026867669075727463
0.026806509122252464
0.026790305972099304
0.026788633316755295
0.026796361431479454
0.026811514049768448
0.026833266019821167
0.026906024664640427
0.026980653405189514
0.02710082195699215
0.02704688534140587
0.02699984423816204
0.0268663689494133
0.026843581348657608
0.026863031089305878
0.026886288076639175
0.026930401101708412
0.026945289224386215
0.026998618617653847
0.026952292770147324
0.026912415400147438
0.026843294501304626
0.026820797473192215
0.026818865910172462
0.026808006688952446
0.026803452521562576
0.026815369725227356
0.026896711438894272
0.027011077851057053
0.02719864249229431
0.027195435017347336
0.027246572077274323
0.027014441788196564
0.02696162462234497
0.026923557743430138
0.02694864571094513
0.027045907452702522
0.027118520811200142
0.027241922914981842
0.02710822969675064
0.02704746276140213
0.026937037706375122
0.026930637657642365
0.02691837027668953
0.026899423450231552
0.026919063180685043
0.026977239176630974
0.027159910649061203
0.027313536033034325
0.027625519782304764
0.027384759858250618
0.02746284008026123
0.02715355157852173
0.0271532591432333
0.0270905289798975
0.027125202119350433
0.027179285883903503
0.02720840647816658
0.02732652984559536
0.027480771765112877
0.028196075931191444
0.028129419311881065
0.029241308569908142
0.02790633961558342
0.0293476190418005
0.028578072786331177
0.032645415514707565
0.030344568192958832
0.040782760828733444
0.033979278057813644
0.049543775618076324
0.04136990010738373
0.05534031242132187
0.04934421926736832
0.06851877272129059
0.05725237354636192
0.08414441347122192
0.07114472985267639
0.1051410362124443
0.09191468358039856
0.12286517024040222
0.11373483389616013
0.14082473516464233
0.13393251597881317
0.15029269456863403
0.14726367592811584
0.15474170446395874
0.15295621752738953
0.1527930051088333
0.14847001433372498
0.14539408683776855
0.13857829570770264
0.13360756635665894
0.12561626732349396
0.12097489833831787
0.1132650226354599
0.10897153615951538
0.10126657783985138
0.09818723052740097
0.09037283807992935
0.08792908489704132
0.08103182911872864
0.07936999201774597
0.07333722710609436
0.0720047727227211
0.06653030216693878
0.06598591804504395
0.06081276386976242
0.06067032739520073
0.05604415759444237
0.056405555456876755
0.05210169404745102
0.05320003628730774
0.04901633411645889
0.050726525485515594
0.046551723033189774
0.04841648414731026
0.04443494603037834
0.046008139848709106
0.04254661500453949
0.043718159198760986
0.04078220576047897
0.04165765643119812
0.03928665444254875
0.040084030479192734
0.0379234217107296
0.038631219416856766
0.03668765723705292
0.0371960811316967
0.0356079563498497
0.03575706481933594
0.03452879935503006
0.03443348780274391
0.033571213483810425
0.033369280397892
0.0327393114566803
0.03248697146773338
0.03200048208236694
0.03174939751625061
0.031352922320365906
0.031091922894120216
0.030790193006396294
0.03055202215909958
0.030319441109895706
0.030110560357570648
0.02992338314652443
0.02974027208983898
0.029579520225524902
0.02942247875034809
0.029281558468937874
0.02914929948747158
0.02902645617723465
0.028913209214806557
0.028805682435631752
0.02870652638375759
0.028612900525331497
0.02852572128176689
0.028444619849324226
0.028367964550852776
0.028296351432800293
0.02822895534336567
0.02816574089229107
0.028106365352869034
0.02805021032691002
0.02799755334854126
0.027947798371315002
0.02790079079568386
0.027856573462486267
0.02781456895172596
0.027775004506111145
0.027737541124224663
0.027701999992132187
0.02766820602118969
0.02763596549630165
0.027605433017015457
0.02757635898888111
0.027548685669898987
0.02752232737839222
0.02749723382294178
0.027473388239741325
0.027450647205114365
0.027428850531578064
0.027408018708229065
0.027388088405132294
0.027368996292352676
0.02735079452395439
0.027333281934261322
0.027316534891724586
0.02730036899447441
0.02728474885225296
0.02726975455880165
0.02725531905889511
0.027241341769695282
0.02722790651023388
0.027214961126446724
0.027202436700463295
0.027190353721380234
0.027178656309843063
0.027167314663529396
0.027156313881278038
0.02714567631483078
0.027135398238897324
0.02712544985115528
0.02711576037108898
0.027106350287795067
0.027097295969724655
0.027088414877653122
0.0270797498524189
0.027071340009570122
0.02706318162381649
0.027055293321609497
0.027047639712691307
0.027040114626288414
0.02703280560672283
0.027025695890188217
0.027018748223781586
0.02701200731098652
0.02700534090399742
0.026998911052942276
0.02699260227382183
0.026986435055732727
0.0269804447889328
0.026974551379680634
0.02696879580616951
0.026963144540786743
0.026957634836435318
0.02695222944021225
0.026946939527988434
0.026941757649183273
0.02693668007850647
0.02693171054124832
0.026926817372441292
0.026922045275568962
0.026917336508631706
0.02691275253891945
0.026908252388238907
0.026903832331299782
0.026899507269263268
0.02689521573483944
0.026891058310866356
0.026886900886893272
0.026882873848080635
0.026878854259848595
0.02687492035329342
0.02687102183699608
0.026867231354117393
0.026863455772399902
0.02685975655913353
0.02685614489018917
0.0268525592982769
0.026849012821912766
0.026845531538128853
0.026842063292860985
0.02683865837752819
0.026835322380065918
0.02683200128376484
0.026828691363334656
0.02682551182806492
0.02682238444685936
0.02681923657655716
0.026816174387931824
0.026813143864274025
0.026810117065906525
0.026807157322764397
0.02680424228310585
0.02680136263370514
0.026798518374562263
0.026795735582709312
0.026792969554662704
0.026790237054228783
0.026787562295794487
0.02678488940000534
0.026782289147377014
0.026779700070619583
0.02677711471915245
0.02677464298903942
0.026772113516926765
0.026769600808620453
0.02676718682050705
0.026764817535877228
0.02676243521273136
0.026760008186101913
0.02675778605043888
0.02675548940896988
0.026753295212984085
0.02675105631351471
0.02674894779920578
0.02674674615263939
0.026744738221168518
0.02674252726137638
0.026740510016679764
0.026738295331597328
0.026736285537481308
0.026734039187431335
0.026732008904218674
0.02672983519732952
0.02672780305147171
0.026725634932518005
0.026723597198724747
0.026721492409706116
0.02671961300075054
0.026717567816376686
0.026715654879808426
0.026713697239756584
0.02671191655099392
0.026710018515586853
0.026708310469985008
0.026706509292125702
0.026704929769039154
0.026703014969825745
0.026701420545578003
0.026699533686041832
0.026697833091020584
0.02669582888484001
0.02669416554272175
0.026692239567637444
0.02669050171971321
0.026688626036047935
0.026686975732445717
0.02668522484600544
0.026683643460273743
0.026681922376155853
0.02668050117790699
0.02667885832488537
0.026677481830120087
0.026675870642066002
0.026674551889300346
0.026672925800085068
0.026671510189771652
0.026669731363654137
0.026668274775147438
0.026666445657610893
0.026664935052394867
0.026663094758987427
0.026661613956093788
0.026659967377781868
0.0266585536301136
0.026657013222575188
0.02665577083826065
0.02665436454117298
0.026653369888663292
0.02665208838880062
0.02665117383003235
0.026649821549654007
0.026648754253983498
0.026646986603736877
0.026645582169294357
0.02664361149072647
0.026642048731446266
0.026640143245458603
0.026638664305210114
0.026637006551027298
0.026635603979229927
0.026634156703948975
0.02663283236324787
0.02663153037428856
0.026630593463778496
0.026629550382494926
0.026629073545336723
0.02662835456430912
0.02662823349237442
0.026627326384186745
0.026626640930771828
0.02662462554872036
0.026622943580150604
0.02662043645977974
0.026618577539920807
0.026616647839546204
0.02661512792110443
0.026613546535372734
0.026612181216478348
0.0266108401119709
0.026609526947140694
0.026608381420373917
0.026607373729348183
0.026606876403093338
0.02660665474832058
0.026607273146510124
0.026607509702444077
0.02660827711224556
0.026606891304254532
0.02660536766052246
0.026601996272802353
0.02659955807030201
0.026597019284963608
0.026595450937747955
0.026594091206789017
0.026593048125505447
0.026592623442411423
0.026592513546347618
0.026593489572405815
0.02659420296549797
0.026595722883939743
0.026594694703817368
0.02659318782389164
0.026588955894112587
0.026585882529616356
0.026583103463053703
0.026581579819321632
0.02658076584339142
0.026580367237329483
0.026581062003970146
0.026581881567835808
0.026583829894661903
0.026583870872855186
0.026583552360534668
0.026579679921269417
0.02657630294561386
0.026572484523057938
0.026570402085781097
0.026569155976176262
0.026568584144115448
0.026568975299596786
0.02656962163746357
0.02657163329422474
0.02657240256667137
0.02657342702150345
0.026570769026875496
0.02656783163547516
0.02656320109963417
0.02656036987900734
0.02655823528766632
0.026557214558124542
0.02655705250799656
0.026557309553027153
0.026559188961982727
0.02656080387532711
0.026563819497823715
0.026563595980405807
0.02656266652047634
0.026557395234704018
0.026553204283118248
0.026549121364951134
0.026547297835350037
0.026546619832515717
0.026546714827418327
0.026548339053988457
0.026550307869911194
0.0265541672706604
0.026555445045232773
0.02655624970793724
0.026551315560936928
0.026546139270067215
0.02654050663113594
0.026538128033280373
0.02653750777244568
0.026538055390119553
0.02654048427939415
0.02654299885034561
0.026547275483608246
0.02654789388179779
0.02654804103076458
0.026541775092482567
0.026536116376519203
0.02653075009584427
0.02652876265347004
0.026528654620051384
0.026529673486948013
0.026532741263508797
0.026535514742136
0.026539722457528114
0.026539158076047897
0.026537831872701645
0.026531102135777473
0.02652573771774769
0.02652101218700409
0.026519067585468292
0.026518933475017548
0.026519794017076492
0.026522895321249962
0.026526546105742455
0.026532689109444618
0.02653443068265915
0.026535267010331154
0.02652772329747677
0.026520436629652977
0.02651347778737545
0.02651130221784115
0.02651197835803032
0.026514029130339622
0.02651863731443882
0.026522532105445862
0.026528164744377136
0.026527192443609238
0.026524903252720833
0.026515822857618332
0.026508983224630356
0.026504097506403923
0.026502884924411774
0.026504164561629295
0.026506539434194565
0.026511862874031067
0.026516232639551163
0.026522504165768623
0.026520980522036552
0.026517562568187714
0.02650725655257702
0.026500027626752853
0.02649562992155552
0.02649516984820366
0.0264974944293499
0.02650078386068344
0.02650683932006359
0.026510469615459442
0.026515085250139236
0.02651107870042324
0.02650602161884308
0.026496177539229393
0.026490138843655586
0.026486899703741074
0.026486605405807495
0.0264888983219862
0.026492303237318993
0.026499535888433456
0.026505742222070694
0.026513630524277687
0.026510920375585556
0.02650580368936062
0.02649274468421936
0.026484334841370583
0.0264804158359766
0.02648124471306801
0.026485677808523178
0.02649082988500595
0.02649986371397972
0.026504509150981903
0.026509590446949005
0.026502011343836784
0.026493558660149574
0.02648119255900383
0.02647513523697853
0.02647363394498825
0.026475321501493454
0.02648049406707287
0.026486270129680634
0.0264967642724514
0.026501968502998352
0.026506979018449783
0.0264972485601902
0.02648640237748623
0.02647310495376587
0.02646784298121929
0.026468273252248764
0.026471929624676704
0.026479803025722504
0.026486802846193314
0.026497304439544678
0.026498185470700264
0.02649649605154991
0.026481853798031807
0.0264703631401062
0.02646179497241974
0.0264604315161705
0.026463689282536507
0.026468710973858833
0.02647893689572811
0.026487281545996666
0.02649872936308384
0.026496324688196182
0.026490438729524612
0.026472022756934166
0.02646009810268879
0.026454931125044823
0.026456810534000397
0.026463959366083145
0.02647201530635357
0.026485269889235497
0.026491116732358932
0.026497134938836098
0.02648511901497841
0.02647227793931961
0.02645602822303772
0.02644970268011093
0.02645043469965458
0.02645501121878624
0.026464784517884254
0.026473606005311012
0.026487234979867935
0.026488730683922768
0.026488464325666428
0.026471395045518875
0.02645687572658062
0.026444915682077408
0.026442421600222588
0.026446042582392693
0.026452546939253807
0.026465440168976784
0.026476645842194557
0.02649342268705368
0.026492726057767868
0.026487667113542557
0.026463894173502922
0.02644737996160984
0.026439012959599495
0.026440875604748726
0.026449577882885933
0.02645941451191902
0.026475006714463234
0.026481494307518005
0.026488222181797028
0.02647334337234497
0.026458140462636948
0.026439718902111053
0.02643284574151039
0.02643406018614769
0.026439741253852844
0.026451902464032173
0.02646336704492569
0.026481615379452705
0.02648482285439968
0.02648557350039482
0.026463374495506287
0.026444830000400543
0.02642984315752983
0.026427660137414932
0.026433411985635757
0.0264425165951252
0.02645929902791977
0.026471653953194618
0.026488885283470154
0.0264825951308012
0.026472965255379677
0.026446016505360603
0.026429083198308945
0.026422979310154915
0.026427319273352623
0.026439189910888672
0.026451412588357925
0.026471056044101715
0.02647855132818222
0.026486491784453392
0.026467205956578255
0.026447953656315804
0.02642556093633175
0.02641809545457363
0.0264211967587471
0.02642933279275894
0.026444992050528526
0.02645854838192463
0.02647947520017624
0.02648095041513443
0.02647922933101654
0.02645176462829113
0.026430413126945496
0.026414779946208
0.02641362138092518
0.026421086862683296
0.02643190324306488
0.02645149827003479
0.02646578848361969
0.026487231254577637
0.02648046612739563
0.026469921693205833
0.026437697932124138
0.026417601853609085
0.026409508660435677
0.026413576677441597
0.026426788419485092
0.026441626250743866
0.026466786861419678
0.026478981599211693
0.02649369277060032
0.026471320539712906
0.026449039578437805
0.026418376713991165
0.02640758641064167
0.026411110535264015
0.026421930640935898
0.026442693546414375
0.02645963616669178
0.026484796777367592
0.02648245170712471
0.026475176215171814
0.02643878571689129
0.026413999497890472
0.026401462033391
0.026404978707432747
0.02641828916966915
0.026434095576405525
0.026461593806743622
0.026477329432964325
0.026497725397348404
0.02647460252046585
0.026450783014297485
0.026415154337882996
0.026401586830615997
0.026403971016407013
0.02641446702182293
0.026435486972332
0.026452992111444473
0.026479795575141907
0.02647962048649788
0.026475857943296432
0.026439741253852844
0.026413090527057648
0.026394840329885483
0.026394838467240334
0.02640412002801895
0.02641725353896618
0.026442743837833405
0.02646341361105442
0.026496026664972305
0.026485400274395943
0.02647365629673004
0.026429804041981697
0.026405107229948044
0.026396170258522034
0.026400644332170486
0.026417775079607964
0.026436371728777885
0.026470936834812164
0.02648945152759552
0.026508212089538574
0.02647690288722515
0.02644399367272854
0.026403240859508514
0.026392526924610138
0.026398636400699615
0.026413021609187126
0.02643679268658161
0.02645651437342167
0.02649236097931862
0.02648746222257614
0.026483071967959404
0.026435106992721558
0.02640782669186592
0.026394536718726158
0.0263951625674963
0.02640629932284355
0.0264186542481184
0.02645031362771988
0.02647896111011505
0.026520220562815666
0.026513386517763138
0.026490850374102592
0.02642858773469925
0.026396814733743668
0.026392675936222076
0.026409009471535683
0.026428766548633575
0.026442497968673706
0.02647078037261963
0.026475489139556885
0.02648981660604477
0.026443826034665108
0.0264124795794487
0.026386858895421028
0.026387818157672882
0.026398401707410812
0.026400957256555557
0.02641473338007927
0.026433274149894714
0.02649116888642311
0.0265460554510355
0.02660825476050377
0.026570525020360947
0.026508672162890434
0.026426509022712708
0.026422355324029922
0.02644651010632515
0.026459211483597755
0.026459937915205956
0.026456382125616074
0.026483960449695587
0.026468336582183838
0.026453131809830666
0.02639838680624962
0.026382870972156525
0.026392947882413864
0.026401769369840622
0.026402585208415985
0.026385968551039696
0.026393717154860497
0.02642982453107834
0.026523951441049576
0.026639390736818314
0.026795120909810066
0.026766033843159676
0.026713285595178604
0.02652822993695736
0.026523923501372337
0.026573559269309044
0.026607735082507133
0.02663315273821354
0.02659783698618412
0.026599528267979622
0.026513943448662758
0.026475034654140472
0.02647649496793747
0.026513852179050446
0.02658350020647049
0.02657892368733883
0.02660227194428444
0.026557687669992447
0.02656116895377636
0.026532191783189774
0.026489879935979843
0.026441870257258415
0.02641906403005123
0.026433240622282028
0.026461301371455193
0.0265034232288599
0.02654104307293892
0.026633454486727715
0.026660233736038208
0.026737242937088013
0.026582837104797363
0.026504073292016983
0.026450861245393753
0.02648284286260605
0.026549775153398514
0.026575522497296333
0.026631232351064682
0.026623383164405823
0.02666958048939705
0.026639090850949287
0.02658046782016754
0.026475727558135986
0.026426618918776512
0.026448937132954597
0.026490874588489532
0.026514332741498947
0.0265066958963871
0.026551011949777603
0.0266168974339962
0.026775261387228966
0.026664024218916893
0.026597462594509125
0.02648059092462063
0.026510225608944893
0.02655913680791855
0.026541341096162796
0.026514887809753418
0.02647753618657589
0.026506980881094933
0.026566816493868828
0.02668706700205803
0.02682347595691681
0.027050908654928207
0.02697831764817238
0.027009617537260056
0.026724133640527725
0.02674468792974949
0.026706300675868988
0.02670576237142086
0.02677702158689499
0.026854369789361954
0.027047671377658844
0.02685694769024849
0.026817619800567627
0.026689089834690094
0.026714907959103584
0.02669540047645569
0.02663966454565525
0.026600338518619537
0.02658088319003582
0.026575567200779915
0.026554536074399948
0.026568768545985222
0.026667414233088493
0.02704050950706005
0.027389494702219963
0.028240494430065155
0.02753780409693718
0.02761252038180828
0.027116604149341583
0.027287069708108902
0.027246147394180298
0.02741468884050846
0.027373269200325012
0.027457458898425102
0.027406899258494377
0.028360405936837196
0.028762105852365494
0.03192264214158058
0.029054934158921242
0.03427785634994507
0.03053913079202175
0.04298140108585358
0.034758470952510834
0.04906068742275238
0.042995862662792206
0.061387643218040466
0.05280325561761856
0.07348872721195221
0.06256144493818283
0.09159815311431885
0.07717439532279968
0.10817092657089233
0.09630641341209412
0.12784773111343384
0.11995822191238403
0.15056701004505157
0.14464616775512695
0.16204965114593506
0.16207176446914673
0.1691543161869049
0.16944575309753418
0.16944153606891632
0.16650062799453735
0.15977025032043457
0.1551472246646881
0.14758256077766418
0.1405283510684967
0.13452771306037903
0.12641824781894684
0.1208995133638382
0.11276121437549591
0.10864255577325821
0.10032258927822113
0.09693866223096848
0.08952654898166656
0.08649222552776337
0.07933158427476883
0.07697188854217529
0.07093903422355652
0.06887530535459518
0.06383299082517624
0.06270899623632431
0.05796352028846741
0.057874925434589386
0.053510602563619614
0.05432679504156113
0.04994644224643707
0.051416635513305664
0.047127723693847656
0.04830341786146164
0.04459347575902939
0.045652251690626144
0.042446158826351166
0.043471962213516235
0.04067681357264519
0.04164087772369385
0.03904101997613907
0.03976508975028992
0.03759567812085152
0.038057249039411545
0.036345116794109344
0.036501627415418625
0.03512493893504143
0.035060565918684006
0.03403593227267265
0.033778056502342224
0.03305411338806152
0.032729100435972214
0.032197125256061554
0.0318618044257164
0.03146170452237129
0.03115084022283554
0.030839039012789726
0.0305651668459177
0.030312221497297287
0.030075613409280777
0.029865361750125885
0.02966245263814926
0.02948181889951229
0.029310017824172974
0.029152564704418182
0.029007358476519585
0.028871767222881317
0.028746984899044037
0.02862926758825779
0.028520550578832626
0.028418784961104393
0.028323687613010406
0.028235314413905144
0.02815193682909012
0.028073716908693314
0.02800026163458824
0.027931133285164833
0.02786637842655182
0.02780516818165779
0.027747798711061478
0.0276936162263155
0.027642419561743736
0.027594342827796936
0.027548877522349358
0.02750600501894951
0.027465498074889183
0.027427002787590027
0.027390489354729652
0.027355868369340897
0.027323031798005104
0.027291856706142426
0.027262171730399132
0.027234071865677834
0.027207283303141594
0.027181759476661682
0.027157464995980263
0.027134161442518234
0.027111923322081566
0.027090806514024734
0.027070652693510056
