# lbfgs, lr=0.8, alpha = 1000000, beta = 0.1
# best_iter: 99, best_loss = 0.04514969512820244, imsave period = 10
7.170862674713135
0.42122265696525574
0.16187678277492523
0.09531709551811218
0.07744627445936203
0.0680454894900322
0.06310360133647919
0.060042187571525574
0.05781605467200279
0.0562787801027298
0.054953936487436295
0.0539095513522625
0.05318498611450195
0.05256662517786026
0.052125588059425354
0.051740746945142746
0.051436908543109894
0.05117770656943321
0.05095876008272171
0.050765588879585266
0.0505901463329792
0.050432246178388596
0.05028523877263069
0.05014977231621742
0.05002224072813988
0.04989941045641899
0.049784187227487564
0.04967204108834267
0.0495629608631134
0.04945563152432442
0.04935391992330551
0.049253109842538834
0.0491560660302639
0.049059852957725525
0.048966504633426666
0.04887283593416214
0.048780571669340134
0.048689864575862885
0.048599082976579666
0.04850931838154793
0.048419270664453506
0.04833032935857773
0.048241447657346725
0.04815330356359482
0.048063863068819046
0.04797462001442909
0.047886256128549576
0.04779650270938873
0.047706086188554764
0.047616343945264816
0.047524627298116684
0.04743315279483795
0.04734013229608536
0.04724709317088127
0.04715382307767868
0.04705977067351341
0.046964824199676514
0.046871621161699295
0.04677805304527283
0.046684302389621735
0.046593427658081055
0.04650532454252243
0.046416670083999634
0.046343397349119186
0.046256374567747116
0.046166714280843735
0.04612625390291214
0.046023692935705185
0.04596700146794319
0.04591570422053337
0.04583695903420448
0.04583963751792908
0.04573121294379234
0.045681215822696686
0.045670486986637115
0.04563673958182335
0.04557136446237564
0.04553278535604477
0.04548770189285278
0.045461978763341904
0.04543795809149742
0.04541764780879021
0.04539323225617409
0.045449450612068176
0.04534848406910896
0.04531523957848549
0.04529820382595062
0.04528532177209854
0.045268233865499496
0.045254629105329514
0.045236315578222275
0.04523226246237755
0.04523355886340141
0.045194536447525024
0.045186083763837814
0.04518299177289009
0.04516962915658951
0.0451543964445591
0.04531998187303543
0.04514969512820244
