# adam, lr=0.01, alpha = 1000000, beta = 0.1
# best_iter: 2729, best_loss = 0.13858357071876526, imsave period = 300
9.942192077636719
4.697563648223877
3.4567489624023438
2.959012269973755
2.68866229057312
2.5236167907714844
2.4124326705932617
2.325572967529297
2.2464215755462646
2.166917085647583
2.0844218730926514
1.999363899230957
1.9130419492721558
1.8271650075912476
1.7429485321044922
1.6614261865615845
1.5835928916931152
1.5099600553512573
1.440757393836975
1.3760416507720947
1.3154983520507812
1.2588533163070679
1.2060943841934204
1.1568362712860107
1.1107940673828125
1.0676618814468384
1.0272021293640137
0.9893274307250977
0.9538401365280151
0.920513391494751
0.8892096281051636
0.8597788214683533
0.8320542573928833
0.8059223294258118
0.7812800407409668
0.7580397725105286
0.7361317873001099
0.7154489755630493
0.6959093809127808
0.6774718761444092
0.6600286960601807
0.6435120105743408
0.6278604865074158
0.613032341003418
0.5989546775817871
0.5855828523635864
0.5728713274002075
0.5607834458351135
0.5493000745773315
0.538368821144104
0.5279547572135925
0.5180189609527588
0.5085259675979614
0.4994599223136902
0.49078625440597534
0.48248666524887085
0.474555104970932
0.4669753313064575
0.4597129821777344
0.4527406096458435
0.44604381918907166
0.4396055042743683
0.43342286348342896
0.42749208211898804
0.4217814803123474
0.41628894209861755
0.41099607944488525
0.4058895707130432
0.4009586572647095
0.3962017893791199
0.39160919189453125
0.3871712386608124
0.382884681224823
0.3787388205528259
0.37472453713417053
0.3708389401435852
0.36706966161727905
0.3634127378463745
0.3598630428314209
0.3564169704914093
0.3530760407447815
0.3498295247554779
0.34667471051216125
0.34361088275909424
0.34063053131103516
0.33773481845855713
0.3349161744117737
0.3321729600429535
0.32949942350387573
0.32689717411994934
0.32436662912368774
0.3219030499458313
0.3194982409477234
0.3171538710594177
0.31486913561820984
0.312641978263855
0.31046485900878906
0.30833327770233154
0.30625098943710327
0.30421411991119385
0.30222731828689575
0.30028706789016724
0.298391729593277
0.29654109477996826
0.29472798109054565
0.292955219745636
0.29121506214141846
0.2895139455795288
0.2878490090370178
0.2862164378166199
0.28462034463882446
0.2830553352832794
0.28152337670326233
0.2800213694572449
0.2785463333129883
0.2770999073982239
0.2756836414337158
0.27429261803627014
0.27292853593826294
0.2715887427330017
0.2702721953392029
0.2689812183380127
0.2677140235900879
0.2664707601070404
0.2652491629123688
0.2640499174594879
0.2628718912601471
0.2617156505584717
0.26057881116867065
0.2594617009162903
0.2583600878715515
0.25727856159210205
0.25621506571769714
0.2551690340042114
0.25413888692855835
0.25312539935112
0.2521297335624695
0.25114914774894714
0.25018471479415894
0.24923363327980042
0.24829746782779694
0.2473769187927246
0.24647122621536255
0.24557948112487793
0.24470070004463196
0.2438359409570694
0.24298208951950073
0.24214087426662445
0.24131172895431519
0.24049538373947144
0.23969033360481262
0.2388957440853119
0.2381131649017334
0.23734131455421448
0.2365814745426178
0.2358306646347046
0.23508994281291962
0.23435956239700317
0.23363825678825378
0.23292645812034607
0.23222331702709198
0.23153048753738403
0.23084764182567596
0.2301729917526245
0.22950616478919983
0.22885096073150635
0.22820113599300385
0.2275613248348236
0.22692999243736267
0.2263077199459076
0.22569197416305542
0.22508421540260315
0.2244827151298523
0.22389043867588043
0.22330507636070251
0.22272706031799316
0.22215649485588074
0.22159156203269958
0.22103509306907654
0.22048380970954895
0.2199379950761795
0.21940147876739502
0.2188686728477478
0.2183426171541214
0.21782365441322327
0.21731016039848328
0.2168017327785492
0.21629975736141205
0.21580250561237335
0.21531005203723907
0.21482396125793457
0.21434316039085388
0.2138688564300537
0.21340036392211914
0.2129344344139099
0.21247455477714539
0.21201924979686737
0.2115689218044281
0.21112391352653503
0.21068346500396729
0.21024729311466217
0.20981630682945251
0.20938971638679504
0.20896705985069275
0.2085491120815277
0.20813508331775665
0.2077256590127945
0.20732097327709198
0.20691972970962524
0.20652265846729279
0.20613086223602295
0.20574137568473816
0.20535755157470703
0.20497605204582214
0.20459838211536407
0.2042243778705597
0.20385411381721497
0.20348775386810303
0.2031240165233612
0.20276546478271484
0.20240862667560577
0.20205602049827576
0.20170673727989197
0.2013605833053589
0.20101729035377502
0.2006782442331314
0.2003423273563385
0.2000083476305008
0.19967886805534363
0.19935141503810883
0.19902855157852173
0.198706716299057
0.19838880002498627
0.19807268679141998
0.197760671377182
0.19745104014873505
0.19714391231536865
0.19684141874313354
0.1965392380952835
0.19624140858650208
0.19594499468803406
0.19565168023109436
0.1953612118959427
0.19507402181625366
0.19478794932365417
0.194504976272583
0.19422432780265808
0.19394685328006744
0.1936722993850708
0.1933991014957428
0.19312849640846252
0.19285999238491058
0.1925937980413437
0.1923292577266693
0.19206686317920685
0.19180642068386078
0.19154833257198334
0.19129222631454468
0.1910390704870224
0.19078800082206726
0.1905384659767151
0.1902908831834793
0.19004547595977783
0.18980203568935394
0.1895599216222763
0.18932141363620758
0.18908356130123138
0.1888473927974701
0.18861383199691772
0.18838171660900116
0.1881510615348816
0.18792228400707245
0.1876954734325409
0.1874714195728302
0.18724830448627472
0.18702712655067444
0.1868072897195816
0.18659038841724396
0.18637311458587646
0.1861574649810791
0.1859438717365265
0.18573227524757385
0.18552303314208984
0.18531498312950134
0.18510828912258148
0.18490350246429443
0.18470031023025513
0.18449833989143372
0.1842978298664093
0.18409855663776398
0.18390247225761414
0.1837063431739807
0.1835121512413025
0.1833186149597168
0.18312616646289825
0.18293610215187073
0.18274712562561035
0.18255874514579773
0.1823728382587433
0.18218812346458435
0.18200385570526123
0.18182235956192017
0.18164026737213135
0.18146063387393951
0.18128204345703125
0.18110451102256775
0.18092817068099976
0.18075242638587952
0.18057867884635925
0.18040531873703003
0.18023395538330078
0.180062934756279
0.1798938363790512
0.1797250360250473
0.1795581877231598
0.17939244210720062
0.17922893166542053
0.1790633499622345
0.17890173196792603
0.17873814702033997
0.17857682704925537
0.17841677367687225
0.17825762927532196
0.1780983805656433
0.17794176936149597
0.17778484523296356
0.17763030529022217
0.17747676372528076
0.17732399702072144
0.17717233300209045
0.17702211439609528
0.17687267065048218
0.1767255663871765
0.1765768975019455
0.17643067240715027
0.17628400027751923
0.1761387437582016
0.17599359154701233
0.1758497655391693
0.1757078766822815
0.1755659580230713
0.1754256635904312
0.1752854287624359
0.17514541745185852
0.17500828206539154
0.1748700737953186
0.17473411560058594
0.17459958791732788
0.1744663119316101
0.174332857131958
0.17420229315757751
0.1740705668926239
0.1739422082901001
0.17380838096141815
0.1736798882484436
0.17354823648929596
0.17341983318328857
0.17329062521457672
0.1731635332107544
0.17303656041622162
0.17291156947612762
0.17278704047203064
0.1726641058921814
0.172541081905365
0.17242074012756348
0.172299325466156
0.17218241095542908
0.17206257581710815
0.17194651067256927
0.17182481288909912
0.17170965671539307
0.17158594727516174
0.17146866023540497
0.1713481992483139
0.1712324619293213
0.17111530900001526
0.17100200057029724
0.17088714241981506
0.17077691853046417
0.1706656515598297
0.17056061327457428
0.17045055329799652
0.17034737765789032
0.17023330926895142
0.17012646794319153
0.17000874876976013
0.16990023851394653
0.16978797316551208
0.16968078911304474
0.16957129538059235
0.16946570575237274
0.1693594753742218
0.16925838589668274
0.16915686428546906
0.16906403005123138
0.16896948218345642
0.1688818335533142
0.1687782108783722
0.16867917776107788
0.16856573522090912
0.16846054792404175
0.1683509796857834
0.16824933886528015
0.16814717650413513
0.16804713010787964
0.16794943809509277
0.16785377264022827
0.1677631139755249
0.1676744669675827
0.16759978234767914
0.16752269864082336
0.16744941473007202
0.1673479676246643
0.16724446415901184
0.16712239384651184
0.16702447831630707
0.1669314205646515
0.16684302687644958
0.16676586866378784
0.16668424010276794
0.16661131381988525
0.1665177345275879
0.1664283573627472
0.16631895303726196
0.16622324287891388
0.16612303256988525
0.1660330891609192
0.16594576835632324
0.16585950553417206
0.1657848060131073
0.16571347415447235
0.16566291451454163
0.1656012237071991
0.16553865373134613
0.1654224395751953
0.1653134524822235
0.16520318388938904
0.1651216596364975
0.1650526523590088
0.16498607397079468
0.1649322807788849
0.16485103964805603
0.16476795077323914
0.16465435922145844
0.16456091403961182
0.16446763277053833
0.16438645124435425
0.16431622207164764
0.16424769163131714
0.16419965028762817
0.16414372622966766
0.16409435868263245
0.16400264203548431
0.16390806436538696
0.16378995776176453
0.16370238363742828
0.1636265218257904
0.16356003284454346
0.1635104864835739
0.1634572148323059
0.1634099781513214
0.1633259654045105
0.1632387489080429
0.16312538087368011
0.16303879022598267
0.16295960545539856
0.16288915276527405
0.1628335416316986
0.16278207302093506
0.16275101900100708
0.16269657015800476
0.16263525187969208
0.16252243518829346
0.16242551803588867
0.1623285412788391
0.16225890815258026
0.16220130026340485
0.16214841604232788
0.16211824119091034
0.16207076609134674
0.1620231568813324
0.16192185878753662
0.1618274748325348
0.16172313690185547
0.16165070235729218
0.16159190237522125
0.16153930127620697
0.161509707570076
0.16147184371948242
0.1614387035369873
0.16135035455226898
0.1612594872713089
0.16114696860313416
0.1610703021287918
0.16100847721099854
0.16095595061779022
0.16092246770858765
0.16088461875915527
0.16086037456989288
0.1607935130596161
0.16071560978889465
0.160599023103714
0.1605171263217926
0.1604478806257248
0.1603940725326538
0.16036154329776764
0.16033153235912323
0.1603213995695114
0.16027885675430298
0.1602204144001007
0.16009974479675293
0.16000396013259888
0.1599215865135193
0.1598714292049408
0.15984266996383667
0.1598149985074997
0.15981049835681915
0.15976446866989136
0.15970264375209808
0.15958522260189056
0.15949246287345886
0.15941452980041504
0.1593627631664276
0.15933352708816528
0.15930867195129395
0.15931536257266998
0.15928855538368225
0.15925070643424988
0.15913480520248413
0.15902946889400482
0.15893414616584778
0.15888920426368713
0.15886907279491425
0.15885110199451447
0.15884916484355927
0.15880388021469116
0.15873979032039642
0.1586216539144516
0.15853336453437805
0.15846069157123566
0.15841448307037354
0.15839308500289917
0.15837907791137695
0.15839441120624542
0.15837913751602173
0.15834160149097443
0.15821512043476105
0.15810526907444
0.1580190509557724
0.15798154473304749
0.15797783434391022
0.15797336399555206
0.1579764187335968
0.15791931748390198
0.15783891081809998
0.1577148586511612
0.15763702988624573
0.15758249163627625
0.157551571726799
0.15755107998847961
0.15755413472652435
0.15757451951503754
0.15753689408302307
0.15746110677719116
0.15731698274612427
0.15722735226154327
0.1571805775165558
0.15716546773910522
0.15717977285385132
0.15717056393623352
0.1571616381406784
0.1570763885974884
0.15697994828224182
0.1568634808063507
0.1568073332309723
0.15677693486213684
0.15676583349704742
0.15679091215133667
0.15680213272571564
0.15680542588233948
0.15671874582767487
0.15660043060779572
0.15647487342357635
0.156428724527359
0.1564231663942337
0.1564289778470993
0.15645146369934082
0.15642642974853516
0.1563713401556015
0.15624293684959412
0.15614783763885498
0.15607933700084686
0.15605193376541138
0.1560574173927307
0.1560722142457962
0.156108558177948
0.15609268844127655
0.1560346931219101
0.15589193999767303
0.15578874945640564
0.15572476387023926
0.1557077169418335
0.15572834014892578
0.15574240684509277
0.1557714343070984
0.15572592616081238
0.1556408852338791
0.1554972231388092
0.15541893243789673
0.15537983179092407
0.15537379682064056
0.155404731631279
0.15542879700660706
0.1554563194513321
0.15539512038230896
0.15529586374759674
0.1551470011472702
0.15508043766021729
0.15506163239479065
0.15506917238235474
0.15511053800582886
0.15512049198150635
0.15512311458587646
0.1550205796957016
0.15490412712097168
0.15478740632534027
0.15474873781204224
0.15474724769592285
0.15476618707180023
0.15482045710086823
0.15484145283699036
0.1548321694135666
0.1547040492296219
0.15457406640052795
0.1544737070798874
0.15445642173290253
0.15448598563671112
0.15451297163963318
0.1545618772506714
0.15452802181243896
0.15444624423980713
0.15429101884365082
0.1542050689458847
0.15416912734508514
0.1541728973388672
0.15421906113624573
0.15426108241081238
0.15431249141693115
0.15426185727119446
0.15414413809776306
0.1539723426103592
0.15390892326831818
0.1539139300584793
0.15394732356071472
0.15400323271751404
0.15401224792003632
0.1539757400751114
0.15382616221904755
0.15371155738830566
0.15364126861095428
0.15363292396068573
0.15366768836975098
0.1537124216556549
0.15379060804843903
0.1537954956293106
0.1537197232246399
0.1535266637802124
0.15342095494270325
0.15339869260787964
0.15342977643013
0.1534876972436905
0.15349557995796204
0.15347284078598022
0.1533469259738922
0.15323877334594727
0.1531457006931305
0.15311682224273682
0.1531195193529129
0.15314388275146484
0.15322650969028473
0.15330740809440613
0.15337243676185608
0.15327188372612
0.15309497714042664
0.15292291343212128
0.15291453897953033
0.15298306941986084
0.15302710235118866
0.153039813041687
0.15293020009994507
0.15282133221626282
0.15270023047924042
0.15266145765781403
0.15265637636184692
0.1526774913072586
0.15275493264198303
0.15283329784870148
0.15291474759578705
0.1528506577014923
0.1526823490858078
0.15248538553714752
0.15246263146400452
0.15252405405044556
0.15258604288101196
0.15261822938919067
0.15254446864128113
0.15242692828178406
0.15227460861206055
0.1522272825241089
0.15222889184951782
0.15225741267204285
0.15233497321605682
0.15240564942359924
0.15245157480239868
0.15235202014446259
0.15219420194625854
0.15203657746315002
0.15201354026794434
0.15205493569374084
0.15210270881652832
0.1521507203578949
0.15211328864097595
0.15203437209129333
0.151885986328125
0.1518038958311081
0.15176475048065186
0.15176400542259216
0.15181536972522736
0.15190738439559937
0.1520610749721527
0.15216833353042603
0.15212149918079376
0.15184690058231354
0.1516667902469635
0.15166321396827698
0.15176132321357727
0.15184131264686584
0.15178439021110535
0.1516651213169098
0.15149903297424316
0.15144038200378418
0.15144334733486176
0.15147961676120758
0.15157181024551392
0.15165536105632782
0.15171512961387634
0.1516197919845581
0.15145066380500793
0.15126581490039825
0.15124499797821045
0.1513049304485321
0.1513749361038208
0.15144461393356323
0.1514076143503189
0.15130360424518585
0.15113086998462677
0.15104734897613525
0.15102805197238922
0.15105019509792328
0.15113316476345062
0.15122787654399872
0.151346355676651
0.15132984519004822
0.1511831283569336
0.15094146132469177
0.15087266266345978
0.15092261135578156
0.15099899470806122
0.15108411014080048
0.15106430649757385
0.15097005665302277
0.15078569948673248
0.15069743990898132
0.15067319571971893
0.15070323646068573
0.15078768134117126
0.15089109539985657
0.15101829171180725
0.15100529789924622
0.1508609503507614
0.15060952305793762
0.15053202211856842
0.1505793333053589
0.150663822889328
0.1507398933172226
0.15071222186088562
0.15063197910785675
0.15045958757400513
0.15036752820014954
0.1503254473209381
0.1503366231918335
0.15040811896324158
0.1505226343870163
0.15070264041423798
0.15081031620502472
0.1507345288991928
0.15042297542095184
0.15025123953819275
0.15027539432048798
0.15040090680122375
0.1505020707845688
0.15046067535877228
0.15033027529716492
0.1501305103302002
0.15006119012832642
0.15007522702217102
0.15013033151626587
0.15024434030056
0.15035440027713776
0.15043069422245026
0.1503312885761261
0.150136798620224
0.1499287635087967
0.14991599321365356
0.15000534057617188
0.1501000076532364
0.1501879096031189
0.15014590322971344
0.15002962946891785
0.14982770383358002
0.14974434673786163
0.14973585307598114
0.1497766524553299
0.14989328384399414
0.15004032850265503
0.15020851790905
0.15020135045051575
0.15001967549324036
0.14970910549163818
0.14964453876018524
0.14974994957447052
0.14987660944461823
0.14996765553951263
0.14989547431468964
0.1497432291507721
0.14953194558620453
0.14948104321956635
0.14951404929161072
0.1495826542377472
0.14972661435604095
0.14985214173793793
0.14992035925388336
0.14977410435676575
0.1495414525270462
0.1493546962738037
0.14938832819461823
0.14950759708881378
0.14958535134792328
0.1496276557445526
0.14952094852924347
0.14936354756355286
0.1492086946964264
0.149171382188797
0.14919476211071014
0.14925841987133026
0.1493990570306778
0.14956067502498627
0.14971768856048584
0.1496608704328537
0.1494060456752777
0.14911961555480957
0.14911428093910217
0.14925293624401093
0.14937636256217957
0.14942611753940582
0.14929762482643127
0.1491347849369049
0.14896157383918762
0.1489456295967102
0.14900201559066772
0.14908868074417114
0.1492595672607422
0.1494016796350479
0.14944063127040863
0.14922499656677246
0.148976132273674
0.14884667098522186
0.14893029630184174
0.14907360076904297
0.14913679659366608
0.14912636578083038
0.14895415306091309
0.1487952470779419
0.14868119359016418
0.1486838310956955
0.14876297116279602
0.14888131618499756
0.14908480644226074
0.14926005899906158
0.14926877617835999
0.14898085594177246
0.14870914816856384
0.14863570034503937
0.14877288043498993
0.14893093705177307
0.148962140083313
0.14887399971485138
0.14862924814224243
0.14849944412708282
0.1484852135181427
0.14855264127254486
0.1486954241991043
0.14883390069007874
0.1489788293838501
0.14891317486763
0.14868316054344177
0.1484084278345108
0.14838464558124542
0.14850172400474548
0.1486242264509201
0.14871440827846527
0.1486586332321167
0.14852488040924072
0.1483016014099121
0.14823020994663239
0.14823882281780243
0.14830128848552704
0.1484537124633789
0.14864481985569
0.14881131052970886
0.1487734466791153
0.1485106498003006
0.1481804996728897
0.14818008244037628
0.14834663271903992
0.14848318696022034
0.1485443115234375
0.1484009474515915
0.1482052505016327
0.14803189039230347
0.1480226367712021
0.14809894561767578
0.14821487665176392
0.14840173721313477
0.14855888485908508
0.14857174456119537
0.14830425381660461
0.1480361819267273
0.1479550153017044
0.14808475971221924
0.14825817942619324
0.14833424985408783
0.148304283618927
0.14806140959262848
0.14788579940795898
0.14781425893306732
0.1478651911020279
0.14800572395324707
0.1481633335351944
0.1483405977487564
0.14837318658828735
0.14818842709064484
0.14784829318523407
0.14773952960968018
0.14782583713531494
0.14797046780586243
0.14811019599437714
0.1481086015701294
0.1479939967393875
0.14773130416870117
0.14761824905872345
0.14761312305927277
0.14768590033054352
0.1478590965270996
0.14808185398578644
0.14829778671264648
0.14829786121845245
0.1479896605014801
0.14760340750217438
0.14760486781597137
0.14780265092849731
0.1479625403881073
0.1480102390050888
0.1478189080953598
0.14760707318782806
0.14744724333286285
0.14745762944221497
0.14755934476852417
0.1476989984512329
0.14789406955242157
0.1480313241481781
0.1479823738336563
0.1476536989212036
0.14741896092891693
0.1473950296640396
0.14753246307373047
0.14770573377609253
0.14777898788452148
0.14772579073905945
0.1474664807319641
0.1472947597503662
0.14722900092601776
0.14727725088596344
0.14741134643554688
0.14757978916168213
0.14776937663555145
0.14781254529953003
0.14766301214694977
0.1473091095685959
0.14716802537441254
0.14723718166351318
0.14739906787872314
0.14757533371448517
0.14763453602790833
0.14753688871860504
0.14724041521549225
0.14708298444747925
0.14706672728061676
0.14715933799743652
0.14732863008975983
0.1475008875131607
0.14765676856040955
0.14757657051086426
0.14732028543949127
0.1470176875591278
0.14699779450893402
0.14713014662265778
0.14727208018302917
0.1473940908908844
0.14737388491630554
0.14724530279636383
0.14697133004665375
0.14686650037765503
0.14686883985996246
0.14693740010261536
0.1471141278743744
0.14734697341918945
0.14758844673633575
0.14764048159122467
0.14737804234027863
0.14693506062030792
0.14686691761016846
0.14703519642353058
0.14721767604351044
0.14731600880622864
0.147182896733284
0.14697451889514923
0.14674897491931915
0.1467219442129135
0.14679057896137238
0.14691078662872314
0.14712591469287872
0.14735500514507294
0.1474660187959671
0.14725030958652496
0.14691103994846344
0.1466740369796753
0.14676786959171295
0.1469687819480896
0.14712098240852356
0.14719608426094055
0.14699529111385345
0.14676059782505035
0.14656512439250946
0.14657847583293915
0.14670290052890778
0.14688794314861298
0.14716896414756775
0.14738108217716217
0.14732065796852112
0.14689385890960693
0.14660373330116272
0.1466183364391327
0.1468396633863449
0.1470392644405365
0.14703728258609772
0.14686408638954163
0.14654240012168884
0.14643685519695282
0.14647309482097626
0.14658840000629425
0.1468009501695633
0.14702048897743225
0.14716404676437378
0.1470031589269638
0.1466643065214157
0.14637500047683716
0.1464296579360962
0.146638423204422
0.1468338966369629
0.14694616198539734
0.14678774774074554
0.14653390645980835
0.1462777853012085
0.14628049731254578
0.14640191197395325
0.14657282829284668
0.14680719375610352
0.14693281054496765
0.14684222638607025
0.14646989107131958
0.14624100923538208
0.14623212814331055
0.14639133214950562
0.14659202098846436
0.14671145379543304
0.14670342206954956
0.14641724526882172
0.14619921147823334
0.14609014987945557
0.14615356922149658
0.14630860090255737
0.14649717509746552
0.14673443138599396
0.14683358371257782
0.14663298428058624
0.14621424674987793
0.14606505632400513
0.1461501568555832
0.1463208794593811
0.14651577174663544
0.14658360183238983
0.14648936688899994
0.1461382657289505
0.14598679542541504
0.14598587155342102
0.14605356752872467
0.14622652530670166
0.14648059010505676
0.14676274359226227
0.14685191214084625
0.1465478092432022
0.14608599245548248
0.14600053429603577
0.1461440473794937
0.1463603973388672
0.14651939272880554
0.14640304446220398
0.14618220925331116
0.14591139554977417
0.14586412906646729
0.14591099321842194
0.1459963023662567
0.14623840153217316
0.14656220376491547
0.14677214622497559
0.14674066007137299
0.14636483788490295
0.14588531851768494
0.14593446254730225
0.14621838927268982
0.14640314877033234
0.14647532999515533
0.14623206853866577
0.1459769904613495
0.1457761973142624
0.1457746922969818
0.1459166556596756
0.14611703157424927
0.14639070630073547
0.14663787186145782
0.14666005969047546
0.1461777538061142
0.1458290070295334
0.14582565426826477
0.14602762460708618
0.14623047411441803
0.1462993025779724
0.14621375501155853
0.1458897590637207
0.1456737518310547
0.14561860263347626
0.1456928253173828
0.1458207070827484
0.14604417979717255
0.1464303731918335
0.14661535620689392
0.1464335322380066
0.1459333300590515
0.14571523666381836
0.1457616686820984
0.14597342908382416
0.14621731638908386
0.14626169204711914
0.1460465043783188
0.14568950235843658
0.1455795019865036
0.14555886387825012
0.14564764499664307
0.14590321481227875
0.14617423713207245
0.14643076062202454
0.1464322805404663
0.1461055874824524
0.14560730755329132
0.14553314447402954
0.14578330516815186
0.14602383971214294
0.1461235135793686
0.14601732790470123
0.1458040177822113
0.14542777836322784
0.1454046219587326
0.14555108547210693
0.14567619562149048
0.14593037962913513
0.14619898796081543
0.1462869495153427
0.14599360525608063
0.1455760896205902
0.14541053771972656
0.1455233097076416
0.1456405222415924
0.14578957855701447
0.14592245221138
0.1457005739212036
0.14550550282001495
0.14532624185085297
0.14524652063846588
0.14520929753780365
0.1452675312757492
0.145487442612648
0.14588600397109985
0.14641110599040985
0.14697566628456116
0.1467140018939972
0.14569751918315887
0.14551609754562378
0.145924374461174
0.14626185595989227
0.14638014137744904
0.14603929221630096
0.14561977982521057
0.14543083310127258
0.14556263387203217
0.14577749371528625
0.14598160982131958
0.1462218016386032
0.1460992693901062
0.14575731754302979
0.1453111469745636
0.14530622959136963
0.1454313099384308
0.14553962647914886
0.1458163857460022
0.1460805982351303
0.146018847823143
0.1456356644630432
0.14535051584243774
0.14517517387866974
0.14522051811218262
0.14538107812404633
0.14559324085712433
0.14582277834415436
0.14574319124221802
0.14556799829006195
0.1452617049217224
0.14504431188106537
0.1450168490409851
0.14517217874526978
0.14540307223796844
0.1456572711467743
0.14588317275047302
0.14578688144683838
0.14538563787937164
0.1449444741010666
0.14501166343688965
0.14522647857666016
0.14537885785102844
0.1456131488084793
0.14571541547775269
0.14544355869293213
0.14502078294754028
0.14491915702819824
0.14492267370224
0.1449638456106186
0.1450916826725006
0.14533409476280212
0.14558790624141693
0.14558309316635132
0.14548206329345703
0.1451805979013443
0.1448632925748825
0.14482250809669495
0.14502045512199402
0.14521047472953796
0.14542356133460999
0.1456233263015747
0.145517498254776
0.14516067504882812
0.1447744369506836
0.1448185294866562
0.14491745829582214
0.14500457048416138
0.14530807733535767
0.1456526815891266
0.14568635821342468
0.14548306167125702
0.14511018991470337
0.1447863131761551
0.14482244849205017
0.1449967473745346
0.14519153535366058
0.14536526799201965
0.1451977789402008
0.14504840970039368
0.14478762447834015
0.14460453391075134
0.14460232853889465
0.14470511674880981
0.14486706256866455
0.14520378410816193
0.1457759290933609
0.14619798958301544
0.1459650695323944
0.14513565599918365
0.14490681886672974
0.1450769454240799
0.14534294605255127
0.1456449329853058
0.14561103284358978
0.14520087838172913
0.14480218291282654
0.14478325843811035
0.14477740228176117
0.14488083124160767
0.14517250657081604
0.14546003937721252
0.1457243114709854
0.14560788869857788
0.14526839554309845
0.14478519558906555
0.1446542590856552
0.14488673210144043
0.14516869187355042
0.1453227698802948
0.14535602927207947
0.1452360302209854
0.14471763372421265
0.14455264806747437
0.14459295570850372
0.14471237361431122
0.14498338103294373
0.14533911645412445
0.14562708139419556
0.14562782645225525
0.14504514634609222
0.14451806247234344
0.14464406669139862
0.14483800530433655
0.1449640840291977
0.145147442817688
0.14509060978889465
0.14482459425926208
0.14444339275360107
0.14444828033447266
0.14442181587219238
0.1443343460559845
0.14446112513542175
0.14474879205226898
0.14520645141601562
0.14598563313484192
0.14636792242527008
0.14589449763298035
0.1449633538722992
0.14479172229766846
0.14532484114170074
0.1455313265323639
0.14534232020378113
0.14504921436309814
0.1446036398410797
0.1445850282907486
0.14473380148410797
0.14486604928970337
0.1451825201511383
0.14559684693813324
0.14570051431655884
0.1452808529138565
0.1448730081319809
0.14450687170028687
0.1445913463830948
0.1448989361524582
0.14507918059825897
0.1452191025018692
0.1451018750667572
0.1447703242301941
0.14435827732086182
0.14428743720054626
0.1443336308002472
0.14441132545471191
0.14462918043136597
0.14500361680984497
0.145462766289711
0.14545272290706635
0.14507441222667694
0.14454030990600586
0.14430929720401764
0.14452947676181793
0.1449025273323059
0.14503176510334015
0.14493560791015625
0.14472991228103638
0.1442568302154541
0.14415667951107025
0.1442304253578186
0.1443374752998352
0.1445951908826828
0.144876629114151
0.14508052170276642
0.1449708342552185
0.144545316696167
0.14411701261997223
0.14410367608070374
0.14430055022239685
0.14453643560409546
0.14465712010860443
0.14452877640724182
0.1443847119808197
0.1440562754869461
0.1438901573419571
0.143888920545578
0.14400219917297363
0.144180029630661
0.14450016617774963
0.1450284719467163
0.1454077959060669
0.14501789212226868
0.1443053036928177
0.14406587183475494
0.14427919685840607
0.14464062452316284
0.14470447599887848
0.14449280500411987
0.1443084478378296
0.14394307136535645
0.14390164613723755
0.14402902126312256
0.14416912198066711
0.14448027312755585
0.14484022557735443
0.14510780572891235
0.14500857889652252
0.1443013846874237
0.14390453696250916
0.14414647221565247
0.1442345529794693
0.14430679380893707
0.14452573657035828
0.14440502226352692
0.14418289065361023
0.14387261867523193
0.14386330544948578
0.1438058614730835
0.1436915546655655
0.1437128633260727
0.14383095502853394
0.14418631792068481
0.14510154724121094
0.14633893966674805
0.14740042388439178
0.14633208513259888
0.1445814073085785
0.14478692412376404
0.14569097757339478
0.14613302052021027
0.14624656736850739
0.14557935297489166
0.14513015747070312
0.1447223275899887
0.14486980438232422
0.14510813355445862
0.1452973186969757
0.14597442746162415
0.14640258252620697
0.1461615264415741
0.145155131816864
0.14492440223693848
0.14468081295490265
0.14472344517707825
0.1451181024312973
0.14544592797756195
0.14593030512332916
0.14617285132408142
0.1457555890083313
0.1447376310825348
0.14457376301288605
0.14470908045768738
0.14493897557258606
0.14532773196697235
0.14547663927078247
0.1454969197511673
0.1448109894990921
0.1445235311985016
0.1442919373512268
0.14422307908535004
0.14446455240249634
0.14481545984745026
0.14522361755371094
0.14557898044586182
0.14551876485347748
0.14454613626003265
0.14414849877357483
0.14428430795669556
0.1445578783750534
0.14482887089252472
0.14483632147312164
0.14455851912498474
0.14403611421585083
0.14385707676410675
0.14382877945899963
0.1438741385936737
0.1440427601337433
0.14433561265468597
0.14477640390396118
0.14491084218025208
0.14463509619235992
0.14396080374717712
0.14369860291481018
0.1438741832971573
0.14416559040546417
0.14431032538414001
0.1442800760269165
0.1440657526254654
0.14361312985420227
0.1434515118598938
0.14350691437721252
0.14360091090202332
0.14372184872627258
0.14399729669094086
0.14435696601867676
0.14442431926727295
0.14406713843345642
0.143586203455925
0.1434946060180664
0.1435091495513916
0.14360272884368896
0.1438104212284088
0.14395490288734436
0.14390026032924652
0.1436879187822342
0.1434440016746521
0.1432569921016693
0.14325016736984253
0.14315156638622284
0.1431456208229065
0.14334075152873993
0.14361053705215454
0.1441401094198227
0.14490579068660736
0.14507028460502625
0.14449265599250793
0.14349670708179474
0.14367426931858063
0.14433224499225616
0.14411278069019318
0.14388924837112427
0.14390677213668823
0.14342913031578064
0.14337004721164703
0.14357316493988037
0.14358478784561157
0.1437787413597107
0.14410090446472168
0.1443808376789093
0.14450450241565704
0.14406876266002655
0.1434711515903473
0.1434466689825058
0.1435026228427887
0.14354854822158813
0.1437145173549652
0.14389830827713013
0.1439434289932251
0.1436385214328766
0.14360356330871582
0.14350053668022156
0.14320535957813263
0.14303867518901825
0.14309510588645935
0.14302855730056763
0.14292562007904053
0.14300206303596497
0.14331068098545074
0.14413264393806458
0.14589285850524902
0.14725607633590698
0.14739614725112915
0.1450526863336563
0.14455556869506836
0.145613431930542
0.1457042545080185
0.14527863264083862
0.14515163004398346
0.14465224742889404
0.14446458220481873
0.1442601978778839
0.1442692130804062
0.14435085654258728
0.14441664516925812
0.1454523801803589
0.1475883573293686
0.14845214784145355
0.1477932333946228
0.14618539810180664
0.14549703896045685
0.14629313349723816
0.1464349776506424
0.14581705629825592
0.14611683785915375
0.14522339403629303
0.1452576220035553
0.14509256184101105
0.14509236812591553
0.14518529176712036
0.14619523286819458
0.14775264263153076
0.14967454969882965
0.14941604435443878
0.1479150950908661
0.146124929189682
0.1467065066099167
0.14707475900650024
0.14727827906608582
0.14801472425460815
0.14789222180843353
0.14825451374053955
0.14694646000862122
0.14656773209571838
0.1459929347038269
0.14577527344226837
0.14569588005542755
0.14569072425365448
0.14625070989131927
0.14784783124923706
0.1505015790462494
0.15237805247306824
0.14959251880645752
0.14677664637565613
0.14761346578598022
0.14839839935302734
0.14818726480007172
0.14845162630081177
0.14749737083911896
0.14761027693748474
0.1464739739894867
0.14639781415462494
0.1461341381072998
0.1458529680967331
0.14563976228237152
0.14604803919792175
0.14699238538742065
0.1494700014591217
0.15189722180366516
0.15077504515647888
0.14690221846103668
0.14698348939418793
0.1478348970413208
0.14831151068210602
0.14854203164577484
0.1477835327386856
0.1479986310005188
0.14651070535182953
0.14625930786132812
0.14601463079452515
0.14574109017848969
0.14554473757743835
0.14529567956924438
0.14565131068229675
0.14697420597076416
0.14994294941425323
0.15387998521327972
0.15158456563949585
0.14676210284233093
0.1477011740207672
0.14876241981983185
0.14875908195972443
0.14922870695590973
0.14789125323295593
0.14787228405475616
0.14676040410995483
0.1465410441160202
0.14627858996391296
0.14590874314308167
0.1456739604473114
0.1454465538263321
0.14565595984458923
0.14670690894126892
0.14961469173431396
0.1539260298013687
0.1514061689376831
0.14662061631679535
0.14747117459774017
0.14849714934825897
0.14839616417884827
0.14840149879455566
0.14713943004608154
0.147029846906662
0.14629483222961426
0.14602729678153992
0.1459542214870453
0.14571531116962433
0.14599083364009857
0.14667320251464844
0.1482160985469818
0.1497373878955841
0.1476939171552658
0.14525572955608368
0.1458403766155243
0.1463201940059662
0.14593245089054108
0.14573170244693756
0.1449839323759079
0.14473389089107513
0.14472953975200653
0.14473941922187805
0.14490176737308502
0.14472004771232605
0.14472991228103638
0.14451389014720917
0.14405865967273712
0.1435839682817459
0.14350777864456177
0.143452450633049
0.1433817595243454
0.14345715939998627
0.14369361102581024
0.14408734440803528
0.14423154294490814
0.1439889371395111
0.14348068833351135
0.1429964154958725
0.14301568269729614
0.14336572587490082
0.1433555632829666
0.1430222988128662
0.14276549220085144
0.14261063933372498
0.14258401095867157
0.14259150624275208
0.14268727600574493
0.1428154557943344
0.14269889891147614
0.14257138967514038
0.14242950081825256
0.1422613114118576
0.14209794998168945
0.1420680284500122
0.14212848246097565
0.14223439991474152
0.14241483807563782
0.14282631874084473
0.14322005212306976
0.14316780865192413
0.14250242710113525
0.14214278757572174
0.14231033623218536
0.14248429238796234
0.1425199657678604
0.14239321649074554
0.14210830628871918
0.14191001653671265
0.14197959005832672
0.14214126765727997
0.14219039678573608
0.1422875076532364
0.14241208136081696
0.14228112995624542
0.141985222697258
0.14178037643432617
0.14181001484394073
0.141826793551445
0.14181815087795258
0.14198192954063416
0.14222897589206696
0.14228986203670502
0.14230909943580627
0.1421787142753601
0.14188002049922943
0.1416788399219513
0.14168810844421387
0.14186924695968628
0.1420229971408844
0.14205168187618256
0.14202448725700378
0.14187107980251312
0.1416565328836441
0.1415327936410904
0.14153078198432922
0.14159256219863892
0.1417136788368225
0.14191848039627075
0.14225618541240692
0.14250391721725464
0.14242880046367645
0.14198799431324005
0.14162293076515198
0.1417236030101776
0.14190857112407684
0.14199383556842804
0.14204654097557068
0.14196160435676575
0.14168290793895721
0.14148551225662231
0.14150112867355347
0.1415279656648636
0.14155617356300354
0.14168724417686462
0.14204546809196472
0.14255520701408386
0.14283797144889832
0.1426166594028473
0.1421641856431961
0.14177283644676208
0.14188748598098755
0.14231173694133759
0.1424320489168167
0.1421934962272644
0.14178979396820068
0.1415986716747284
0.14172199368476868
0.141828715801239
0.14193777740001678
0.14209304749965668
0.14208732545375824
0.14192521572113037
0.1415979266166687
0.14150124788284302
0.1415267139673233
0.14148612320423126
0.14149096608161926
0.14165596663951874
0.1420322060585022
0.14263617992401123
0.1429942548274994
0.14317452907562256
0.14244236052036285
0.1417069286108017
0.14198416471481323
0.14243744313716888
0.1424872875213623
0.14223921298980713
0.14180269837379456
0.14172476530075073
0.1417880654335022
0.14191365242004395
0.14214889705181122
0.14235296845436096
0.14234639704227448
0.14215527474880219
0.1418125182390213
0.1415105164051056
0.1415538191795349
0.14166224002838135
0.14177682995796204
0.14199025928974152
0.14221321046352386
0.14226022362709045
0.14189065992832184
0.14163732528686523
0.14153826236724854
0.14147253334522247
0.14154168963432312
0.14175276458263397
0.14198800921440125
0.14225628972053528
0.14228613674640656
0.1420680582523346
0.14162851870059967
0.14139781892299652
0.14156542718410492
0.1416589617729187
0.141789972782135
0.14202937483787537
0.1419936716556549
0.14173433184623718
0.14146322011947632
0.14141690731048584
0.14132225513458252
0.14125703275203705
0.1413344442844391
0.141502246260643
0.14184169471263885
0.14252761006355286
0.14317312836647034
0.14358220994472504
0.14247119426727295
0.14167794585227966
0.14206479489803314
0.14234112203121185
0.1424531191587448
0.14237408339977264
0.14178061485290527
0.14160844683647156
0.14172625541687012
0.14178670942783356
0.14194437861442566
0.14227597415447235
0.14253000915050507
0.14253634214401245
0.14223507046699524
0.1417977660894394
0.1415610909461975
0.14155784249305725
0.14181505143642426
0.1420813351869583
0.14216868579387665
0.1421767771244049
0.1419224888086319
0.14150658249855042
0.1412951499223709
0.14141398668289185
0.14150871336460114
0.14166568219661713
0.14207105338573456
0.14249885082244873
0.14259067177772522
0.14221732318401337
0.14175629615783691
0.14145618677139282
0.1415621042251587
0.14189766347408295
0.14215905964374542
0.14215531945228577
0.14191503822803497
0.14166781306266785
0.1413436233997345
0.14127282798290253
0.14140857756137848
0.14159666001796722
0.14185258746147156
0.14230205118656158
0.1426364779472351
0.14250178635120392
0.14185401797294617
0.14143292605876923
0.14159025251865387
0.14173752069473267
0.14192640781402588
0.14215496182441711
0.14199094474315643
0.14166346192359924
0.14145652949810028
0.14134278893470764
0.14119791984558105
0.1412344127893448
0.1414158195257187
0.1416926383972168
0.14224208891391754
0.14332765340805054
0.1438070833683014
0.14299049973487854
0.14206629991531372
0.14204572141170502
0.1424039900302887
0.14274351298809052
0.14280478656291962
0.14235377311706543
0.1417986899614334
0.1417592167854309
0.14175304770469666
0.1417611688375473
0.1420467048883438
0.14267462491989136
0.14337323606014252
0.14394596219062805
0.14359697699546814
0.142282173037529
0.14191985130310059
0.1425008773803711
0.1429460644721985
0.14312000572681427
0.1430274099111557
0.14271250367164612
0.14197984337806702
0.14181755483150482
0.14201007783412933
0.14214232563972473
0.1425039917230606
0.14336025714874268
0.1440441608428955
0.14407390356063843
0.14334604144096375
0.14239250123500824
0.14237084984779358
0.14271794259548187
0.14311906695365906
0.14334328472614288
0.1429845541715622
0.14280825853347778
0.14228203892707825
0.14193208515644073
0.14191001653671265
0.14197270572185516
0.1419641226530075
0.14227668941020966
0.1432991325855255
0.144845649600029
0.14571550488471985
0.14499740302562714
0.14341160655021667
0.1428816020488739
0.1436762809753418
0.14414507150650024
0.1439056694507599
0.14374423027038574
0.14297714829444885
0.14260441064834595
0.14255107939243317
0.14266395568847656
0.1428472399711609
0.1434244066476822
0.1447829306125641
0.14622503519058228
0.14573854207992554
0.14366480708122253
0.1433940827846527
0.14349365234375
0.14399553835391998
0.144890695810318
0.1447964906692505
0.14460067451000214
0.14363554120063782
0.14311420917510986
0.14286404848098755
0.14306184649467468
0.1431661695241928
0.14352120459079742
0.14470069110393524
0.14577583968639374
0.1459244191646576
0.14397282898426056
0.14358288049697876
0.1434815526008606
0.14350411295890808
0.14414508640766144
0.14455077052116394
0.14494377374649048
0.1447547972202301
0.14389455318450928
0.14285647869110107
0.14302928745746613
0.14309631288051605
0.1431160867214203
0.14351558685302734
0.14408884942531586
0.1448419988155365
0.14421163499355316
0.14386488497257233
0.14313003420829773
0.14278653264045715
0.14279721677303314
0.1429133266210556
0.1433507800102234
0.14396978914737701
0.1443188488483429
0.1440851092338562
0.14346659183502197
0.14252905547618866
0.14259116351604462
0.14275917410850525
0.14296872913837433
0.14328667521476746
0.14301234483718872
0.1427772343158722
0.14224635064601898
0.14208023250102997
0.14186714589595795
0.14173662662506104
0.14187002182006836
0.142129585146904
0.14274314045906067
0.14399312436580658
0.1446012407541275
0.14367812871932983
0.14240719377994537
0.1422942578792572
0.14299117028713226
0.14314790070056915
0.14259693026542664
0.14211425185203552
0.14186492562294006
0.14199867844581604
0.1421525478363037
0.1422671377658844
0.14247317612171173
0.1424260139465332
0.1422388106584549
0.14161734282970428
0.14143025875091553
0.14142820239067078
0.14140063524246216
0.14154231548309326
0.1418217569589615
0.14220859110355377
0.14273029565811157
0.14263592660427094
0.14202481508255005
0.14128243923187256
0.14138764142990112
0.1418980062007904
0.14172913134098053
0.14157354831695557
0.14167603850364685
0.14139270782470703
0.141108438372612
0.14097295701503754
0.14103420078754425
0.14102484285831451
0.14100700616836548
0.14132943749427795
0.1419156789779663
0.1426255702972412
0.1436915397644043
0.1427251100540161
0.14143969118595123
0.14156848192214966
0.1420038640499115
0.14207735657691956
0.14196693897247314
0.141837477684021
0.14155691862106323
0.1411714255809784
0.14134344458580017
0.14145466685295105
0.14135581254959106
0.1416826844215393
0.14204244315624237
0.14211738109588623
0.1422579139471054
0.14183072745800018
0.1410735845565796
0.14103086292743683
0.14128780364990234
0.14132997393608093
0.14136138558387756
0.1416216641664505
0.14174598455429077
0.14136408269405365
0.14119772613048553
0.14107683300971985
0.14087870717048645
0.14081232249736786
0.14081507921218872
0.14072181284427643
0.14071527123451233
0.14105923473834991
0.1418442726135254
0.1428346484899521
0.14458723366260529
0.1440526843070984
0.14187602698802948
0.14168620109558105
0.14278092980384827
0.14336660504341125
0.1431179940700531
0.142312154173851
0.14191246032714844
0.1419103741645813
0.14230501651763916
0.1426301896572113
0.14288121461868286
0.14324286580085754
0.14283707737922668
0.14214713871479034
0.1415737271308899
0.14173580706119537
0.14182907342910767
0.14192870259284973
0.14242197573184967
0.1427769958972931
0.14283038675785065
0.14274410903453827
0.14213648438453674
0.1413247287273407
0.14145705103874207
0.14170177280902863
0.14181193709373474
0.142055481672287
0.1421659290790558
0.14213795959949493
0.14166954159736633
0.14137746393680573
0.14109186828136444
0.1410839557647705
0.14115047454833984
0.14126017689704895
0.14164459705352783
0.14230091869831085
0.14295917749404907
0.14343592524528503
0.14232107996940613
0.14129436016082764
0.1414894461631775
0.14194172620773315
0.1420137882232666
0.14173151552677155
0.14165924489498138
0.14170368015766144
0.14105191826820374
0.14102238416671753
0.14107856154441833
0.1409408003091812
0.1410643309354782
0.14129115641117096
0.14204491674900055
0.14406438171863556
0.1450348198413849
0.14464187622070312
0.14259736239910126
0.14249324798583984
0.1436452716588974
0.1429383009672165
0.14275585114955902
0.14312370121479034
0.14234545826911926
0.1420702189207077
0.14197693765163422
0.14181305468082428
0.14165158569812775
0.14153173565864563
0.14144551753997803
0.14168781042099
0.1427541971206665
0.14590105414390564
0.15145447850227356
0.15017074346542358
0.14594225585460663
0.14532572031021118
0.14654472470283508
0.14820489287376404
0.14767920970916748
0.14717820286750793
0.15023699402809143
0.14774177968502045
0.1492994725704193
0.14891904592514038
0.1527702808380127
0.15603871643543243
0.15970736742019653
0.15602627396583557
0.16072049736976624
0.15563970804214478
0.15814676880836487
0.15657900273799896
0.16164451837539673
0.1714596301317215
0.18257245421409607
0.18097186088562012
0.1778029352426529
0.1725800335407257
0.17556683719158173
0.17122015357017517
0.17025908827781677
0.16862785816192627
0.16882844269275665
0.18143799901008606
0.20975437760353088
0.19799059629440308
0.18255478143692017
0.1848566234111786
0.18187293410301208
0.18119925260543823
0.18018248677253723
0.1828528642654419
0.18976813554763794
0.1941959708929062
0.18217647075653076
0.17646723985671997
0.17772352695465088
0.17495039105415344
0.17278139293193817
0.17167285084724426
0.1681807041168213
0.16956040263175964
0.1672603189945221
0.16745580732822418
0.16679680347442627
0.16447128355503082
0.16045361757278442
0.15951426327228546
0.1577029824256897
0.15675361454486847
0.15550772845745087
0.15478968620300293
0.1560581624507904
0.1593201458454132
0.1653130054473877
0.1680208295583725
0.15828633308410645
0.15764188766479492
0.16021402180194855
0.15642698109149933
0.15592621266841888
0.155800923705101
0.15418009459972382
0.15335297584533691
0.15304765105247498
0.1516096293926239
0.15113258361816406
0.1512419581413269
0.15152791142463684
0.15251439809799194
0.15373994410037994
0.15184400975704193
0.14971700310707092
0.14908666908740997
0.14884509146213531
0.1492149382829666
0.14888063073158264
0.1477476954460144
0.1471329927444458
0.14671558141708374
0.14614449441432953
0.1459725797176361
0.14570234715938568
0.14559607207775116
0.14610864222049713
0.1470070332288742
0.1478966921567917
0.1480375975370407
0.14536763727664948
0.14490479230880737
0.14584895968437195
0.14516013860702515
0.14428086578845978
0.14408434927463531
0.1443423181772232
0.14410515129566193
0.14369212090969086
0.1434115469455719
0.14308562874794006
0.14296168088912964
0.14299286901950836
0.14293493330478668
0.14292189478874207
0.1429760605096817
0.14290647208690643
0.14266441762447357
0.14229385554790497
0.14199063181877136
0.14186270534992218
0.14181333780288696
0.1418064832687378
0.14192399382591248
0.14212551712989807
0.1423225700855255
0.14229467511177063
0.1420116126537323
0.14151135087013245
0.14127713441848755
0.1413518637418747
0.14154762029647827
0.14166989922523499
0.14146190881729126
0.14114876091480255
0.14096564054489136
0.1408711075782776
0.14089494943618774
0.14099213480949402
0.14115160703659058
0.14134632050991058
0.1414259523153305
0.141198992729187
0.14084237813949585
0.14063282310962677
0.14064815640449524
0.1407979428768158
0.14094361662864685
0.14101378619670868
0.14082036912441254
0.14052042365074158
0.14035674929618835
0.14034482836723328
0.14042523503303528
0.14052602648735046
0.14067691564559937
0.14087077975273132
0.14095856249332428
0.14070099592208862
0.14032843708992004
0.14023900032043457
0.14029742777347565
0.14034967124462128
0.14045074582099915
0.1405820995569229
0.14057128131389618
0.140451118350029
0.14020273089408875
0.14006997644901276
0.14008405804634094
0.14001403748989105
0.1399499922990799
0.13999688625335693
0.140160471200943
0.14050331711769104
0.1410273313522339
0.1415444016456604
0.14199265837669373
0.14089134335517883
0.1401384323835373
0.14056095480918884
0.14094342291355133
0.14079099893569946
0.14035040140151978
0.14022372663021088
0.14039048552513123
0.14035755395889282
0.1403297334909439
0.14034338295459747
0.140112042427063
0.13992877304553986
0.13989143073558807
0.13992497324943542
0.13993142545223236
0.13991424441337585
0.14010553061962128
0.1406095325946808
0.141081303358078
0.14169493317604065
0.14130082726478577
0.14045768976211548
0.1401563137769699
0.14062201976776123
0.14107125997543335
0.14068663120269775
0.14008362591266632
0.14011183381080627
0.14038574695587158
0.14048205316066742
0.14036592841148376
0.1400672048330307
0.13988901674747467
0.13983377814292908
0.1398867517709732
0.14003978669643402
0.14026345312595367
0.14045721292495728
0.14057284593582153
0.1402987241744995
0.13985112309455872
0.13971000909805298
0.1397925764322281
0.13997666537761688
0.14014646410942078
0.14018261432647705
0.14001072943210602
0.1397000104188919
0.1395755112171173
0.13955655694007874
0.13962562382221222
0.13978269696235657
0.14001382887363434
0.14021195471286774
0.14035075902938843
0.14009833335876465
0.1397016942501068
0.1394873559474945
0.13957777619361877
0.13983163237571716
0.1399926245212555
0.14000116288661957
0.13983359932899475
0.13956479728221893
0.13943342864513397
0.13943883776664734
0.13956314325332642
0.13975544273853302
0.13999250531196594
0.1401825100183487
0.14016391336917877
0.13980995118618011
0.13945616781711578
0.13944688439369202
0.1396026611328125
0.13976164162158966
0.13992762565612793
0.1400153934955597
0.1397855281829834
0.13945791125297546
0.1393272578716278
0.13935586810112
0.13947053253650665
0.1396276354789734
0.13991309702396393
0.14018794894218445
0.14033934473991394
0.14008620381355286
0.13958951830863953
0.13941256701946259
0.1395968198776245
0.1398410052061081
0.1399567872285843
0.13995802402496338
0.13987411558628082
0.13971242308616638
0.13940395414829254
0.13929739594459534
0.1394484043121338
0.139609232544899
0.13982157409191132
0.14017416536808014
0.14077754318714142
0.1408596932888031
0.14019452035427094
0.1396864950656891
0.1397775411605835
0.14000451564788818
0.14012761414051056
0.14018729329109192
0.14019329845905304
0.14005258679389954
0.13968051970005035
0.1394978165626526
0.13955213129520416
0.13952592015266418
0.13944579660892487
0.1394406408071518
0.13968977332115173
0.14035429060459137
0.14136096835136414
0.14231739938259125
0.1432630717754364
0.14112326502799988
0.14006704092025757
0.14107397198677063
0.14142197370529175
0.14082419872283936
0.14035667479038239
0.14040958881378174
0.14054375886917114
0.14037148654460907
0.14034557342529297
0.1404656618833542
0.1400412917137146
0.13984562456607819
0.13979889452457428
0.139754518866539
0.1396551877260208
0.13952185213565826
0.13944806158542633
0.13952763378620148
0.13970467448234558
0.1404111385345459
0.14248009026050568
0.1445867270231247
0.14642512798309326
0.1420269012451172
0.14165882766246796
0.1438198834657669
0.14201311767101288
0.14176824688911438
0.14246784150600433
0.14138533174991608
0.14142188429832458
0.14165925979614258
0.1409681737422943
0.14104586839675903
0.14115366339683533
0.14124621450901031
0.14202073216438293
0.14262713491916656
0.14278057217597961
0.14219795167446136
0.14093272387981415
0.14080174267292023
0.14127479493618011
0.14135496318340302
0.141549751162529
0.14166328310966492
0.14105792343616486
0.14054155349731445
0.1405092030763626
0.14026221632957458
0.14015372097492218
0.14020167291164398
0.14029499888420105
0.1407945305109024
0.14167290925979614
0.14251363277435303
0.14302001893520355
0.14133426547050476
0.14028379321098328
0.14085634052753448
0.1412915140390396
0.14106054604053497
0.14050863683223724
0.14016559720039368
0.1403394490480423
0.14042165875434875
0.1403469443321228
0.14036300778388977
0.14019548892974854
0.13993556797504425
0.1396433562040329
0.1396171748638153
0.13954773545265198
0.13943278789520264
0.13939277827739716
0.13937236368656158
0.13954076170921326
0.14015239477157593
0.14132851362228394
0.143537700176239
0.14303022623062134
0.14092403650283813
0.14030833542346954
0.14161106944084167
0.14235244691371918
0.1412694752216339
0.1403692662715912
0.1408499777317047
0.1411503106355667
0.14082099497318268
0.14044195413589478
0.1400817334651947
0.14006997644901276
0.14013245701789856
0.14023679494857788
0.1404852718114853
0.140656977891922
0.14064297080039978
0.14008456468582153
0.13976991176605225
0.13967899978160858
0.13963472843170166
0.13969449698925018
0.1398165225982666
0.14009258151054382
0.1403997242450714
0.14024148881435394
0.13989584147930145
0.139522522687912
0.13934355974197388
0.1394689381122589
0.1394851803779602
0.13957904279232025
0.1397842913866043
0.13968755304813385
0.1394672691822052
0.13913367688655853
0.13909485936164856
0.1391313225030899
0.13904845714569092
0.13900808990001678
0.13911668956279755
0.1394444704055786
0.14007873833179474
0.14053195714950562
0.14108121395111084
0.14033280313014984
0.13936357200145721
0.13947591185569763
0.14003653824329376
0.1402493119239807
0.1398223340511322
0.139296755194664
0.1393250674009323
0.13949985802173615
0.13968001306056976
0.1396614909172058
0.13930460810661316
0.13911613821983337
0.13900911808013916
0.13893452286720276
0.13897152245044708
0.13910193741321564
0.13936170935630798
0.13985562324523926
0.1402481496334076
0.1403934806585312
0.13969804346561432
0.13898888230323792
0.13916218280792236
0.13959786295890808
0.13980308175086975
0.13954190909862518
0.13909241557121277
0.1389528512954712
0.13903549313545227
0.13922953605651855
0.13935934007167816
0.1394096314907074
0.1393011063337326
0.13901665806770325
0.13887137174606323
0.1387465000152588
0.13875508308410645
0.13888996839523315
0.13914631307125092
0.13953468203544617
0.1400066316127777
0.13997456431388855
0.13960644602775574
0.13899099826812744
0.1389148235321045
0.1393221914768219
0.13956351578235626
0.13945449888706207
0.13910043239593506
0.1387939751148224
0.1387956589460373
0.13891887664794922
0.139141246676445
0.13933369517326355
0.1394110918045044
0.1392790675163269
0.13895829021930695
0.1387685090303421
0.13868360221385956
0.13880154490470886
0.13905461132526398
0.13936080038547516
0.13954204320907593
0.13954702019691467
0.1392165869474411
0.13880711793899536
0.1386924833059311
0.13886277377605438
0.13916201889514923
0.13939054310321808
0.13941611349582672
0.13919177651405334
0.13884294033050537
0.13863864541053772
0.1386585235595703
0.13887296617031097
0.1391475796699524
0.1394442915916443
0.1395103633403778
0.13931190967559814
0.13891813158988953
0.1385970264673233
0.13870124518871307
0.13898587226867676
0.1392679065465927
0.1394249051809311
0.1394001692533493
0.13908450305461884
0.13868974149227142
0.13858357071876526
0.1387297511100769
0.138986274600029
0.13924995064735413
0.13949772715568542
0.1394939124584198
0.1391659826040268
0.13873977959156036
0.13859590888023376
0.13881270587444305
0.13906621932983398
0.1392793506383896
0.13941864669322968
0.13936007022857666
0.13899727165699005
0.13861621916294098
0.13859176635742188
0.13874346017837524
0.13888432085514069
0.13910052180290222
0.1395045518875122
0.1398164927959442
0.13968658447265625
0.13916227221488953
0.13889425992965698
0.13886673748493195
0.13886824250221252
0.13904252648353577
0.13941355049610138
0.13975049555301666
0.139627143740654
0.1394568234682083
0.13922475278377533
0.13875722885131836
0.13872337341308594
0.13900834321975708
0.13928727805614471
0.13951125741004944
0.13982219994068146
0.1398763805627823
0.13945463299751282
0.13887466490268707
0.13879409432411194
0.1390049159526825
0.13905003666877747
0.1392233818769455
0.13967697322368622
0.13998262584209442
0.13978786766529083
0.13945558667182922
0.1393119990825653
0.1389521360397339
0.13879036903381348
0.13906748592853546
0.1394134908914566
0.13968908786773682
0.14035889506340027
0.14074069261550903
0.1403171420097351
0.13940073549747467
0.13920925557613373
0.1394011229276657
0.1395685076713562
0.14002524316310883
0.14036619663238525
0.14029261469841003
0.1398758441209793
0.13954567909240723
0.13939449191093445
0.13906152546405792
0.13923227787017822
0.1396743208169937
0.14005737006664276
0.1409885734319687
0.14259253442287445
0.14213913679122925
0.14065974950790405
0.1399589478969574
0.14032135903835297
0.1409277617931366
0.14119036495685577
0.14129874110221863
0.14102612435817719
0.1401679515838623
0.14048278331756592
0.14018724858760834
0.13980847597122192
0.14005449414253235
0.14073625206947327
0.1419966071844101
0.14453212916851044
0.14674031734466553
0.14655771851539612
0.14308956265449524
0.1428568959236145
0.14420635998249054
0.14434587955474854
0.14467962086200714
0.14473024010658264
0.14405164122581482
0.14552459120750427
0.14373040199279785
0.14450229704380035
0.14542986452579498
0.1475311666727066
0.1517905741930008
0.1520991325378418
0.14887478947639465
0.15136760473251343
0.14759093523025513
0.1487683355808258
0.14767993986606598
0.14733190834522247
0.1480570137500763
0.1500721126794815
0.16321858763694763
0.18361391127109528
0.1854383945465088
0.17244179546833038
0.18234236538410187
0.18064060807228088
0.18877780437469482
0.19898250699043274
0.19955529272556305
0.19246384501457214
0.18949098885059357
0.18207602202892303
0.18019527196884155
0.17618796229362488
0.17464092373847961
0.17477574944496155
0.18354201316833496
0.1988700032234192
0.212360680103302
0.19862821698188782
0.19467756152153015
0.19806638360023499
0.19010934233665466
0.19039404392242432
0.18771767616271973
0.18371239304542542
0.19037990272045135
0.1930014193058014
0.1871272623538971
0.18135792016983032
0.17566470801830292
0.17202697694301605
0.17130059003829956
0.1693931221961975
0.17035658657550812
0.1766575425863266
0.18480686843395233
0.17658603191375732
0.16699177026748657
0.16715894639492035
0.16720768809318542
0.16642248630523682
0.16503280401229858
0.1631910651922226
0.16381902992725372
0.16021500527858734
0.1599920690059662
0.1583365797996521
0.15717002749443054
0.15616655349731445
0.1553526520729065
0.1543908715248108
0.15483586490154266
0.15382346510887146
0.15392360091209412
0.15282292664051056
0.15118193626403809
0.14958584308624268
0.148904487490654
0.14856421947479248
0.14856471121311188
0.1488836258649826
0.14965078234672546
0.1506044566631317
0.14954034984111786
0.14741231501102448
0.1463710367679596
0.14654111862182617
0.14681097865104675
0.14644241333007812
0.14559893310070038
0.14481239020824432
0.1445261389017105
0.14435172080993652
0.1443982720375061
0.14460068941116333
0.14490459859371185
0.145093634724617
0.14450865983963013
0.1434764564037323
0.14288422465324402
0.1429436057806015
0.14309585094451904
0.143113911151886
0.14282046258449554
0.1422964632511139
0.14191977679729462
0.14177030324935913
0.1417790800333023
0.14184516668319702
0.14197999238967896
0.142183318734169
0.1423984318971634
0.1420898735523224
0.14136037230491638
0.14101919531822205
0.14111101627349854
0.1411971151828766
0.1412474811077118
0.14125698804855347
0.1409893035888672
0.14062194526195526
0.14041034877300262
0.14037619531154633
0.14043420553207397
0.14045830070972443
0.14062894880771637
0.14102789759635925
0.14151887595653534
0.1413940191268921
0.14082324504852295
0.14031586050987244
0.14035123586654663
0.14048869907855988
0.14055302739143372
0.14056722819805145
0.14013445377349854
0.13982506096363068
0.13992756605148315
0.14007195830345154
0.14012818038463593
0.14013954997062683
0.1401885449886322
0.14004749059677124
0.13966353237628937
0.13954773545265198
0.13955985009670258
0.1395142525434494
0.13950370252132416
0.139604389667511
0.13986551761627197
0.14032763242721558
0.14051330089569092
0.14072170853614807
0.14020831882953644
0.13950835168361664
0.1395435333251953
0.13991789519786835
0.14004960656166077
0.13975949585437775
0.13936349749565125
0.13933174312114716
0.13944190740585327
0.13949695229530334
0.13958784937858582
0.1396520584821701
0.1394718587398529
0.1392303705215454
0.13908639550209045
0.13902074098587036
0.13901622593402863
0.13897207379341125
0.1389898806810379
0.13918285071849823
0.13958461582660675
0.14021247625350952
