# lbfgs, lr=0.8, alpha = 1000000, beta = 0.1
# best_iter: 99, best_loss = 0.250853955745697, imsave period = 10
15.582779884338379
1.664554476737976
0.7603983283042908
0.5880200266838074
0.5021763443946838
0.45108330249786377
0.4145684242248535
0.38879358768463135
0.3703280985355377
0.3560314476490021
0.34418433904647827
0.3332216441631317
0.3244536221027374
0.3162587583065033
0.3096291124820709
0.30380871891975403
0.2986288070678711
0.2942621409893036
0.29020261764526367
0.2867504358291626
0.2840978801250458
0.2815815806388855
0.2793477475643158
0.2774564325809479
0.2757091224193573
0.2743101418018341
0.2729588449001312
0.2717475891113281
0.2707253694534302
0.26954221725463867
0.26866909861564636
0.26784056425094604
0.26704341173171997
0.2663275897502899
0.26559802889823914
0.2649753987789154
0.26439985632896423
0.26386430859565735
0.2633281350135803
0.2628127634525299
0.2623114287853241
0.26185500621795654
0.26142618060112
0.2610091269016266
0.260606050491333
0.26023349165916443
0.25987160205841064
0.2595162093639374
0.25920337438583374
0.25887128710746765
0.2585769295692444
0.25828734040260315
0.2580048441886902
0.2577315866947174
0.2574697732925415
0.2572169601917267
0.25698068737983704
0.25675228238105774
0.25652557611465454
0.2563050389289856
0.2560950517654419
0.25589513778686523
0.25569629669189453
0.25550368428230286
0.255321204662323
0.25513967871665955
0.25496241450309753
0.25479158759117126
0.25462543964385986
0.25445395708084106
0.25429603457450867
0.2541368305683136
0.2539862394332886
0.25383222103118896
0.25368937849998474
0.2535533308982849
0.25340431928634644
0.2532682418823242
0.25313085317611694
0.253000408411026
0.2528727054595947
0.252742201089859
0.2526167631149292
0.25249210000038147
0.25237026810646057
0.25225216150283813
0.2521355450153351
0.2520177960395813
0.25190600752830505
0.2518001198768616
0.25169605016708374
0.2515970766544342
0.25149378180503845
0.25139909982681274
0.2512986958026886
0.25120168924331665
0.25110796093940735
0.2510499656200409
0.2509306073188782
0.250853955745697
