# lbfgs, lr=0.8, alpha = 1000000, beta = 0.1
# best_iter: 94, best_loss = 0.8134766817092896, imsave period = 10
278.85546875
51.97749710083008
15.04268741607666
7.421923637390137
4.510281085968018
3.2282795906066895
2.4846994876861572
2.0846633911132812
1.7842707633972168
1.6261725425720215
1.5154907703399658
1.4081224203109741
1.3191156387329102
1.255775809288025
1.2098337411880493
1.1658469438552856
1.1327173709869385
1.1017812490463257
1.0805351734161377
1.0643407106399536
1.0403109788894653
1.0221056938171387
1.008949637413025
0.9953286647796631
0.9843177795410156
0.9732242226600647
0.9639543890953064
0.955459713935852
0.946317195892334
0.9395501613616943
0.9368312954902649
0.9278464317321777
0.9231616258621216
0.9182014465332031
0.9135882258415222
0.9068246483802795
0.9019032120704651
0.9003092646598816
0.894307017326355
0.8907877802848816
0.8878107070922852
0.8844271898269653
0.8814768195152283
0.8780682682991028
0.8762478232383728
0.8726006150245667
0.8716800212860107
0.8677492141723633
0.891976535320282
0.8688961863517761
0.8628796935081482
0.859686553478241
0.8573567867279053
0.8579213619232178
0.8543463945388794
0.8522868752479553
0.8511731624603271
0.8493236899375916
0.8496505618095398
0.8465750217437744
0.8456186652183533
0.8436039686203003
0.8427216410636902
0.8412615656852722
0.8398228287696838
0.8397947549819946
0.8402506113052368
0.8367335796356201
0.8347474932670593
0.8335678577423096
0.8345493078231812
0.8320762515068054
0.8305903673171997
0.8341450691223145
0.8299758434295654
0.8279470801353455
0.8294411897659302
0.8261650204658508
0.8253582715988159
0.8387172818183899
0.8289334177970886
0.824962317943573
0.8228101134300232
0.8212551474571228
0.8199721574783325
0.820285439491272
0.8187246322631836
0.8185121417045593
0.8243979811668396
0.8196346759796143
0.8167988657951355
0.815438449382782
0.8170627951622009
0.8144654631614685
0.8134766817092896
50.94752883911133
83.84327697753906
10.177183151245117
3.467186212539673
2.0622072219848633
