# adam, lr=0.01, alpha = 1000000, beta = 0.1
# best_iter: 2622, best_loss = 0.06857292354106903, imsave period = 300
13.286515235900879
9.468977928161621
7.4879961013793945
6.276687145233154
5.429863452911377
4.782334327697754
4.258152008056641
3.818880319595337
3.4424774646759033
3.1153411865234375
2.829101324081421
2.5779614448547363
2.357222557067871
2.163235902786255
1.9927995204925537
1.8426254987716675
1.7097057104110718
1.5914679765701294
1.4858812093734741
1.391355037689209
1.3062812089920044
1.229540467262268
1.1600384712219238
1.0969650745391846
1.0395737886428833
0.9872734546661377
0.9395214319229126
0.8958665132522583
0.8559085130691528
0.8192104697227478
0.7854601740837097
0.7543727159500122
0.7256689071655273
0.6991338133811951
0.674545407295227
0.6517072319984436
0.6304631233215332
0.6106497049331665
0.5921252965927124
0.5747783184051514
0.5585063695907593
0.5432197451591492
0.5288108587265015
0.515198826789856
0.502332866191864
0.4901611804962158
0.4786231815814972
0.46767181158065796
0.45725640654563904
0.4473344087600708
0.437883585691452
0.4288666546344757
0.4202452301979065
0.41199880838394165
0.40410083532333374
0.39652469754219055
0.38924673199653625
0.38224294781684875
0.37549710273742676
0.3689943850040436
0.3627195954322815
0.356656014919281
0.35079115629196167
0.3451135754585266
0.33961308002471924
0.33427858352661133
0.3290973901748657
0.32406604290008545
0.3191775977611542
0.3144226670265198
0.3097954988479614
0.3052884340286255
0.3008960485458374
0.29661476612091064
0.2924394905567169
0.28836590051651
0.28438833355903625
0.28050369024276733
0.27670812606811523
0.2729988396167755
0.26937222480773926
0.2658245861530304
0.2623516619205475
0.258953332901001
0.2556268274784088
0.25236979126930237
0.2491801381111145
0.2460552453994751
0.24299384653568268
0.23999294638633728
0.2370518445968628
0.23416930437088013
0.2313433289527893
0.22857201099395752
0.2258535623550415
0.2231867015361786
0.22057119011878967
0.21800512075424194
0.21548712253570557
0.21301615238189697
0.2105916440486908
0.20821166038513184
0.20587629079818726
0.2035834640264511
0.20133242011070251
0.19912320375442505
0.19695445895195007
0.19482478499412537
0.1927335113286972
0.1906799077987671
0.18866324424743652
0.18668340146541595
0.184738889336586
0.18282866477966309
0.18095260858535767
0.17911024391651154
0.17730054259300232
0.1755228042602539
0.17377638816833496
0.17206096649169922
0.1703753024339676
0.16871948540210724
0.16709306836128235
0.16549518704414368
0.16392529010772705
0.16238325834274292
0.16086804866790771
0.15937966108322144
0.15791723132133484
0.1564805507659912
0.15506893396377563
0.15368184447288513
0.15231908857822418
0.15098035335540771
0.14966504275798798
0.14837269484996796
0.14710307121276855
0.14585572481155396
0.1446303129196167
0.1434263437986374
0.14224381744861603
0.1410818099975586
0.13994023203849792
0.13881826400756836
0.13771620392799377
0.1366332471370697
0.1355692595243454
0.13452409207820892
0.13349707424640656
0.13248804211616516
0.1314966231584549
0.13052242994308472
0.1295655369758606
0.12862528860569
0.12770119309425354
0.12679341435432434
0.12590153515338898
0.1250251829624176
0.1241641640663147
0.12331796437501907
0.12248633801937103
0.12166938185691833
0.12086667120456696
0.12007798999547958
0.11930305510759354
0.11854148656129837
0.11779332160949707
0.11705802381038666
0.11633573472499847
0.11562593281269073
0.1149284839630127
0.11424311250448227
0.11356973648071289
0.11290799081325531
0.11225782334804535
0.11161911487579346
0.110991470515728
0.11037454009056091
0.10976813733577728
0.10917258262634277
0.10858719050884247
0.10801194608211517
0.1074465736746788
0.10689104348421097
0.10634508728981018
0.10580849647521973
0.10528142005205154
0.10476343333721161
0.10425461828708649
0.10375448316335678
0.10326290875673294
0.10277976095676422
0.10230512917041779
0.10183872282505035
0.10138032585382462
0.10092990100383759
0.10048727691173553
0.10005222260951996
0.0996246188879013
0.09920457750558853
0.09879171848297119
0.09838592261075974
0.0979873538017273
0.09759534895420074
0.09721017628908157
0.09683168679475784
0.09645950794219971
0.09609377384185791
0.09573400020599365
0.09538064152002335
0.09503307938575745
0.09469141811132431
0.0943557545542717
0.09402573108673096
0.09370139241218567
0.0933828130364418
0.09306953847408295
0.09276145696640015
0.09245873987674713
0.09216122329235077
0.09186862409114838
0.09158094972372055
0.09129822254180908
0.09102028608322144
0.09074701368808746
0.09047847986221313
0.09021441638469696
0.08995474874973297
0.08969935029745102
0.08944836258888245
0.08920150995254517
0.08895876258611679
0.08872006088495255
0.08848536014556885
0.0882546603679657
0.08802781254053116
0.08780473470687866
0.08758538961410522
0.08736971020698547
0.08715760707855225
0.08694903552532196
0.0867438018321991
0.08654198795557022
0.08634348213672638
0.08614828437566757
0.0859561637043953
0.0857672244310379
0.08558138459920883
0.08539855480194092
0.08521868288516998
0.08504169434309006
0.08486772328615189
0.08469653874635696
0.08452802896499634
0.08436230570077896
0.08419932425022125
0.08403891324996948
0.08388112485408783
0.08372578024864197
0.08357302844524384
0.08342266827821732
0.08327475935220718
0.0831291601061821
0.08298582583665848
0.0828447937965393
0.0827060416340828
0.08256949484348297
0.0824350118637085
0.08230274170637131
0.0821724459528923
0.08204419165849686
0.08191796392202377
0.08179372549057007
0.08167140185832977
0.08155101537704468
0.08143249154090881
0.0813157930970192
0.08120086044073105
0.08108771592378616
0.08097635954618454
0.08086653798818588
0.08075854182243347
0.0806521326303482
0.08054741472005844
0.08044423907995224
0.08034253120422363
0.08024241030216217
0.08014379441738129
0.08004660904407501
0.07995086163282394
0.07985660433769226
0.0797637552022934
0.07967222481966019
0.07958203554153442
0.0794932171702385
0.07940565794706345
0.07931934297084808
0.0792342871427536
0.07915050536394119
0.07906804978847504
0.07898657768964767
0.07890634983778
0.07882723212242126
0.07874922454357147
0.07867235690355301
0.0785965621471405
0.07852185517549515
0.07844815403223038
0.07837550342082977
0.07830384373664856
0.07823322713375092
0.07816342264413834
0.07809454202651978
0.07802671194076538
0.07795979082584381
0.07789362967014313
0.07782847434282303
0.07776405662298203
0.0777006670832634
0.07763806730508804
0.07757626473903656
0.07751519232988358
0.07745502889156342
0.07739555090665817
0.07733698934316635
0.07727906107902527
0.07722195982933044
0.07716561108827591
0.07711000740528107
0.07705508172512054
0.07700082659721375
0.07694730162620544
0.07689452171325684
0.07684227079153061
0.07679083198308945
0.07673998922109604
0.076689712703228
0.0766400545835495
0.07659105956554413
0.07654271274805069
0.0764949694275856
0.07644781470298767
0.07640119642019272
0.07635517418384552
0.0763096809387207
0.07626479119062424
0.07622046023607254
0.07617667317390442
0.07613331824541092
0.07609052211046219
0.07604820281267166
0.07600638270378113
0.07596506178379059
0.07592426240444183
0.07588396221399307
0.07584403455257416
0.07580449432134628
0.07576552778482437
0.0757269412279129
0.07568880915641785
0.07565099000930786
0.07561375200748444
0.07557688653469086
0.07554028183221817
0.07550424337387085
0.0754685178399086
0.0754331424832344
0.07539823651313782
0.07536374032497406
0.07532957196235657
0.07529573142528534
0.07526230067014694
0.07522918283939362
0.0751965194940567
0.07516412436962128
0.07513207197189331
0.0751003846526146
0.07506904751062393
0.07503803074359894
0.0750073567032814
0.07497705519199371
0.07494700700044632
0.0749172568321228
0.07488778233528137
0.07485862821340561
0.07482980191707611
0.07480116933584213
0.07477282732725143
0.07474485784769058
0.07471702992916107
0.07468952983617783
0.07466230541467667
0.07463530451059341
0.07460861653089523
0.07458218932151794
0.0745559111237526
0.0745299905538559
0.07450427860021591
0.07447884976863861
0.07445351779460907
0.07442843914031982
0.07440368086099625
0.074379101395607
0.07435473054647446
0.07433054596185684
0.07430670410394669
0.07428296655416489
0.07425938546657562
0.07423607259988785
0.0742129534482956
0.07419002801179886
0.07416729629039764
0.0741448625922203
0.07412244379520416
0.0741003230214119
0.07407838851213455
0.0740564838051796
0.0740349292755127
0.07401347160339355
0.07399222254753113
0.07397118210792542
0.0739503726363182
0.07392960786819458
0.07390907406806946
0.07388868182897568
0.07386843860149384
0.0738484337925911
0.07382857799530029
0.07380884140729904
0.07378923147916794
0.07376986742019653
0.07375060766935349
0.0737314373254776
0.07371252030134201
0.0736936628818512
0.07367488741874695
0.07365639507770538
0.0736379623413086
0.07361961901187897
0.07360142469406128
0.07358341664075851
0.07356560230255127
0.07354781031608582
0.07353009283542633
0.07351253181695938
0.07349526137113571
0.07347800582647324
0.07346091419458389
0.07344388961791992
0.07342701405286789
0.07341018319129944
0.07339347153902054
0.07337692379951477
0.07336049526929855
0.0733441412448883
0.07332790642976761
0.07331182062625885
0.07329579442739487
0.07327994704246521
0.07326411455869675
0.0732484757900238
0.07323285192251205
0.07321735471487045
0.07320194691419601
0.07318662852048874
0.07317151129245758
0.07315641641616821
0.0731414183974266
0.07312650978565216
0.07311171293258667
0.07309713959693909
0.07308243215084076
0.07306788116693497
0.07305347174406052
0.07303918898105621
0.0730249211192131
0.07301080226898193
0.07299672067165375
0.07298282533884048
0.07296886295080185
0.07295520603656769
0.07294148206710815
0.07292777299880981
0.07291434705257416
0.07290082424879074
0.0728873610496521
0.07287410646677017
0.07286084443330765
0.07284771651029587
0.0728345736861229
0.07282166182994843
0.07280879467725754
0.07279592752456665
0.07278315722942352
0.07277046889066696
0.0727577805519104
0.07274530082941055
0.0727328360080719
0.07272037863731384
0.07270807027816772
0.0726957693696022
0.07268373668193817
0.0726715624332428
0.0726594477891922
0.07264752686023712
0.07263558357954025
0.07262371480464935
0.0726119801402092
0.07260021567344666
0.07258860021829605
0.07257703691720963
0.07256543636322021
0.07255400717258453
0.0725427195429802
0.0725313052535057
0.0725199282169342
0.07250876724720001
0.07249756157398224
0.07248642295598984
0.0724753588438034
0.07246431708335876
0.07245346158742905
0.07244256138801575
0.07243181765079498
0.07242105901241302
0.07241024076938629
0.0723995491862297
0.07238895446062088
0.07237833738327026
0.07236778736114502
0.07235736399888992
0.07234688848257065
0.07233643531799316
0.07232614606618881
0.07231584936380386
0.0723055973649025
0.07229548692703247
0.07228530198335648
0.07227515429258347
0.0722651332616806
0.07225518673658371
0.07224516570568085
0.07223524898290634
0.07222543656826019
0.07221565395593643
0.07220593094825745
0.07219617813825607
0.07218647003173828
0.07217685878276825
0.07216735184192657
0.07215776294469833
0.07214827090501785
0.07213886827230453
0.0721295177936554
0.07212017476558685
0.0721108540892601
0.07210169732570648
0.0720924660563469
0.07208336144685745
0.07207421958446503
0.07206518203020096
0.07205622643232346
0.07204722613096237
0.07203832268714905
0.07202938944101334
0.07202048599720001
0.07201169431209564
0.07200288027524948
0.07199416309595108
0.07198555022478104
0.07197685539722443
0.0719681903719902
0.07195962965488434
0.07195106148719788
0.07194247841835022
0.0719340443611145
0.07192561030387878
0.07191716879606247
0.07190875709056854
0.07190044969320297
0.0718921571969986
0.07188395410776138
0.071875661611557
0.07186751812696457
0.07185932993888855
0.07185126096010208
0.07184316962957382
0.07183510065078735
0.07182709127664566
0.07181912660598755
0.07181114703416824
0.07180311530828476
0.07179532945156097
0.07178757339715958
0.07177972793579102
0.07177191227674484
0.07176418602466583
0.07175633311271667
0.07174883037805557
0.07174116373062134
0.0717334970831871
0.07172597944736481
0.07171839475631714
0.07171087712049484
0.07170351594686508
0.0716959685087204
0.07168866693973541
0.07168135046958923
0.0716739073395729
0.0716666504740715
0.0716593861579895
0.07165209949016571
0.07164489477872849
0.07163769751787186
0.07163054496049881
0.07162337005138397
0.07161629945039749
0.07160913944244385
0.07160212099552155
0.07159515470266342
0.07158810645341873
0.07158103585243225
0.07157411426305771
0.07156725227832794
0.07156030833721161
0.07155349105596542
0.07154668867588043
0.07153988629579544
0.0715329572558403
0.07152619957923889
0.07151953130960464
0.07151288539171219
0.07150619477033615
0.07149949669837952
0.07149294763803482
0.07148636132478714
0.07147981971502304
0.07147318124771118
0.07146668434143066
0.0714600533246994
0.07145366072654724
0.07144726067781448
0.07144075632095337
0.07143435627222061
0.07142800092697144
0.07142169028520584
0.07141530513763428
0.07140900194644928
0.07140285521745682
0.07139651477336884
0.07139021903276443
0.07138413935899734
0.07137792557477951
0.07137179374694824
0.07136577367782593
0.07135956734418869
0.07135353982448578
0.07134740054607391
0.07134140282869339
0.07133536040782928
0.07132945954799652
0.07132352143526077
0.07131754606962204
0.07131166011095047
0.07130566239356995
0.07129992544651031
0.07129401713609695
0.07128815352916718
0.07128232717514038
0.07127661257982254
0.07127080112695694
0.0712650865316391
0.07125940173864365
0.07125355303287506
0.071247898042202
0.07124216854572296
0.07123647630214691
0.07123081386089325
0.0712251365184784
0.0712195336818695
0.0712139680981636
0.07120846211910248
0.07120280712842941
0.07119743525981903
0.07119178026914597
0.07118625938892365
0.07118085771799088
0.0711754560470581
0.07116999477148056
0.07116463780403137
0.07115920633077621
0.07115378975868225
0.07114841043949127
0.07114312052726746
0.07113786041736603
0.0711326077580452
0.07112722098827362
0.07112200558185577
0.07111664861440659
0.07111141085624695
0.07110627740621567
0.07110105454921722
0.07109583169221878
0.07109067589044571
0.07108569145202637
0.07108055800199509
0.07107552886009216
0.07107038795948029
0.07106538116931915
0.07106032967567444
0.0710553228855133
0.07105028629302979
0.0710453987121582
0.0710403323173523
0.07103539258241653
0.07103055715560913
0.07102552801370621
0.07102063298225403
0.0710158497095108
0.0710110068321228
0.0710061639547348
0.07100127637386322
0.07099650055170059
0.07099175453186035
0.07098699361085892
0.07098224759101868
0.07097744941711426
0.07097266614437103
0.07096800208091736
0.07096342742443085
0.07095864415168762
0.07095403969287872
0.07094932347536087
0.07094466686248779
0.07094015181064606
0.07093556970357895
0.07093090564012527
0.07092636078596115
0.07092175632715225
0.07091720402240753
0.07091256976127625
0.07090801745653152
0.07090362161397934
0.07089919596910477
0.07089468091726303
0.07089030742645264
0.07088588178157806
0.07088140398263931
0.07087696343660355
0.07087255269289017
0.07086821645498276
0.07086367905139923
0.07085943222045898
0.07085495442152023
0.07085060328245163
0.07084623724222183
0.07084187120199203
0.07083750516176224
0.07083327323198318
0.07082898914813995
0.0708247721195221
0.07082050293684006
0.07081624120473862
0.07081199437379837
0.07080774754285812
0.07080365717411041
0.07079941779375076
0.07079529017210007
0.07079099118709564
0.07078689336776733
0.07078267633914948
0.07077851891517639
0.07077445089817047
0.07077039033174515
0.07076625525951385
0.07076224684715271
0.07075813412666321
0.07075414061546326
0.07075009495019913
0.07074608653783798
0.07074205577373505
0.07073809951543808
0.07073403149843216
0.07072997093200684
0.07072596997022629
0.07072199136018753
0.07071807980537415
0.07071409374475479
0.07071015983819962
0.07070626318454742
0.07070231437683105
0.07069830596446991
0.07069458067417145
0.07069064676761627
0.07068678736686707
0.07068296521902084
0.07067912071943283
0.070675328373909
0.07067141681909561
0.07066746056079865
0.07066378742456436
0.07065994292497635
0.07065615803003311
0.07065235823392868
0.07064855843782425
0.07064487040042877
0.0706411600112915
0.07063744962215424
0.07063376158475876
0.07062999904155731
0.07062628865242004
0.07062269747257233
0.07061895728111267
0.07061531394720078
0.07061173021793365
0.07060801982879639
0.07060446590185165
0.07060077786445618
0.07059714943170547
0.07059364020824432
0.07058997452259064
0.0705864205956459
0.0705827996134758
0.07057932764291763
0.0705757737159729
0.07057223469018936
0.07056873291730881
0.07056517153978348
0.07056181132793427
0.0705583319067955
0.07055479288101196
0.07055134326219559
0.070547915995121
0.0705442950129509
0.07054076343774796
0.07053732872009277
0.07053395360708237
0.07053060829639435
0.07052715867757797
0.0705236941576004
0.07052034139633179
0.07051695883274078
0.07051362097263336
0.07051019370555878
0.0705069825053215
0.0705036148428917
0.07050010561943054
0.07049677520990372
0.07049353420734406
0.07049023360013962
0.07048694044351578
0.07048361003398895
0.07048037648200989
0.07047704607248306
0.07047370821237564
0.07047043740749359
0.07046721130609512
0.07046392560005188
0.07046065479516983
0.07045753300189972
0.07045428454875946
0.07045106589794159
0.0704478770494461
0.07044457644224167
0.07044152915477753
0.07043827325105667
0.07043517380952835
0.07043193280696869
0.07042884081602097
0.07042576372623444
0.07042258977890015
0.07041950523853302
0.0704164132475853
0.07041310518980026
0.0704100951552391
0.07040704041719437
0.07040388882160187
0.07040079683065414
0.07039765268564224
0.07039468735456467
0.07039167732000351
0.07038860768079758
0.07038545608520508
0.07038242369890213
0.07037949562072754
0.07037631422281265
0.07037341594696045
0.07037043571472168
0.07036737352609634
0.07036440819501877
0.07036138325929642
0.07035843282938004
0.07035545259714127
0.07035248726606369
0.07034965604543686
0.07034669071435928
0.0703437477350235
0.0703408420085907
0.07033775746822357
0.07033506035804749
0.07033209502696991
0.07032918184995651
0.07032632827758789
0.0703234076499939
0.07032044976949692
0.07031747698783875
0.07031464576721191
0.07031168788671494
0.07030884176492691
0.07030601799488068
0.0703032836318016
0.07030045986175537
0.07029746472835541
0.07029487937688828
0.07029199600219727
0.0702892392873764
0.07028639316558838
0.07028355449438095
0.0702807828783989
0.07027804106473923
0.07027502357959747
0.07027240097522736
0.07026965171098709
0.07026689499616623
0.07026410102844238
0.0702613890171051
0.07025875151157379
0.07025596499443054
0.07025326043367386
0.070250503718853
0.07024778425693512
0.07024505734443665
0.07024239748716354
0.0702395960688591
0.07023701071739197
0.07023429870605469
0.07023148983716965
0.07022882997989655
0.07022611051797867
0.07022329419851303
0.07022080570459366
0.07021817564964294
0.07021540403366089
0.07021288573741913
0.07021015137434006
0.07020755857229233
0.07020486891269684
0.07020233571529388
0.07019960135221481
0.07019717246294022
0.0701945498585701
0.0701918974518776
0.07018927484750748
0.07018668204545975
0.07018407434225082
0.07018160074949265
0.07017891854047775
0.07017629593610764
0.07017385959625244
0.07017111778259277
0.07016868889331818
0.07016612589359283
0.07016347348690033
0.07016098499298096
0.07015837728977203
0.07015601545572281
0.07015348970890045
0.0701509416103363
0.07014843076467514
0.07014608383178711
0.07014341652393341
0.07014099508523941
0.07013846188783646
0.0701359361410141
0.07013353705406189
0.07013113796710968
0.07012864202260971
0.07012617588043213
0.07012377679347992
0.07012124359607697
0.07011880725622177
0.0701163113117218
0.07011397927999496
0.07011162489652634
0.07010909169912338
0.07010671496391296
0.07010432332754135
0.07010183483362198
0.07009942829608917
0.07009709626436234
0.07009465247392654
0.0700923353433609
0.07009008526802063
0.07008767873048782
0.0700853243470192
0.07008309662342072
0.07008056342601776
0.07007816433906555
0.07007591426372528
0.07007359713315964
0.07007122039794922
0.07006876915693283
0.07006657868623734
0.07006420940160751
0.07006190717220306
0.07005960494279861
0.07005725800991058
0.07005500048398972
0.0700526311993599
0.07005038857460022
0.0700482428073883
0.07004593312740326
0.07004360854625702
0.07004126906394958
0.07003909349441528
0.07003683596849442
0.07003453373908997
0.07003216445446014
0.07002987712621689
0.07002788037061691
0.07002557814121246
0.07002329081296921
0.07002109289169312
0.07001877576112747
0.07001665979623795
0.07001440972089767
0.07001207768917084
0.0700099989771843
0.0700078159570694
0.07000549137592316
0.070003442466259
0.07000108808279037
0.06999894976615906
0.06999663263559341
0.06999468058347702
0.06999238580465317
0.06999010592699051
0.06998816877603531
0.06998591870069504
0.06998378038406372
0.06998175382614136
0.06997951120138168
0.06997747719287872
0.06997550278902054
0.06997323036193848
0.06997115164995193
0.06996886432170868
0.06996681541204453
0.0699647068977356
0.06996258348226547
0.06996043771505356
0.06995839625597
0.06995639204978943
0.06995426118373871
0.06995243579149246
0.06995031237602234
0.06994812190532684
0.06994616985321045
0.06994403153657913
0.06994201987981796
0.06993991136550903
0.06993792206048965
0.06993591040372849
0.06993380188941956
0.06993183493614197
0.06992986798286438
0.0699278935790062
0.06992588937282562
0.06992396712303162
0.06992203742265701
0.06992001086473465
0.06991803646087646
0.0699160099029541
0.06991402059793472
0.06991200894117355
0.06990996748209
0.06990789622068405
0.0699058547616005
0.06990402936935425
0.0699019804596901
0.06989990919828415
0.06989806890487671
0.06989604979753494
0.0698942020535469
0.06989206373691559
0.06989022344350815
0.06988836079835892
0.06988655775785446
0.06988447904586792
0.06988272070884705
0.06988061964511871
0.06987878680229187
0.06987681984901428
0.06987490504980087
0.06987294554710388
0.0698712021112442
0.06986910104751587
0.06986727565526962
0.06986542791128159
0.06986358761787415
0.06986172497272491
0.06985965371131897
0.06985774636268616
0.0698559433221817
0.06985415518283844
0.0698523074388504
0.06985027343034744
0.06984856724739075
0.0698467269539833
0.06984483450651169
0.06984304636716843
0.06984113156795502
0.06983916461467743
0.06983746588230133
0.06983552873134613
0.0698336660861969
0.06983187794685364
0.06983000785112381
0.06982827931642532
0.0698264017701149
0.06982478499412537
0.06982286274433136
0.0698210671544075
0.06981933116912842
0.06981755793094635
0.06981559842824936
0.06981386989355087
0.0698121041059494
0.06981036067008972
0.06980853527784348
0.06980676203966141
0.06980519741773605
0.06980332732200623
0.0698016881942749
0.06979989260435104
0.06979810446500778
0.06979631632566452
0.06979450583457947
0.06979282945394516
0.06979095935821533
0.06978929042816162
0.0697876438498497
0.06978577375411987
0.06978407502174377
0.06978238373994827
0.06978068500757217
0.06977889686822891
0.0697772204875946
0.06977532804012299
0.06977378576993942
0.06977194547653198
0.06977023929357529
0.06976865977048874
0.06976670026779175
0.06976497173309326
0.0697634145617485
0.06976168602705002
0.06975986063480377
0.06975829601287842
0.0697566345334053
0.06975485384464264
0.06975320726633072
0.06975153833627701
0.06974980980157852
0.06974806636571884
0.06974641233682632
0.06974472105503082
0.06974316388368607
0.06974160671234131
0.06973986327648163
0.06973814219236374
0.069736547768116
0.06973493099212646
0.06973345577716827
0.06973174214363098
0.06973006576299667
0.0697283148765564
0.06972678005695343
0.06972512602806091
0.0697236955165863
0.06972198933362961
0.06972034275531769
0.06971865147352219
0.06971712410449982
0.06971555203199387
0.06971386075019836
0.06971223652362823
0.06971071660518646
0.06970895081758499
0.06970731168985367
0.06970574706792831
0.06970404088497162
0.06970252096652985
0.0697009414434433
0.06969938427209854
0.06969765573740005
0.06969611346721649
0.06969446688890457
0.06969281286001205
0.0696912407875061
0.06968972086906433
0.06968803703784943
0.06968656927347183
0.06968493014574051
0.06968330591917038
0.06968154013156891
0.06968007981777191
0.06967875361442566
0.06967703253030777
0.06967546045780182
0.06967392563819885
0.06967238336801529
0.0696706548333168
0.06966926902532578
0.06966771185398102
0.06966622173786163
0.06966473162174225
0.06966296583414078
0.06966159492731094
0.06965989619493484
0.06965839117765427
0.0696568489074707
0.06965534389019012
0.06965371966362
0.06965219229459763
0.06965077668428421
0.06964924186468124
0.06964773684740067
0.06964624673128128
0.06964454054832458
0.06964323669672012
0.06964167952537537
0.06964020431041718
0.06963872164487839
0.06963733583688736
0.06963561475276947
0.06963413953781128
0.06963274627923965
0.06963111460208893
0.06962960958480835
0.06962817162275314
0.06962667405605316
0.06962510198354721
0.06962352246046066
0.06962224841117859
0.06962056457996368
0.06961901485919952
0.06961766630411148
0.06961614638566971
0.06961474567651749
0.0696132704615593
0.06961176544427872
0.06961039453744888
0.06960880011320114
0.06960739940404892
0.06960590928792953
0.06960458308458328
0.0696030929684639
0.06960161030292511
0.06960024684667587
0.0695987269282341
0.06959747523069382
0.06959584355354309
0.06959440559148788
0.06959307193756104
0.06959159672260284
0.06959021091461182
0.06958870589733124
0.0695873573422432
0.06958583742380142
0.06958460807800293
0.06958334892988205
0.06958181411027908
0.0695803165435791
0.06957893818616867
0.06957744807004929
0.06957622617483139
0.06957488507032394
0.06957338750362396
0.06957197189331055
0.06957042217254639
0.06956909596920013
0.06956762820482254
0.06956633180379868
0.06956496089696884
0.06956351548433304
0.0695621445775032
0.069560706615448
0.06955944746732712
0.06955793499946594
0.0695565864443779
0.06955517083406448
0.06955380737781525
0.06955242156982422
0.06955108046531677
0.06954967230558395
0.06954827904701233
0.06954696774482727
0.06954563409090042
0.0695442408323288
0.06954280287027359
0.06954154372215271
0.06954025477170944
0.06953879445791245
0.06953747570514679
0.06953607499599457
0.06953480839729309
0.06953347474336624
0.06953198462724686
0.06953063607215881
0.06952935457229614
0.0695279985666275
0.06952688097953796
0.06952560693025589
0.06952433288097382
0.06952294707298279
0.06952153146266937
0.0695202425122261
0.06951885670423508
0.06951765716075897
0.06951633840799332
0.06951522827148438
0.06951376050710678
0.06951253861188889
0.06951113790273666
0.06950981914997101
0.06950851529836655
0.06950737535953522
0.06950588524341583
0.06950473040342331
0.06950316578149796
0.06950207054615021
0.06950081139802933
0.06949936598539352
0.06949811428785324
0.06949679553508759
0.06949564069509506
0.06949423998594284
0.06949298083782196
0.06949175894260406
0.06949020177125931
0.06948897242546082
0.06948786228895187
0.06948648393154144
0.06948529183864594
0.0694841593503952
0.06948272138834
0.06948158890008926
0.06948033720254898
0.06947904080152512
0.06947781145572662
0.06947650760412216
0.06947522610425949
0.06947405636310577
0.06947287172079086
0.06947145611047745
0.06947030127048492
0.06946883350610733
0.0694677084684372
0.06946640461683273
0.06946512311697006
0.06946393847465515
0.069462850689888
0.06946147978305817
0.06946003437042236
0.0694589763879776
0.06945766508579254
0.06945642083883286
0.06945506483316422
0.06945394724607468
0.06945262849330902
0.06945143640041351
0.06945033371448517
0.06944914162158966
0.06944780796766281
0.06944671273231506
0.06944529712200165
0.06944415718317032
0.06944282352924347
0.06944171339273453
0.06944040954113007
0.06943905353546143
0.0694378986954689
0.06943657994270325
0.0694354921579361
0.06943417340517044
0.06943307816982269
0.06943189352750778
0.06943073868751526
0.0694294273853302
0.06942835450172424
0.06942709535360336
0.06942596286535263
0.0694245845079422
0.06942343711853027
0.06942237168550491
0.06942114233970642
0.06941990554332733
0.06941890716552734
0.06941762566566467
0.06941640377044678
0.06941516697406769
0.06941396743059158
0.06941274553537369
0.0694117471575737
0.06941047310829163
0.06940924376249313
0.06940808892250061
0.06940687447786331
0.0694056823849678
0.06940452754497528
0.0694035217165947
0.06940232962369919
0.06940102577209473
0.06939960271120071
0.06939863413572311
0.06939762085676193
0.06939633190631866
0.06939516961574554
0.06939402222633362
0.06939306855201721
0.06939171999692917
0.06939058005809784
0.06938955187797546
0.06938821822404861
0.06938726454973221
0.06938604265451431
0.06938468664884567
0.06938368082046509
0.06938261538743973
0.06938151270151138
0.06938020884990692
0.06937921792268753
0.06937795877456665
0.06937689334154129
0.06937575340270996
0.06937457621097565
0.06937356293201447
0.0693722814321518
0.06937117129564285
0.06936997175216675
0.0693688914179802
0.06936802715063095
0.06936677545309067
0.0693657174706459
0.06936443597078323
0.06936335563659668
0.06936219334602356
0.06936103850603104
0.06936002522706985
0.06935876607894897
0.06935765594244003
0.0693567767739296
0.06935547292232513
0.06935430318117142
0.06935342401266098
0.06935226172208786
0.06935122609138489
0.0693499892950058
0.06934890896081924
0.06934790313243866
0.06934675574302673
0.06934568285942078
0.06934463977813721
0.06934352219104767
0.06934231519699097
0.06934129446744919
0.06934027373790741
0.06933914124965668
0.06933807581663132
0.06933699548244476
0.06933584064245224
0.06933488696813583
0.06933379918336868
0.06933250278234482
0.06933163106441498
0.06933028995990753
0.06932922452688217
0.06932812929153442
0.06932703405618668
0.06932594627141953
0.06932493299245834
0.06932377070188522
0.0693228542804718
0.06932181119918823
0.06932058930397034
0.06931968033313751
0.06931869685649872
0.06931768357753754
0.06931651383638382
0.06931538879871368
0.06931448727846146
0.06931329518556595
0.06931226700544357
0.06931142508983612
0.06931023299694061
0.06930945813655853
0.0693083181977272
0.06930708140134811
0.06930617988109589
0.06930524110794067
0.0693039745092392
0.069302998483181
0.06930210441350937
0.06930084526538849
0.06929983198642731
0.06929883360862732
0.0692978948354721
0.06929684430360794
0.06929602473974228
0.06929486989974976
0.06929398328065872
0.0692930743098259
0.06929193437099457
0.0692911222577095
0.06928987801074982
0.06928911060094833
0.06928796321153641
0.06928691267967224
0.06928591430187225
0.06928502768278122
0.06928399205207825
0.06928294897079468
0.06928220391273499
0.06928107142448425
0.06927993893623352
0.06927888840436935
0.06927790492773056
0.0692768469452858
0.06927594542503357
0.06927493959665298
0.0692739486694336
0.0692729726433754
0.06927194446325302
0.06927119940519333
0.06927002221345901
0.0692690834403038
0.06926795840263367
0.06926710158586502
0.06926620751619339
0.06926532089710236
0.06926439702510834
0.06926338374614716
0.06926244497299194
0.06926130503416061
0.06926031410694122
0.069259412586689
0.06925849616527557
0.06925772875547409
0.06925670057535172
0.06925550848245621
0.06925469636917114
0.06925363838672638
0.06925280392169952
0.06925142556428909
0.06925062090158463
0.06924974173307419
0.06924878060817719
0.069247767329216
0.0692467913031578
0.06924591213464737
0.06924483925104141
0.06924385577440262
0.06924289464950562
0.06924206018447876
0.06924116611480713
0.06924017518758774
0.0692392960190773
0.06923846900463104
0.06923747807741165
0.06923647969961166
0.06923586875200272
0.06923458725214005
0.0692337155342102
0.0692327693104744
0.06923182308673859
0.0692308247089386
0.0692300871014595
0.0692291110754013
0.06922811269760132
0.06922726333141327
0.06922619044780731
0.06922511011362076
0.06922425329685211
0.06922324746847153
0.06922243535518646
0.06922119855880737
0.06922047585248947
0.0692196637392044
0.06921852380037308
0.06921780854463577
0.06921681016683578
0.06921599060297012
0.06921513378620148
0.0692141205072403
0.06921345740556717
0.06921245157718658
0.06921149790287018
0.06921061128377914
0.06920962035655975
0.06920873373746872
0.06920802593231201
0.06920694559812546
0.06920596212148666
0.06920509785413742
0.06920427829027176
0.06920339912176132
0.06920229643583298
0.0692014992237091
0.06920063495635986
0.0691995918750763
0.0691988542675972
0.06919790804386139
0.06919708102941513
0.0691961720585823
0.06919518858194351
0.0691942647099495
0.06919332593679428
0.06919248402118683
0.069191575050354
0.06919075548648834
0.06918950378894806
0.06918888539075851
0.06918799877166748
0.06918713450431824
0.06918638944625854
0.06918550282716751
0.06918460130691528
0.06918363273143768
0.06918268650770187
0.06918174028396606
0.06918083131313324
0.06917992234230042
0.06917910277843475
0.06917832046747208
0.06917747855186462
0.06917673349380493
0.06917569786310196
0.06917495280504227
0.06917408108711243
0.06917319446802139
0.06917234510183334
0.0691714882850647
0.06917070597410202
0.06916960328817368
0.06916885823011398
0.0691680982708931
0.0691671073436737
0.06916636228561401
0.0691656619310379
0.06916476041078568
0.06916385889053345
0.06916280835866928
0.06916209310293198
0.06916122883558273
0.06916040927171707
0.06915969401597977
0.0691588893532753
0.06915803998708725
0.06915730983018875
0.06915634125471115
0.06915558874607086
0.06915458291769028
0.06915377825498581
0.06915297359228134
0.06915207207202911
0.06915119290351868
0.0691503956913948
0.06914956122636795
0.06914873421192169
0.06914776563644409
0.06914685666561127
0.06914602965116501
0.06914501637220383
0.06914421916007996
0.06914311647415161
0.06914246827363968
0.06914160400629044
0.06914104521274567
0.06914035975933075
0.06913932412862778
0.06913866847753525
0.06913778930902481
0.06913686543703079
0.0691361352801323
0.06913534551858902
0.06913446635007858
0.06913360208272934
0.06913260370492935
0.06913208216428757
0.06913116574287415
0.06913051754236221
0.06912945210933685
0.06912881880998611
0.06912779808044434
0.06912723183631897
0.0691264420747757
0.06912537664175034
0.06912460923194885
0.06912381947040558
0.06912319362163544
0.06912225484848022
0.06912145018577576
0.0691208615899086
0.06911998987197876
0.06911926716566086
0.06911850720643997
0.06911762803792953
0.0691169798374176
0.06911619007587433
0.0691152885556221
0.06911444664001465
0.06911390274763107
0.06911302357912064
0.06911211460828781
0.06911137700080872
0.06911033391952515
0.06910982728004456
0.0691089853644371
0.0691082552075386
0.06910748779773712
0.06910666078329086
0.06910580396652222
0.06910493969917297
0.06910421699285507
0.0691036581993103
0.06910263001918793
0.06910159438848495
0.06910067051649094
0.06910005211830139
0.06909936666488647
0.06909851729869843
0.06909774988889694
0.0690968856215477
0.06909605860710144
0.06909535825252533
0.06909444183111191
0.06909385323524475
0.06909312307834625
0.06909233331680298
0.0690915435552597
0.06909072399139404
0.06908998638391495
0.06908927112817764
0.06908837705850601
0.06908781826496124
0.06908665597438812
0.0690859779715538
0.06908544152975082
0.06908436864614487
0.06908357888460159
0.06908313930034637
0.06908223032951355
0.06908152997493744
0.06908050924539566
0.06907964497804642
0.06907913088798523
0.06907830387353897
0.06907761096954346
0.06907685846090317
0.06907603144645691
0.0690753236413002
0.06907455623149872
0.06907355040311813
0.06907279789447784
0.06907212734222412
0.0690712183713913
0.06907059252262115
0.06906957179307938
0.0690690279006958
0.06906808912754059
0.06906744092702866
0.06906648725271225
0.06906602531671524
0.06906518340110779
0.06906476616859436
0.06906355917453766
0.06906319409608841
0.06906227022409439
0.06906183063983917
0.06906070560216904
0.06906013190746307
0.0690593272447586
0.06905882805585861
0.069057896733284
0.06905733793973923
0.06905641406774521
0.06905601918697357
0.06905501335859299
0.06905463337898254
0.06905388832092285
0.06905322521924973
0.06905227154493332
0.06905191391706467
0.06905089318752289
0.06905032694339752
0.06904924660921097
0.06904900819063187
0.06904787570238113
0.0690481960773468
0.06904707849025726
0.0690472200512886
0.06904605776071548
0.06904684752225876
0.06904546916484833
0.0690462738275528
0.0690450593829155
0.06904609501361847
0.06904484331607819
0.0690457671880722
0.06904413551092148
0.0690452829003334
0.06904332339763641
0.06904434412717819
0.06904223561286926
0.06904292851686478
0.06904087960720062
0.06904153525829315
0.06903961300849915
0.06904029101133347
0.06903821974992752
0.06903915852308273
0.06903749704360962
0.06903814524412155
0.06903613358736038
0.06903708726167679
0.06903499364852905
0.06903601437807083
0.06903386116027832
0.0690348893404007
0.06903290748596191
0.0690336748957634
0.06903153657913208
0.06903254985809326
0.06903013586997986
0.06903150677680969
0.06902962177991867
0.06903103739023209
0.0690288245677948
0.06903011351823807
0.0690278708934784
0.06902959942817688
0.06902702897787094
0.0690285861492157
0.0690261721611023
0.06902804970741272
0.06902550160884857
0.06902755051851273
0.0690249502658844
0.06902725994586945
0.06902475655078888
0.0690276175737381
0.06902452558279037
0.06902704387903214
0.06902359426021576
0.06902598589658737
0.0690222680568695
0.06902497261762619
0.06902210414409637
0.06902372092008591
0.06902050226926804
0.0690220519900322
0.06901849806308746
0.06902006268501282
0.06901676207780838
0.06901846081018448
0.06901545822620392
0.06901764869689941
0.06901489943265915
0.06901794672012329
0.06901554763317108
0.06901932507753372
0.06901650875806808
0.06902029365301132
0.0690160021185875
0.06901958584785461
0.06901492923498154
0.06901729851961136
0.06901267170906067
0.0690143033862114
0.0690099447965622
0.06901241838932037
0.06900881230831146
0.06901203095912933
0.0690094530582428
0.0690133348107338
0.06901030987501144
0.06901419162750244
0.069009929895401
0.0690135583281517
0.06900877505540848
0.0690121203660965
0.06900723278522491
0.06901068240404129
0.0690063089132309
0.06901004165410995
0.06900601834058762
0.06900979578495026
0.06900527328252792
0.06900864839553833
0.06900366395711899
0.06900688260793686
0.0690026730298996
0.06900616735219955
0.069002166390419
0.0690062865614891
0.06900180876255035
0.06900656223297119
0.06900165975093842
0.06900709867477417
0.06900244951248169
0.06900837272405624
0.06900347769260406
0.0690091997385025
0.06900325417518616
0.06900878250598907
0.06900246441364288
0.06900718808174133
0.06900016218423843
0.06900475919246674
0.0689995214343071
0.06900414079427719
0.06899864226579666
0.06900361180305481
0.06899818032979965
0.06900399178266525
0.0689985379576683
0.06900592148303986
0.0689997673034668
0.06900747865438461
0.06900041550397873
0.06900607794523239
0.06899865716695786
0.06900396198034286
0.06899630278348923
0.06899993121623993
0.06899213045835495
0.06899677217006683
0.0689907893538475
0.06899753957986832
0.0689934566617012
0.0690021812915802
0.06899794936180115
0.06900894641876221
0.0690024346113205
0.06901153922080994
0.06900029629468918
0.06900453567504883
0.06899350881576538
0.06899668276309967
0.06898822635412216
0.0689917653799057
0.0689861848950386
0.0689924880862236
0.06898920983076096
0.06900077313184738
0.06899839639663696
0.06901239603757858
0.06900376826524734
0.06901472061872482
0.06900205463171005
0.06900966912508011
0.06899526715278625
0.0690000131726265
0.06898903101682663
0.06899340450763702
0.06898614764213562
0.0689929723739624
0.06898877769708633
0.06900082528591156
0.0689975842833519
0.06901390105485916
0.06900589168071747
0.06901879608631134
0.06900288164615631
0.06901025772094727
0.06899469345808029
0.06899800896644592
0.06898622214794159
0.06898987293243408
0.06898170709609985
0.06898973882198334
0.06898651272058487
0.06900108605623245
0.06899875402450562
0.06901777535676956
0.06900893896818161
0.06902430206537247
0.06900548934936523
0.06901273131370544
0.06899293512105942
0.06899531185626984
0.06898186355829239
0.06898442655801773
0.06897667050361633
0.06898370385169983
0.0689830407500267
0.06900352239608765
0.06900600343942642
0.06903553009033203
0.06902611255645752
0.06904523819684982
0.06901704519987106
0.0690220296382904
0.06899518519639969
0.06899310648441315
0.0689784437417984
0.06897334009408951
0.06896421313285828
0.0689602717757225
0.06895433366298676
0.06895557790994644
0.06895618885755539
0.0689731240272522
0.06898713856935501
0.06903183460235596
0.06903955340385437
0.06907996535301208
0.06904387474060059
0.06905416399240494
0.06901195645332336
0.06900859624147415
0.06898988038301468
0.0689815953373909
0.06897539645433426
0.06896814703941345
0.06897290050983429
0.06897647678852081
0.0690094381570816
0.06903159618377686
0.0690942108631134
0.06907904148101807
0.06910495460033417
0.06904488801956177
0.06904303282499313
0.06901116669178009
0.06900527328252792
0.06899671256542206
0.06898786127567291
0.06900026649236679
0.06900767236948013
0.06905768811702728
0.06907765567302704
0.06914408504962921
0.06910320371389389
0.06912154704332352
0.06905505806207657
0.06905600428581238
0.0690256878733635
0.06901571154594421
0.06900836527347565
0.068997323513031
0.06900957971811295
0.06901848316192627
0.06907598674297333
0.06910228729248047
0.0691865012049675
0.06914256513118744
0.06917297095060349
0.06908959150314331
0.06909636408090591
0.06905635446310043
0.0690464898943901
0.06903359293937683
0.06901674717664719
0.06902265548706055
0.06902272999286652
0.06907078623771667
0.06910115480422974
0.06919647753238678
0.06916839629411697
0.06920401006937027
0.0691060721874237
0.0691073089838028
0.06906428933143616
0.06905647367238998
0.06904847919940948
0.06903432309627533
0.06906155496835709
0.06907359510660172
0.06916153430938721
0.06917498260736465
0.06925231963396072
0.06916315853595734
0.06916884332895279
0.06909085810184479
0.06909110397100449
0.06906463205814362
0.06904827803373337
0.06905342638492584
0.06904535740613937
0.06909827142953873
0.069130539894104
0.06924833357334137
0.0692259892821312
0.06928059458732605
0.06915836781263351
0.0691681057214737
0.06910472363233566
0.06909800320863724
0.06908214092254639
0.06906268000602722
0.0690794289112091
0.06907642632722855
0.06915418058633804
0.06918586045503616
0.06930167973041534
0.0692364051938057
0.06927312165498734
0.06915036588907242
0.06915749609470367
0.06910957396030426
0.06909886002540588
0.06908731162548065
0.06906522810459137
0.0690913051366806
0.06909850239753723
0.06919650733470917
0.06922174990177155
0.06934207677841187
0.06924622505903244
0.06928551197052002
0.0691642016172409
0.06917287409305573
0.06912454217672348
0.06910636276006699
0.06909436732530594
0.0690692886710167
0.06909199804067612
0.06910330802202225
0.06921352446079254
0.06925641000270844
0.06941969692707062
0.0693153440952301
0.06936852633953094
0.06921093910932541
0.06923224776983261
0.06917461007833481
0.06915881484746933
0.06915365159511566
0.06912212818861008
0.06916290521621704
0.0691773071885109
0.06932047009468079
0.06934512406587601
0.06949138641357422
0.06932686269283295
0.06936903297901154
0.06923224031925201
0.06925757974386215
0.06920017302036285
0.0691734328866005
0.06915733218193054
0.06911791115999222
0.06912526488304138
0.069123275578022
0.06921564787626266
0.0692794993519783
0.0694902241230011
0.06941518187522888
0.06953337788581848
0.06931322813034058
0.06936829537153244
0.0692688450217247
0.06926584243774414
0.06923040747642517
0.06918735802173615
0.0691799446940422
0.06914521008729935
0.06919654458761215
0.06924498826265335
0.06944649666547775
0.06946621090173721
0.06967096030712128
0.06942455470561981
0.06950390338897705
0.06934377551078796
0.06937756389379501
0.06930455565452576
0.06927460432052612
0.06924409419298172
0.06918855756521225
0.0691656619310379
0.0691346824169159
0.06913961470127106
0.0691491961479187
0.0692586749792099
0.06932274997234344
0.06957148015499115
0.06947198510169983
0.06962992250919342
0.06938828527927399
0.06949079036712646
0.06935384124517441
0.06938840448856354
0.06932031363248825
0.06931181997060776
0.06927300989627838
0.06929779052734375
0.06929342448711395
0.06945593655109406
0.06946289539337158
0.06973043084144592
0.06954687088727951
0.069695845246315
0.06946787238121033
0.06956416368484497
0.06942261755466461
0.06944844871759415
0.06937853246927261
0.06937514990568161
0.06933044642210007
0.06940688192844391
0.06942062079906464
0.06969252973794937
0.0696696788072586
0.07003246247768402
0.06971712410449982
0.06996419280767441
0.06966991722583771
0.0699012503027916
0.06971210241317749
0.06992384046316147
0.06985931098461151
0.07023976743221283
0.07010655105113983
0.0707869753241539
0.07032864540815353
0.07133913785219193
0.0706552043557167
0.07234308868646622
0.07135678082704544
0.07436204701662064
0.07283446192741394
0.0791054368019104
0.07534915953874588
0.08426231890916824
0.07935656607151031
0.09021105617284775
0.08523142337799072
0.09985023736953735
0.09142933785915375
0.10656126588582993
0.09856640547513962
0.11462818086147308
0.10499655455350876
0.12012097984552383
0.11105771362781525
0.12447775900363922
0.11478926241397858
0.12619076669216156
0.11698660254478455
0.12565457820892334
0.1170143187046051
0.12293191254138947
0.11506852507591248
0.12041427195072174
0.11283319443464279
0.11739853024482727
0.11052458733320236
0.11454276740550995
0.10766899585723877
0.11066730320453644
0.10446859896183014
0.10676386952400208
0.10125937312841415
0.10305692255496979
0.09819898754358292
0.09959851205348969
0.09547530114650726
0.09692739695310593
0.0928444042801857
0.09446028620004654
0.09048166126012802
0.09178022295236588
0.08831040561199188
0.08926346153020859
0.08635419607162476
0.08727201819419861
0.08468566834926605
0.0856308862566948
0.0831695944070816
0.08417229354381561
0.08171677589416504
0.08237434178590775
0.08046313375234604
0.08079946786165237
0.07922619581222534
0.07949229329824448
0.07812640070915222
0.07827789336442947
0.07712668180465698
0.07709996402263641
0.07616046071052551
0.07602009922266006
0.07526805996894836
0.07501601427793503
0.07447361946105957
0.07417794317007065
0.0737668052315712
0.07347527146339417
0.0731518417596817
0.07287827134132385
0.07261974364519119
0.07237312197685242
0.07215863466262817
0.07194775342941284
0.0717642530798912
0.07158557325601578
0.07142313569784164
0.0712718814611435
0.07112966477870941
0.07099977135658264
0.07087572664022446
0.07076122611761093
0.07065414637327194
0.07055321335792542
0.07046021521091461
0.07037200778722763
0.07029060274362564
0.07021403312683105
0.07014242559671402
0.07007498294115067
0.0700114294886589
0.06995166838169098
0.06989554315805435
0.06984324753284454
0.0697944164276123
0.06974809616804123
0.06970425695180893
0.0696631520986557
0.0696246325969696
0.0695883184671402
0.06955370306968689
0.06952080875635147
0.0694897323846817
0.0694599449634552
0.06943204253911972
0.0694054365158081
0.06938064843416214
0.069356769323349
0.0693342536687851
0.06931295245885849
0.06929235905408859
0.06927276402711868
0.0692543014883995
0.06923675537109375
0.06921990215778351
0.06920354813337326
0.06918838620185852
0.0691736564040184
0.06915939599275589
0.0691460520029068
0.06913311034440994
0.06912089884281158
0.06910914182662964
0.0690976232290268
0.06908681243658066
0.06907626241445541
0.06906599551439285
0.06905628740787506
0.06904677301645279
0.06903783977031708
0.06902898848056793
0.06902063637971878
0.06901238858699799
0.06900451332330704
0.06899696588516235
0.06898967176675797
0.06898225098848343
0.06897562742233276
0.06896893680095673
0.06896230578422546
0.06895589828491211
0.06894972175359726
0.06894372403621674
0.06893779337406158
0.06893211603164673
0.0689266249537468
0.06892150640487671
0.06891615688800812
0.06891101598739624
0.06890605390071869
0.06890120357275009
0.0688963457942009
0.06889159232378006
0.06888709962368011
0.06888288259506226
0.06887844949960709
0.06887440383434296
0.06887006759643555
0.06886616349220276
0.06886189430952072
0.06885802745819092
0.0688542053103447
0.06885030120611191
0.06884672492742538
0.06884332001209259
0.06883978843688965
0.06883635371923447
0.06883277744054794
0.06882936507463455
0.06882625818252563
0.06882316619157791
0.06881996244192123
0.06881684064865112
0.06881362944841385
0.06881067901849747
0.06880763173103333
0.06880483776330948
0.06880173087120056
0.0687989741563797
0.06879611313343048
0.06879344582557678
0.06879086047410965
0.06878802180290222
0.06878539174795151
0.06878293305635452
0.06878036260604858
0.06877782940864563
0.06877531856298447
0.06877285242080688
0.06877030432224274
0.06876800209283829
0.06876563280820847
0.06876324117183685
0.06876096874475479
0.06875870376825333
0.0687563568353653
0.06875414401292801
0.0687519907951355
0.06874995678663254
0.0687478631734848
0.06874596327543259
0.06874385476112366
0.06874184310436249
0.06873977929353714
0.06873790919780731
0.06873592734336853
0.06873435527086258
0.0687323734164238
0.06873113662004471
0.06872900575399399
0.06872826814651489
0.06872623413801193
0.06872621178627014
0.06872466951608658
0.06872498989105225
0.06872286647558212
0.06872370094060898
0.0687209963798523
0.06872161477804184
0.06871845573186874
0.06871854513883591
0.06871504336595535
0.06871531158685684
0.06871205568313599
0.06871169805526733
0.06870836019515991
0.0687083899974823
0.0687054842710495
0.0687052458524704
0.06870231032371521
0.06870272755622864
0.06869978457689285
0.0687008649110794
0.06869839876890182
0.06869951635599136
0.06869680434465408
0.0686979591846466
0.06869439780712128
0.06869528442621231
0.0686911940574646
0.06869159638881683
0.06868782639503479
0.06868793815374374
0.06868439167737961
0.06868519634008408
0.06868202239274979
0.06868338584899902
0.06868049502372742
0.06868218630552292
0.06867894530296326
0.06868050247430801
0.06867718696594238
0.06867792457342148
0.06867367029190063
0.06867469847202301
0.06867095082998276
0.06867239624261856
0.06866907328367233
0.0686708465218544
0.06866728514432907
0.06866928189992905
0.06866583228111267
0.06866802275180817
0.06866445392370224
0.06866665184497833
0.06866279244422913
0.06866488605737686
0.06866055727005005
0.06866274774074554
0.06865856796503067
0.0686606764793396
0.06865652650594711
0.06865893304347992
0.06865494698286057
0.06865783035755157
0.06865398585796356
0.06865677982568741
0.06865257769823074
0.06865501403808594
0.0686505138874054
0.0686531662940979
0.0686480775475502
0.06865085661411285
0.06864622235298157
0.06864860653877258
0.06864407658576965
0.06864718347787857
0.06864259392023087
0.06864592432975769
0.06864207237958908
0.06864525377750397
0.06864084303379059
0.06864431500434875
0.06863919645547867
0.06864247471094131
0.06863723695278168
0.0686403289437294
0.06863564252853394
0.06863895803689957
0.068634033203125
0.06863823533058167
0.06863323599100113
0.06863753497600555
0.06863271445035934
0.06863753497600555
0.06863225251436234
0.06863754242658615
0.06863214820623398
0.06863618642091751
0.06862986087799072
0.06863325834274292
0.06862666457891464
0.0686294212937355
0.06862355023622513
0.06862717121839523
0.06862256675958633
0.06862767785787582
0.06862358003854752
0.06862971186637878
0.06862484663724899
0.0686316266655922
0.06862559169530869
0.06863190978765488
0.06862418353557587
0.06862813979387283
0.06861992180347443
0.06862374395132065
0.06861722469329834
0.06862135231494904
0.06861548870801926
0.06862140446901321
0.06861700862646103
0.06862358003854752
0.06861871480941772
0.06862657517194748
0.06862004101276398
0.06862722337245941
0.06861887872219086
0.06862492114305496
0.06861647963523865
0.06862165778875351
0.06861357390880585
0.06861898303031921
0.0686115026473999
0.06861679255962372
0.06861007213592529
0.06861688196659088
0.06861109286546707
0.06862004846334457
0.0686144232749939
0.06862341612577438
0.06861580163240433
0.06862352788448334
0.06861326098442078
0.06861942261457443
0.06860944628715515
0.06861467659473419
0.06860572844743729
0.06861142814159393
0.06860539317131042
0.06861439347267151
0.06860966235399246
0.06862296164035797
0.06861728429794312
0.06863158196210861
0.06862206012010574
0.06863260269165039
0.06861728429794312
0.06862165778875351
0.06860654056072235
0.06860853731632233
0.06859678775072098
0.06859880685806274
0.06859210878610611
0.06859832257032394
0.06859753280878067
0.06861479580402374
0.06861920654773712
0.06864611804485321
0.06864016503095627
0.06865880638360977
0.0686340481042862
0.06863678991794586
0.06861206889152527
0.06860912591218948
0.06859412044286728
0.06859090179204941
0.06858162581920624
0.06857830286026001
0.06857292354106903
0.06857451796531677
0.06857564300298691
0.06859315931797028
0.06860842555761337
0.06865517795085907
0.0686684399843216
0.06870965659618378
0.06867185980081558
0.06866899877786636
0.06862498074769974
0.06861962378025055
0.06860608607530594
0.0686003565788269
0.06860515475273132
0.06860706955194473
0.0686384066939354
0.0686570331454277
0.06871521472930908
0.06870713829994202
0.06873028725385666
0.06866975873708725
0.06866159290075302
0.06862860918045044
0.06862343847751617
0.06861620396375656
0.06861093640327454
0.068629689514637
0.06864184141159058
0.06870071589946747
0.06871926784515381
0.06877947598695755
0.06872820109128952
0.06872346997261047
0.06865912675857544
0.06865450739860535
0.0686398446559906
0.06863388419151306
0.06864852458238602
0.06865386664867401
0.06870904564857483
0.06872398406267166
0.06879115104675293
0.06874869018793106
0.0687495544552803
0.06867846101522446
0.06866948306560516
0.06864472478628159
0.0686369240283966
0.06863617897033691
0.06863424926996231
0.06867152452468872
0.06868821382522583
0.06876882165670395
0.06876953691244125
0.06881432980298996
0.06873218715190887
0.06871729344129562
0.0686645582318306
0.0686606764793396
0.06864644587039948
0.06863746792078018
0.06865713745355606
0.06866312772035599
0.06872694939374924
0.06874214857816696
0.06881441175937653
0.06876298785209656
0.06875956803560257
0.06868112832307816
0.06867395341396332
0.06864923983812332
0.06864053010940552
0.0686420425772667
0.06864231079816818
0.0686911940574646
0.06870933622121811
0.06880590319633484
0.0688030943274498
0.0688551664352417
0.06875434517860413
0.0687384158372879
0.068683922290802
0.06868121773004532
0.06866171956062317
0.06865085661411285
0.06867484003305435
0.06868157535791397
0.06876252591609955
0.06878900527954102
0.06890065968036652
0.0688391625881195
0.0688345730304718
0.06872633844614029
0.068719781935215
0.06869249790906906
0.06868299841880798
0.06869813799858093
0.06870424747467041
0.06878677755594254
0.0687982365489006
0.06891285628080368
0.06886841356754303
0.06889047473669052
0.06876663863658905
0.06874413043260574
0.06870821118354797
0.06870190799236298
0.06869928538799286
0.06869503855705261
0.06875883042812347
0.0687805563211441
0.06890484690666199
0.06888043880462646
0.0689665675163269
0.06885018944740295
0.0688285231590271
0.06874705851078033
0.06874347478151321
0.06871678680181503
0.06869589537382126
0.06870619207620621
0.0687105655670166
0.06879033148288727
0.06881291419267654
0.06896752864122391
0.06894134730100632
0.06900941580533981
0.06885187327861786
0.06883066147565842
0.0687636286020279
0.06876374036073685
0.06874127686023712
0.06872496753931046
0.06876906007528305
0.06877854466438293
0.06890151649713516
0.06891204416751862
0.06906500458717346
0.06896807998418808
0.06897372752428055
0.06882385164499283
0.06882405281066895
0.06878229230642319
0.06876543909311295
0.06875662505626678
0.06874864548444748
0.06882981956005096
0.06885220855474472
0.06903579831123352
0.06903691589832306
0.06920874863862991
0.06902553886175156
0.06900756061077118
0.06887621432542801
0.06889659911394119
0.06885349005460739
0.0688188299536705
0.06883001327514648
0.06882236152887344
0.0689297541975975
0.06894350796937943
0.06917190551757812
0.06915631890296936
0.06930389255285263
0.06906002759933472
0.06905099749565125
0.0689467191696167
0.06897154450416565
0.06889961659908295
0.06885387003421783
0.06886802613735199
0.06884776055812836
0.06892456114292145
0.06895042955875397
0.06923291087150574
0.0693039745092392
0.06958714127540588
0.06926164031028748
0.0693308636546135
0.06913585960865021
0.069211944937706
0.06908056885004044
0.06903928518295288
0.06904283910989761
0.06898577511310577
0.06900855153799057
0.0689801499247551
0.06919114291667938
0.06934352219104767
0.06978123635053635
0.06951828300952911
0.06975720822811127
0.06936534494161606
0.06963987648487091
0.0693751871585846
0.06946028769016266
0.06937120854854584
0.0694342702627182
0.06942089647054672
0.06962485611438751
0.06960561871528625
0.07017557322978973
0.06980635970830917
0.07042135298252106
0.06988003849983215
0.07054867595434189
0.07012999057769775
0.07094275951385498
0.07051493227481842
0.07194431126117706
0.07120060175657272
0.0739801675081253
0.07212214171886444
0.0770510733127594
0.07406006753444672
0.08236916363239288
0.07783432304859161
0.08944663405418396
0.08299364149570465
0.09619565308094025
0.08944353461265564
0.10635162889957428
0.09689696133136749
0.11597901582717896
0.10552553087472916
0.12491251528263092
0.11425531655550003
0.13341492414474487
0.12342290580272675
0.14248569309711456
0.13176558911800385
0.1486256718635559
0.1388888657093048
0.15373171865940094
0.14419211447238922
0.15441110730171204
0.1462637335062027
0.15376690030097961
0.14474985003471375
0.14925920963287354
0.14068572223186493
0.14444151520729065
0.13593456149101257
0.13931137323379517
0.13035808503627777
0.1320154368877411
0.12460941076278687
0.1256997287273407
0.11824637651443481
0.11861945688724518
0.1124902069568634
0.11279008537530899
0.1071251630783081
0.10731861740350723
0.10255327820777893
0.1029336005449295
0.0984572321176529
0.09916718304157257
0.09485341608524323
0.09556605666875839
0.091835618019104
0.09230148047208786
0.08910501003265381
0.08975571393966675
0.08673175424337387
0.08728449046611786
0.08464577794075012
0.08497586101293564
0.08280825614929199
0.08296458423137665
0.081146739423275
0.08103770017623901
0.07960469275712967
0.07936633378267288
0.07822243124246597
0.07785488665103912
0.07697828114032745
0.07656045258045197
0.07589558511972427
0.07546176016330719
0.07495162636041641
0.07454332709312439
0.07414477318525314
0.07377471029758453
0.07345204800367355
0.07313268631696701
0.07285015285015106
0.07258275151252747
0.07233896851539612
0.07211301475763321
0.07190068066120148
0.07170823216438293
0.07152498513460159
0.07135530561208725
0.07119835168123245
0.07105045020580292
0.070914626121521
0.07078669220209122
0.07066849619150162
0.0705575942993164
0.07045366615056992
0.07035836577415466
0.0702681913971901
0.07018446177244186
0.07010599970817566
0.07003153860569
0.06996188312768936
0.06989587843418121
0.06983435899019241
0.06977658718824387
0.06972247362136841
0.0696709081530571
0.0696224495768547
0.06957672536373138
0.06953407824039459
0.06949344277381897
0.06945542991161346
0.06941937655210495
0.06938514858484268
0.06935234367847443
0.06932169198989868
0.06929267942905426
0.06926517933607101
0.06923901289701462
0.06921395659446716
0.06919029355049133
0.06916774809360504
0.06914642453193665
0.06912613660097122
0.06910677999258041
0.06908820569515228
0.06907052546739578
0.06905339658260345
0.06903698295354843
0.06902167201042175
0.06900662928819656
0.06899231672286987
0.0689786821603775
0.06896565854549408
0.06895279139280319
0.06894085556268692
0.06892906129360199
0.06891801208257675
0.06890705227851868
0.06889642030000687
0.06888671219348907
0.06887730211019516
0.06886780261993408
0.06885875761508942
0.06884998083114624
0.06884175539016724
0.06883354485034943
0.06882583349943161
0.06881830841302872
0.06881065666675568
0.06880345940589905
0.0687967911362648
0.0687899962067604
0.06878330558538437
0.06877714395523071
0.06877085566520691
0.06876448541879654
0.0687589943408966
0.0687532052397728
0.06874730437994003
0.0687420517206192
0.06873653829097748
0.06873130053281784
0.06872628629207611
0.06872126460075378
0.0687166303396225
0.068712018430233
0.06870735436677933
0.06870279461145401
0.06869851052761078
0.0686940923333168
0.06868992745876312
