# adam, lr=0.01, alpha = 1000000, beta = 0.1
# best_iter: 2783, best_loss = 0.08441995829343796, imsave period = 300
5.217459201812744
2.7832131385803223
2.041273355484009
1.7159745693206787
1.5317379236221313
1.405945897102356
1.3059592247009277
1.2202004194259644
1.143885612487793
1.0747202634811401
1.0113778114318848
0.9535941481590271
0.900674045085907
0.8518697619438171
0.8065962791442871
0.764585018157959
0.725593090057373
0.6893811821937561
0.6556446552276611
0.6242228746414185
0.5950264930725098
0.5679270625114441
0.5427892208099365
0.5194483995437622
0.4977506995201111
0.4775678813457489
0.4588291049003601
0.44139009714126587
0.4251476526260376
0.41004347801208496
0.39600226283073425
0.38293468952178955
0.3707285523414612
0.3593286871910095
0.3486649692058563
0.33867424726486206
0.3293435573577881
0.3206152617931366
0.3124334216117859
0.3047727048397064
0.29756712913513184
0.2907816469669342
0.28438693284988403
0.2783545255661011
0.2726697027683258
0.26729729771614075
0.2622024714946747
0.2573702335357666
0.25279486179351807
0.2484547197818756
0.24434104561805725
0.24043557047843933
0.2367275059223175
0.2332076132297516
0.22986051440238953
0.22667333483695984
0.22363175451755524
0.22072258591651917
0.21794457733631134
0.21528881788253784
0.21274861693382263
0.21031302213668823
0.2079755663871765
0.20573171973228455
0.20358167588710785
0.20151489973068237
0.19952726364135742
0.1976141333580017
0.19577014446258545
0.19399425387382507
0.19228088855743408
0.19062477350234985
0.18902400135993958
0.18747666478157043
0.18598142266273499
0.1845361888408661
0.1831354796886444
0.18177880346775055
0.18046200275421143
0.17918413877487183
0.17794373631477356
0.17673847079277039
0.17556710541248322
0.17442700266838074
0.17331868410110474
0.17223986983299255
0.17119069397449493
0.17016763985157013
0.1691705286502838
0.16819992661476135
0.16725270450115204
0.16632932424545288
0.16543003916740417
0.1645515263080597
0.16369158029556274
0.16285179555416107
0.1620311439037323
0.16122886538505554
0.16044530272483826
0.15967783331871033
0.1589260995388031
0.15818873047828674
0.15746748447418213
0.15676021575927734
0.15606731176376343
0.15538784861564636
0.15472334623336792
0.15407082438468933
0.15343043208122253
0.15280306339263916
0.15218624472618103
0.15158039331436157
0.15098482370376587
0.15040035545825958
0.14982599020004272
0.14926262199878693
0.14870823919773102
0.1481618881225586
0.1476253718137741
0.1470973789691925
0.14657804369926453
0.14606709778308868
0.14556393027305603
0.14506873488426208
0.14458152651786804
0.14410212635993958
0.1436295509338379
0.14316481351852417
0.14270590245723724
0.14225521683692932
0.14181074500083923
0.14137372374534607
0.14094200730323792
0.14051802456378937
0.14009754359722137
0.13968342542648315
0.13927152752876282
0.13886752724647522
0.13846491277217865
0.1380709707736969
0.13768039643764496
0.13729578256607056
0.13691671192646027
0.13654419779777527
0.1361754834651947
0.13581493496894836
0.13546085357666016
0.13511662185192108
0.1347752809524536
0.13444003462791443
0.13409799337387085
0.13375559449195862
0.13340193033218384
0.13305865228176117
0.13272255659103394
0.13239935040473938
0.13208532333374023
0.13177958130836487
0.13148736953735352
0.1312001645565033
0.13091520965099335
0.13060715794563293
0.13028568029403687
0.12995555996894836
0.1296517699956894
0.12936928868293762
0.12909995019435883
0.12884505093097687
0.1285860538482666
0.12832076847553253
0.1280260682106018
0.12772631645202637
0.1274283230304718
0.12715737521648407
0.12690308690071106
0.12665890157222748
0.12642940878868103
0.12619954347610474
0.1259656548500061
0.12569864094257355
0.12541474401950836
0.12512916326522827
0.12487643957138062
0.12464644014835358
0.12443149089813232
0.1242344081401825
0.12403371930122375
0.12382206320762634
0.12356354296207428
0.12328459322452545
0.12301730364561081
0.12279631197452545
0.12260264158248901
0.122415691614151
0.12223055958747864
0.12202262133359909
0.12178471684455872
0.12151787430047989
0.12127756327390671
0.12106913328170776
0.12088190019130707
0.1207175999879837
0.12055650353431702
0.12039429694414139
0.1201917976140976
0.11994805932044983
0.1196831613779068
0.11946658790111542
0.11929163336753845
0.11913831532001495
0.11899276822805405
0.11882968246936798
0.118636354804039
0.11839882284402847
0.11816722899675369
0.11796189844608307
0.11779353767633438
0.11765136569738388
0.11752401292324066
0.11741095036268234
0.11727474629878998
0.11707538366317749
0.11681219935417175
0.116581492125988
0.1164214164018631
0.11630955338478088
0.11620108783245087
0.11605317890644073
0.11585526913404465
0.11561908572912216
0.11541853845119476
0.11526214331388474
0.11513862013816833
0.11503786593675613
0.11494220793247223
0.1148257851600647
0.11464687436819077
0.11441062390804291
0.11418627202510834
0.1140427440404892
0.11394660919904709
0.11385692656040192
0.11375688761472702
0.11360370367765427
0.11340054124593735
0.11317597329616547
0.11301113665103912
0.1128963977098465
0.11280684173107147
0.11273607611656189
0.11264844238758087
0.11252067983150482
0.11232081055641174
0.112095907330513
0.11191874742507935
0.11181570589542389
0.11174815148115158
0.11168398708105087
0.11160486936569214
0.11145153641700745
0.11124095320701599
0.11102686822414398
0.11089189350605011
0.11081308126449585
0.11075648665428162
0.11071375012397766
0.1106305792927742
0.1104697734117508
0.11024224758148193
0.11004764586687088
0.10993987321853638
0.1098863035440445
0.10985009372234344
0.10979032516479492
0.10966277867555618
0.10945603251457214
0.10925561189651489
0.1091211587190628
0.10905659198760986
0.10902127623558044
0.10898558795452118
0.10891857743263245
0.10876482725143433
0.10854989290237427
0.10836093127727509
0.10827097296714783
0.10823756456375122
0.10821075737476349
0.10816780477762222
0.10805565118789673
0.10786484181880951
0.10765469074249268
0.1075335219502449
0.10747994482517242
0.10745292901992798
0.10743165761232376
0.10737308114767075
0.10723641514778137
0.10702520608901978
0.10685592889785767
0.1067609190940857
0.10672365128993988
0.10671025514602661
0.10668430477380753
0.1066175103187561
0.10646717995405197
0.10627031326293945
0.10610164701938629
0.10602471977472305
0.1060057058930397
0.10600195080041885
0.10600851476192474
0.10596192628145218
0.10579974949359894
0.10555791109800339
0.10541106760501862
0.1053788810968399
0.10538394749164581
0.10536356270313263
0.1052764430642128
0.10511193424463272
0.10492096841335297
0.1048097312450409
0.10476144403219223
0.10474704205989838
0.10476884245872498
0.10479933023452759
0.1047641783952713
0.10460545867681503
0.10436104238033295
0.1041925698518753
0.10418006032705307
0.10420820116996765
0.10419163107872009
0.10409434139728546
0.10391048341989517
0.10374100506305695
0.10365140438079834
0.10362862050533295
0.10364429652690887
0.10367394238710403
0.10369002819061279
0.10362480580806732
0.10341985523700714
0.10318265855312347
0.10309606790542603
0.10312250256538391
0.10315008461475372
0.10312753915786743
0.10300803184509277
0.10282787680625916
0.10266223549842834
0.10260196030139923
0.10260351747274399
0.10262734442949295
0.10267304629087448
0.10269053280353546
0.10258230566978455
0.10235430300235748
0.10216138511896133
0.10211027413606644
0.10215336084365845
0.10219430923461914
0.10216151177883148
0.10202950984239578
0.10182453691959381
0.10169193893671036
0.10165398567914963
0.10167007893323898
0.10171433538198471
0.10176637768745422
0.10177253186702728
0.10163664817810059
0.10139447450637817
0.10122814774513245
0.10122400522232056
0.10127351433038712
0.1012989729642868
0.10124863684177399
0.1010965034365654
0.10091517865657806
0.1008034273982048
0.1007852852344513
0.10080066323280334
0.10084086656570435
0.10092563182115555
0.10097277164459229
0.10084694623947144
0.100603848695755
0.10043364763259888
0.10039544850587845
0.10043666511774063
0.10049708187580109
0.10047318786382675
0.10030528157949448
0.10011332482099533
0.10002879053354263
0.09999451041221619
0.09998996555805206
0.10004706680774689
0.10012571513652802
0.10015463829040527
0.10010384768247604
0.09991957992315292
0.09968875348567963
0.09958973526954651
0.09964096546173096
0.09971921890974045
0.09970863163471222
0.09962394833564758
0.09950078278779984
0.09931544959545135
0.09921295940876007
0.09921953082084656
0.09924480319023132
0.09928224235773087
0.09938994795084
0.09948074817657471
0.09942972660064697
0.09916850179433823
0.09894824028015137
0.09890464693307877
0.0989311933517456
0.09899553656578064
0.09902950376272202
0.09892453253269196
0.09873754531145096
0.09860490262508392
0.09856551140546799
0.09852243959903717
0.09852465987205505
0.09862901270389557
0.09878434985876083
0.09891942888498306
0.09903685003519058
0.09879257529973984
0.09833930432796478
0.09827230870723724
0.09848111867904663
0.09852618724107742
0.09840848296880722
0.0982271358370781
0.09808090329170227
0.09803634881973267
0.09810816496610641
0.09816190600395203
0.09815705567598343
0.09810305386781693
0.09798479825258255
0.09781823307275772
0.09766639769077301
0.09765788912773132
0.09769171476364136
0.0977037250995636
0.09778013825416565
0.09791384637355804
0.09790878742933273
0.09772840887308121
0.09751971811056137
0.09740547835826874
0.09736699610948563
0.09741844236850739
0.09751670807600021
0.09750806540250778
0.09738031029701233
0.09727524220943451
0.09716424345970154
0.09704425185918808
0.09700746834278107
0.0970584824681282
0.09711307287216187
0.09722700715065002
0.09745299816131592
0.09764796495437622
0.09743303060531616
0.09702775627374649
0.09689363837242126
0.09697128087282181
0.09706175327301025
0.09710787981748581
0.09701186418533325
0.0967458039522171
0.0966183990240097
0.09668387472629547
0.09668228030204773
0.09668935835361481
0.09681512415409088
0.0968562439084053
0.09670626372098923
0.0965723916888237
0.09648695588111877
0.09632691740989685
0.09627605974674225
0.096342071890831
0.09637618064880371
0.09644542634487152
0.0966431275010109
0.09675842523574829
0.09662768989801407
0.09636381268501282
0.09617537260055542
0.0961320623755455
0.09620297700166702
0.09635316580533981
0.09637749195098877
0.09623157232999802
0.09606818109750748
0.09594930708408356
0.09584566950798035
0.09583018720149994
0.0959181860089302
0.09599670022726059
0.09607584774494171
0.0962182879447937
0.09625642746686935
0.09592541307210922
0.09563794732093811
0.09567088633775711
0.09571677446365356
0.09574298560619354
0.09582186490297318
0.09579555690288544
0.09561800956726074
0.09545330703258514
0.0954262912273407
0.09537509828805923
0.09531603008508682
0.09535187482833862
0.09549266844987869
0.09576308727264404
0.09638521820306778
0.09706631302833557
0.09724046289920807
0.09601453691720963
0.09561672806739807
0.09621690213680267
0.09617793560028076
0.0958024263381958
0.0956706777215004
0.0956079363822937
0.09566044062376022
0.0957634299993515
0.09563852101564407
0.09544771909713745
0.09529920667409897
0.09521155804395676
0.09511187672615051
0.09507883340120316
0.09509149193763733
0.09517928212881088
0.09543628245592117
0.09588685631752014
0.09633241593837738
0.09638012200593948
0.09538000077009201
0.09510944783687592
0.09557260572910309
0.09543173015117645
0.09519287943840027
0.09509841352701187
0.09495404362678528
0.09497591853141785
0.09504932165145874
0.09493465721607208
0.09487598389387131
0.09480242431163788
0.09470333158969879
0.09461709856987
0.09452633559703827
0.0944451168179512
0.09443502128124237
0.09436338394880295
0.09431125968694687
0.09437675029039383
0.09461720287799835
0.09529251605272293
0.09647732973098755
0.09775931388139725
0.09626715630292892
0.09482692182064056
0.09545936435461044
0.09588569402694702
0.09558279067277908
0.09524302929639816
0.09502467513084412
0.0951860323548317
0.09528973698616028
0.09513341635465622
0.09506714344024658
0.09475619345903397
0.09457547962665558
0.09452281892299652
0.09444059431552887
0.09440771490335464
0.09448988735675812
0.09467708319425583
0.09500281512737274
0.09537048637866974
0.09533312916755676
0.09458546340465546
0.09420355409383774
0.09444652497768402
0.09457777440547943
0.09444351494312286
0.09415441751480103
0.09399238228797913
0.09407088905572891
0.09410146623849869
0.0940687358379364
0.09411216527223587
0.09399756044149399
0.0938129872083664
0.09367699176073074
0.09362861514091492
0.09357258677482605
0.09354044497013092
0.09356406331062317
0.0936371311545372
0.09391745924949646
0.09453565627336502
0.09491784870624542
0.09472393989562988
0.09393779933452606
0.09379670768976212
0.09414883702993393
0.09406109899282455
0.09376230090856552
0.09367235004901886
0.09367990493774414
0.09367379546165466
0.09365132451057434
0.09359985589981079
0.09343840181827545
0.09326612949371338
0.09327717870473862
0.09323768317699432
0.09312044829130173
0.09312043339014053
0.09316419064998627
0.09326919168233871
0.09366323053836823
0.09432549774646759
0.09506857395172119
0.09449906647205353
0.09340377897024155
0.093483105301857
0.0940215215086937
0.09402456879615784
0.0937124490737915
0.09341956675052643
0.09343881160020828
0.09351913630962372
0.09356614947319031
0.09353724867105484
0.09327015280723572
0.0930919423699379
0.0930398479104042
0.09300283342599869
0.09294667840003967
0.0929541289806366
0.09307035803794861
0.09329140186309814
0.09357932209968567
0.09378014504909515
0.09354961663484573
0.09313783049583435
0.09293054044246674
0.09303752332925797
0.09327597171068192
0.09322819858789444
0.09284812211990356
0.09268299490213394
0.09278488159179688
0.09280087798833847
0.09277553111314774
0.09281842410564423
0.09279422461986542
0.09262602776288986
0.09251090884208679
0.09244639426469803
0.09241176396608353
0.09236276894807816
0.09228789061307907
0.09223969280719757
0.09225527197122574
0.09228289127349854
0.09239286929368973
0.09290916472673416
0.09418726712465286
0.09517218172550201
0.09500620514154434
0.09335044771432877
0.09328796714544296
0.09414152801036835
0.0938410609960556
0.09314507991075516
0.09316670894622803
0.09336371719837189
0.09331902116537094
0.09331303834915161
0.09308528900146484
0.09284324198961258
0.09266139566898346
0.09265152364969254
0.09262598305940628
0.09258119761943817
0.09274355322122574
0.09310641884803772
0.0935342088341713
0.09382259845733643
0.09335988014936447
0.09256922453641891
0.09259255230426788
0.09292467683553696
0.09294424951076508
0.09290890395641327
0.09255022555589676
0.09236045926809311
0.09236366301774979
0.09245307743549347
0.09261740744113922
0.09270967543125153
0.09270075708627701
0.09244990348815918
0.09218730032444
0.09204474091529846
0.09210501611232758
0.09219770133495331
0.0922580361366272
0.09232879430055618
0.09217481315135956
0.09197898209095001
0.0917995423078537
0.09178844094276428
0.0917978584766388
0.09177474677562714
0.09185537695884705
0.09206291288137436
0.09229350835084915
0.09246555715799332
0.09223279356956482
0.09182867407798767
0.09168876707553864
0.09182736277580261
0.09194612503051758
0.09183789789676666
0.09171351790428162
0.0917268767952919
0.09162906557321548
0.09146551787853241
0.09145437926054001
0.09155574440956116
0.0915868803858757
0.09161332249641418
0.09187711775302887
0.0923767238855362
0.09240470081567764
0.09199389815330505
0.09163511544466019
0.09172140061855316
0.09175758063793182
0.09166775643825531
0.09174957871437073
0.09170710295438766
0.09145358949899673
0.09137093275785446
0.0914069190621376
0.09133398532867432
0.09124216437339783
0.09125201404094696
0.09130895137786865
0.09140586853027344
0.09180335700511932
0.09285029768943787
0.09356242418289185
0.093498595058918
0.09233088791370392
0.09206049144268036
0.09259659051895142
0.0925445482134819
0.09233959019184113
0.09222003817558289
0.09182289987802505
0.09187887609004974
0.0920485109090805
0.09199763834476471
0.09229196608066559
0.0927484855055809
0.09276165068149567
0.09232057631015778
0.09211304783821106
0.09169527143239975
0.09169207513332367
0.09183528274297714
0.09180604666471481
0.09203220903873444
0.09240173548460007
0.09263637661933899
0.09258297085762024
0.09227209538221359
0.09176629781723022
0.09163804352283478
0.0917166918516159
0.0918438509106636
0.0918833389878273
0.09181244671344757
0.09197773039340973
0.09166043996810913
0.0914650410413742
0.09143415093421936
0.09136738628149033
0.09119106829166412
0.09115227311849594
0.09111792594194412
0.09104187041521072
0.09102463722229004
0.09124134480953217
0.0918060690164566
0.0931621640920639
0.09541074931621552
0.09464642405509949
0.0921294316649437
0.09234368801116943
0.09316383302211761
0.09329170733690262
0.09332504868507385
0.09286052733659744
0.09303916990756989
0.09261228889226913
0.0925339087843895
0.09233631193637848
0.09270582348108292
0.09319689124822617
0.0943036824464798
0.09536287188529968
0.09656049311161041
0.09376204758882523
0.09482092410326004
0.09389813244342804
0.09453237056732178
0.0943123921751976
0.096372589468956
0.09828939288854599
0.10487978160381317
0.10256883502006531
0.11324372887611389
0.10944958031177521
0.11925885081291199
0.12169824540615082
0.13311302661895752
0.13129296898841858
0.1404697299003601
0.1325172781944275
0.138093501329422
0.13388413190841675
0.1370088756084442
0.1368018537759781
0.14055700600147247
0.13614024221897125
0.1336318552494049
0.1272631734609604
0.12642362713813782
0.12331582605838776
0.12127530574798584
0.12271371483802795
0.12525953352451324
0.13240233063697815
0.1272912323474884
0.12316723167896271
0.11998723447322845
0.11976280808448792
0.11788542568683624
0.11611223965883255
0.11641177535057068
0.11444280296564102
0.1161707267165184
0.11463384330272675
0.11232913285493851
0.10904522985219955
0.1081116646528244
0.10702474415302277
0.10625721514225006
0.10625765472650528
0.10575119405984879
0.10738228261470795
0.10705675184726715
0.10531573742628098
0.10236825793981552
0.10197147727012634
0.10211560130119324
0.10159577429294586
0.10146796703338623
0.10036533325910568
0.09986493736505508
0.09900374710559845
0.09857962280511856
0.09799224883317947
0.09763175249099731
0.09721918404102325
0.09681243449449539
0.09647169709205627
0.096222884953022
0.09603393822908401
0.0965103879570961
0.09842681884765625
0.10118547827005386
0.10173989832401276
0.09744321554899216
0.09737862646579742
0.0982917919754982
0.09674537181854248
0.0969541072845459
0.0969056785106659
0.0961260050535202
0.09609805792570114
0.0955185666680336
0.09535307437181473
0.09517975896596909
0.09468555450439453
0.09450669586658478
0.09419941157102585
0.09399139136075974
0.09376361966133118
0.09352696686983109
0.09344511479139328
0.09327937662601471
0.09335508197546005
0.09352820366621017
0.09363078325986862
0.09347079694271088
0.0929027572274208
0.09238478541374207
0.09241010248661041
0.09250052273273468
0.09240838140249252
0.09217654913663864
0.09187985211610794
0.09178096055984497
0.09173684567213058
0.09170068800449371
0.09170585870742798
0.09161072969436646
0.0914856493473053
0.09132958948612213
0.09117183089256287
0.09104204177856445
0.09098941087722778
0.0909581109881401
0.0909351035952568
0.0909842699766159
0.09107427299022675
0.0911797285079956
0.09120037406682968
0.09094324707984924
0.0906277522444725
0.09054259210824966
0.09061942994594574
0.09068170934915543
0.09061667323112488
0.0904419794678688
0.09030550718307495
0.09026586264371872
0.09029441326856613
0.09031811356544495
0.09029102325439453
0.09022602438926697
0.0901167169213295
0.0900345966219902
0.08995717763900757
0.0899108424782753
0.08992025256156921
0.08994798362255096
0.0899883508682251
0.09008508920669556
0.09019764512777328
0.09019508957862854
0.08998046815395355
0.08974739909172058
0.08971139043569565
0.08979901671409607
0.08986262232065201
0.08982130885124207
0.08971473574638367
0.08961029350757599
0.08954162895679474
0.08953110873699188
0.08957669138908386
0.08963177353143692
0.08963559567928314
0.08958341926336288
0.08953024446964264
0.0894470363855362
0.08934909105300903
0.08930410444736481
0.0893319845199585
0.08936985582113266
0.08940762281417847
0.08946988731622696
0.08953697234392166
0.08952156454324722
0.08940030634403229
0.08922509104013443
0.0891704186797142
0.08922410756349564
0.0892498791217804
0.0892506018280983
0.08927696943283081
0.0893004834651947
0.08921512961387634
0.08907341957092285
0.08904671669006348
0.08905701339244843
0.08901534974575043
0.08898148685693741
0.08899406343698502
0.08904878050088882
0.08916670829057693
0.08939546346664429
0.08982912451028824
0.09005740284919739
0.08991359174251556
0.08924201130867004
0.08917627483606339
0.08957654237747192
0.089459627866745
0.08917737007141113
0.089165098965168
0.08916769921779633
0.08914750814437866
0.08918428421020508
0.08908990770578384
0.08894065022468567
0.08890735357999802
0.08892231434583664
0.08890881389379501
0.08892802894115448
0.0889735072851181
0.08904088288545609
0.08910059928894043
0.08908826857805252
0.08896922320127487
0.08881857991218567
0.08877931535243988
0.08874817937612534
0.08874710649251938
0.08882433921098709
0.08888813853263855
0.0888776034116745
0.08886897563934326
0.08880604058504105
0.0886663869023323
0.088607557117939
0.08859851956367493
0.0885779857635498
0.0886022225022316
0.08869834989309311
0.0888107419013977
0.08894891291856766
0.08904320001602173
0.0890236496925354
0.08873266726732254
0.08851895481348038
0.08858966082334518
0.0887259691953659
0.0887734442949295
0.08871737867593765
0.08861210197210312
0.088509701192379
0.08847749978303909
0.08849617093801498
0.08850587159395218
0.08855852484703064
0.08863763511180878
0.08860272169113159
0.08856791257858276
0.08855698257684708
0.08847515285015106
0.08835642039775848
0.08831965923309326
0.08834394812583923
0.08835586160421371
0.08839081227779388
0.08851563185453415
0.08870701491832733
0.088889941573143
0.08897585421800613
0.0888538807630539
0.08844864368438721
0.08837813884019852
0.08858495950698853
0.08862319588661194
0.08858896046876907
0.08851786702871323
0.08837857842445374
0.08831875026226044
0.08834393322467804
0.08832782506942749
0.08836183696985245
0.08847688138484955
0.08850262314081192
0.08850955218076706
0.088551826775074
0.08849336951971054
0.0882863849401474
0.08816314488649368
0.08821485936641693
0.08825676888227463
0.0883018746972084
0.08840317279100418
0.08853670209646225
0.08860272169113159
0.08861827105283737
0.08839374780654907
0.08815091848373413
0.08818407356739044
0.08825764805078506
0.08823536336421967
0.08828543871641159
0.08842261880636215
0.08841592073440552
0.08834518492221832
0.08830935508012772
0.08819214999675751
0.08814247697591782
0.08813277631998062
0.08806134760379791
0.08799977600574493
0.08801999688148499
0.08803722262382507
0.08804373443126678
0.0881936252117157
0.08868029713630676
0.08950964361429214
0.0906989723443985
0.0902903825044632
0.08897002786397934
0.08863314241170883
0.08959302306175232
0.08981936424970627
0.0892314612865448
0.08892498165369034
0.0889936238527298
0.08909400552511215
0.08914904296398163
0.0888499766588211
0.08855190128087997
0.08865687251091003
0.0885469913482666
0.08844555914402008
0.08856255561113358
0.08867773413658142
0.0889262706041336
0.08933437615633011
0.08948913961648941
0.08914021402597427
0.08866437524557114
0.08846504986286163
0.08858427405357361
0.08884365856647491
0.08880338817834854
0.08843514323234558
0.08826474845409393
0.08830497413873672
0.08830568194389343
0.08836908638477325
0.08840873837471008
0.08826808631420135
0.08821728080511093
0.08812716603279114
0.08799289166927338
0.08791396021842957
0.0879068672657013
0.0878705233335495
0.08783891797065735
0.0879095271229744
0.08808022737503052
0.08846503496170044
0.08924844115972519
0.08959624171257019
0.08926714956760406
0.08811520785093307
0.0884166806936264
0.0890204906463623
0.08845273405313492
0.08822481334209442
0.08835124224424362
0.08826837688684464
0.0882369875907898
0.08807353675365448
0.08798164129257202
0.08805231004953384
0.0879182368516922
0.08780708909034729
0.08784841746091843
0.08785013854503632
0.08784870058298111
0.08792252838611603
0.08819548785686493
0.08864063024520874
0.08881562203168869
0.08874738961458206
0.08796332031488419
0.08785766363143921
0.08828216791152954
0.0880909264087677
0.08787741512060165
0.08787858486175537
0.08779491484165192
0.08781906217336655
0.08778257668018341
0.08766472339630127
0.08772924542427063
0.08777143061161041
0.0876690000295639
0.08761784434318542
0.08770354837179184
0.08779431879520416
0.08783283829689026
0.08788879215717316
0.0878431648015976
0.08775294572114944
0.08762980997562408
0.08751557022333145
0.08745894581079483
0.08749086409807205
0.08760105073451996
0.08763927221298218
0.08760548382997513
0.08765505999326706
0.08768066763877869
0.08753743767738342
0.08743391931056976
0.08735493570566177
0.08730323612689972
0.08734661340713501
0.08738178014755249
0.087392657995224
0.08748731017112732
0.08775318413972855
0.08806504309177399
0.08821330964565277
0.087882861495018
0.08763443678617477
0.08764173835515976
0.08757949620485306
0.08760861307382584
0.08769728243350983
0.08768731355667114
0.08768818527460098
0.08761510252952576
0.08743148297071457
0.08742935955524445
0.08745280653238297
0.08731560409069061
0.0872671902179718
0.0872812494635582
0.08726571500301361
0.08724796772003174
0.08726613223552704
0.08744140714406967
0.08798074722290039
0.08919380605220795
0.09023095667362213
0.09068315476179123
0.08854790031909943
0.08854939043521881
0.08940286934375763
0.08888330310583115
0.08873866498470306
0.08849848806858063
0.0883379578590393
0.08855649828910828
0.08844079077243805
0.08840915560722351
0.0884806364774704
0.08848512917757034
0.0885595977306366
0.08823328465223312
0.08817846328020096
0.08808854222297668
0.08783206343650818
0.08775283396244049
0.08774293959140778
0.08763183653354645
0.08761141449213028
0.0876409262418747
0.08777852356433868
0.0884261280298233
0.08991332352161407
0.09105746448040009
0.0907176285982132
0.08894148468971252
0.08872410655021667
0.08945353329181671
0.08931130170822144
0.08878864347934723
0.08878912031650543
0.08882179856300354
0.0885910615324974
0.0883869007229805
0.0883764922618866
0.08821649849414825
0.08811027556657791
0.08821792155504227
0.0884876400232315
0.08966555446386337
0.09199932217597961
0.09299471229314804
0.09131558239459991
0.089728944003582
0.08990366011857986
0.0909486711025238
0.09037598222494125
0.089740090072155
0.09060995280742645
0.09021244943141937
0.09107767045497894
0.09088302403688431
0.09292752295732498
0.0939691960811615
0.0957568883895874
0.09226194024085999
0.09625791013240814
0.09459663927555084
0.09939407557249069
0.09982181340456009
0.10940012335777283
0.11372873187065125
0.12574750185012817
0.11919164657592773
0.13451319932937622
0.13222278654575348
0.14761966466903687
0.14852294325828552
0.15975555777549744
0.1515907347202301
0.1573258340358734
0.1510082483291626
0.15363025665283203
0.14848782122135162
0.15265440940856934
0.15210109949111938
0.14819203317165375
0.13976126909255981
0.13688674569129944
0.13134895265102386
0.12961015105247498
0.12469460070133209
0.12215084582567215
0.11954301595687866
0.11699330061674118
0.11772478371858597
0.1247563362121582
0.1447758674621582
0.15465147793293
0.1420338898897171
0.13818077743053436
0.14067748188972473
0.1335010826587677
0.1329599916934967
0.13135915994644165
0.12706705927848816
0.12832754850387573
0.12913508713245392
0.12731042504310608
0.12290059030056
0.11971735954284668
0.11505644023418427
0.11399109661579132
0.11323609203100204
0.11154594272375107
0.11211022734642029
0.11079071462154388
0.1100204586982727
0.10682598501443863
0.10526501387357712
0.10398900508880615
0.10316383838653564
0.1025342047214508
0.10215476900339127
0.1027718037366867
0.10321907699108124
0.10367836803197861
0.1014011800289154
0.09936538338661194
0.09886576980352402
0.09911097586154938
0.09855637699365616
0.09758763760328293
0.09707387536764145
0.096230149269104
0.09592251479625702
0.09561175107955933
0.09520810097455978
0.09526412189006805
0.09542294591665268
0.09588803350925446
0.09612290561199188
0.09520434588193893
0.09366615116596222
0.09346382319927216
0.09376178681850433
0.09365083277225494
0.09319406747817993
0.09262672066688538
0.09242884814739227
0.09237194806337357
0.09228704124689102
0.09215892851352692
0.09178277105093002
0.09153295308351517
0.09132028371095657
0.0911366194486618
0.09099502861499786
0.09088844060897827
0.09086617827415466
0.09094087779521942
0.09116502106189728
0.09150727838277817
0.09148873388767242
0.09084874391555786
0.09024202823638916
0.09033989906311035
0.09058727324008942
0.09037238359451294
0.0899769589304924
0.08984965085983276
0.08992073684930801
0.0899280235171318
0.08978733420372009
0.08954853564500809
0.0893993005156517
0.08936887979507446
0.08937409520149231
0.08936335146427155
0.08932887017726898
0.08926299214363098
0.08912402391433716
0.08900333940982819
0.08888974785804749
0.08880946785211563
0.08876131474971771
0.08874601125717163
0.08875763416290283
0.08880814909934998
0.0889509841799736
0.08920205384492874
0.08920679986476898
0.08897131681442261
0.08858881890773773
0.08850641548633575
0.08866006135940552
0.08868031203746796
0.08856263756752014
0.08838305622339249
0.08830131590366364
0.08834905922412872
0.08838178962469101
0.08834739774465561
0.08826538920402527
0.08815091848373413
0.08807049691677094
0.0880364254117012
0.08803728967905045
0.08805892616510391
0.08809210360050201
0.0881774052977562
0.0883077085018158
0.08831200748682022
0.08821535110473633
0.08798973262310028
0.08786730468273163
0.08789718896150589
0.08794071525335312
0.08797845989465714
0.0879824236035347
0.08787310123443604
0.08773919194936752
0.08767164498567581
0.08769271522760391
0.08771038800477982
0.0877130851149559
0.08778578788042068
0.08791393041610718
0.08796399086713791
0.08797228336334229
0.08782956004142761
0.08762403577566147
0.08754827082157135
0.08760245144367218
0.08767479658126831
0.0876772403717041
0.08765209466218948
0.08760407567024231
0.08748657256364822
0.08739960938692093
0.08741170912981033
0.08744794130325317
0.08746767044067383
0.08754152059555054
0.0876898467540741
0.08787646144628525
0.08787985146045685
0.08774489164352417
0.08746762573719025
0.08739110082387924
0.08748563379049301
0.08749941736459732
0.08750168979167938
0.08751094341278076
0.08737306296825409
0.08723792433738708
0.08724901080131531
0.08729707449674606
0.087276391685009
0.08730003237724304
0.08742430061101913
0.08755534887313843
0.08760267496109009
0.08768366277217865
0.08753311634063721
0.08726908266544342
0.08717864006757736
0.08726221323013306
0.08731906116008759
0.08733139932155609
0.08734116703271866
0.08726420253515244
0.08712856471538544
0.08707651495933533
0.08705858886241913
0.08705107867717743
0.08708394318819046
0.08712155371904373
0.08725517243146896
0.08755031228065491
0.08779795467853546
0.08801646530628204
0.08768448233604431
0.08723028749227524
0.08715285360813141
0.08739656955003738
0.08756941556930542
0.0873623713850975
0.08705161511898041
0.0871003046631813
0.08723165094852448
0.08724398165941238
0.087216317653656
0.08713064342737198
0.08698518574237823
0.08690617978572845
0.08694913238286972
0.08698313683271408
0.08702102303504944
0.08712597191333771
0.08724553883075714
0.08728024363517761
0.087179034948349
0.08700017631053925
0.08685575425624847
0.08684109896421432
0.08692452311515808
0.08698945492506027
0.08702234923839569
0.08702569454908371
0.08691161125898361
0.08674772083759308
0.08672215789556503
0.08673551678657532
0.08672499656677246
0.08674784749746323
0.08686888217926025
0.08703139424324036
0.087216317653656
0.0873032957315445
0.08726490288972855
0.08693314343690872
0.08669625967741013
0.08680982142686844
0.08698686957359314
0.08700402081012726
0.08687269687652588
0.08674255013465881
0.08666465431451797
0.08667600154876709
0.08673768490552902
0.08678162097930908
0.086847685277462
0.08688567578792572
0.08680084347724915
0.0866817981004715
0.08662239462137222
0.08657965809106827
0.08652572333812714
0.08653430640697479
0.08662358671426773
0.08673694729804993
0.0868731439113617
0.08714301884174347
0.08728919178247452
0.0870983749628067
0.08668775856494904
0.08658891916275024
0.08674655854701996
0.08683092892169952
0.08684016764163971
0.08678234368562698
0.08664137125015259
0.08650844544172287
0.08652275800704956
0.08659566193819046
0.08665083348751068
0.08674903213977814
0.08685824275016785
0.08689909428358078
0.08682004362344742
0.08663059771060944
0.08646856248378754
0.08646441996097565
0.08655807375907898
0.08658191561698914
0.08662503212690353
0.08671891689300537
0.08676916360855103
0.08662745356559753
0.08647491037845612
0.08647365868091583
0.08642221987247467
0.08633231371641159
0.08635270595550537
0.08642823249101639
0.08648385107517242
0.0866217166185379
0.08700355142354965
0.08764669299125671
0.08768370002508163
0.08736715465784073
0.08668814599514008
0.08674964308738708
0.08717130124568939
0.08699024468660355
0.08670112490653992
0.08669612556695938
0.08675488829612732
0.08668938279151917
0.08656059205532074
0.08655775338411331
0.08658497035503387
0.08650355041027069
0.08647814393043518
0.08646229654550552
0.08646474778652191
0.08665631711483002
0.08687283843755722
0.08712556958198547
0.08743554353713989
0.08758831024169922
0.08689534664154053
0.08644390106201172
0.08674727380275726
0.0868878960609436
0.08678166568279266
0.08681435883045197
0.08678755909204483
0.08652704954147339
0.08642110228538513
0.08647804707288742
0.08642951399087906
0.08640718460083008
0.0865144282579422
0.08668804913759232
0.08701272308826447
0.08756878972053528
0.08773772418498993
0.08728932589292526
0.08673558384180069
0.08669763803482056
0.08693411201238632
0.08709470182657242
0.08698677271604538
0.0866202563047409
0.0865326076745987
0.08662062883377075
0.08662626147270203
0.08669242262840271
0.08675620704889297
0.08657820522785187
0.08642232418060303
0.0863914042711258
0.08632625639438629
0.08619658648967743
0.08620248734951019
0.08621878176927567
0.08621756732463837
0.08635863661766052
0.08675289154052734
0.08738819509744644
0.08835014700889587
0.08807074278593063
0.08701068162918091
0.08644989877939224
0.08731595426797867
0.08776532113552094
0.08697067201137543
0.08671291917562485
0.08705230057239532
0.08687800914049149
0.08675757050514221
0.08673238009214401
0.0864773616194725
0.08650825172662735
0.08657117933034897
0.08643394708633423
0.08650410175323486
0.08665814250707626
0.0867047980427742
0.08682416379451752
0.08693879097700119
0.08667794615030289
0.08644416928291321
0.08640364557504654
0.08632075786590576
0.08625958859920502
0.08636347949504852
0.08652299642562866
0.08664174377918243
0.08661794662475586
0.08650396764278412
0.08631418645381927
0.08613540232181549
0.08616054803133011
0.08616262674331665
0.08615891635417938
0.08629409968852997
0.08645288646221161
0.08643043041229248
0.08634434640407562
0.08627335727214813
0.08609815686941147
0.08598065376281738
0.08600916713476181
0.08603820204734802
0.08605604618787766
0.08612985908985138
0.08630083501338959
0.0864800214767456
0.08641241490840912
0.0863228440284729
0.08610464632511139
0.08590961247682571
0.08600056171417236
0.08607587963342667
0.08601585030555725
0.08602569252252579
0.08615774661302567
0.08616940677165985
0.08600880205631256
0.08592616766691208
0.08591098338365555
0.08585301041603088
0.08580485731363297
0.08580046892166138
0.0857643112540245
0.08570827543735504
0.08571106195449829
0.08572898805141449
0.08574523031711578
0.08600804954767227
0.08692388981580734
0.08841400593519211
0.09094087034463882
0.08932243287563324
0.08693665266036987
0.08749647438526154
0.08854248374700546
0.08850479125976562
0.08805575966835022
0.08767051249742508
0.08821044862270355
0.08777771145105362
0.08722692728042603
0.0874248743057251
0.08761495351791382
0.08762779086828232
0.08758494257926941
0.08867202699184418
0.09062415361404419
0.09038830548524857
0.08861962705850601
0.088648721575737
0.08833842724561691
0.08814768493175507
0.0882757157087326
0.08834226429462433
0.08831913024187088
0.08785505592823029
0.08836839348077774
0.0883130356669426
0.08876781165599823
0.0896531268954277
0.0897633358836174
0.08856894075870514
0.08883219212293625
0.08810056000947952
0.08788926899433136
0.08770841360092163
0.08776754140853882
0.08789826184511185
0.08797678351402283
0.08941196650266647
0.09133994579315186
0.09314093738794327
0.09143243730068207
0.09194297343492508
0.08924687653779984
0.09125206619501114
0.09099626541137695
0.09236472100019455
0.0931907519698143
0.10070744156837463
0.10216961055994034
0.1107768714427948
0.10425271093845367
0.11182375252246857
0.11043782532215118
0.12030069530010223
0.12380306422710419
0.13721568882465363
0.12878674268722534
0.13483864068984985
0.1295391023159027
0.132772296667099
0.12829631567001343
0.13668020069599152
0.13932332396507263
0.14512954652309418
0.1410675048828125
0.1365416795015335
0.1301562786102295
0.13226068019866943
0.1254943460226059
0.12428587675094604
0.12105809152126312
0.12543964385986328
0.1388406753540039
0.1401134580373764
0.12728464603424072
0.1320059448480606
0.1241714209318161
0.1242779940366745
0.12057246267795563
0.11860035359859467
0.11911574751138687
0.12009814381599426
0.12967893481254578
0.13463672995567322
0.12659631669521332
0.11812521517276764
0.11917930096387863
0.11537162214517593
0.11385275423526764
0.1122540682554245
0.10994251072406769
0.11165247112512589
0.11213351786136627
0.1161043643951416
0.11561980098485947
0.11009784042835236
0.10574127733707428
0.10727272182703018
0.1050301343202591
0.10323229432106018
0.1039448231458664
0.10184144973754883
0.10283830761909485
0.10291387140750885
0.10346952080726624
0.10265825688838959
0.10119905322790146
0.09801667928695679
0.0980767011642456
0.09775429219007492
0.09669315069913864
0.09688769280910492
0.09655918926000595
0.09637988358736038
0.09587930142879486
0.09627779573202133
0.0953463539481163
0.09423781931400299
0.0935414507985115
0.09326715022325516
0.09286590665578842
0.09274366497993469
0.09271721541881561
0.0922364667057991
0.09221763908863068
0.09189066290855408
0.09160561114549637
0.0912165716290474
0.09079965204000473
0.09047881513834
0.09034447371959686
0.09007056057453156
0.08991923928260803
0.08993495255708694
0.08987604826688766
0.09012186527252197
0.09066295623779297
0.09079796075820923
0.09035956859588623
0.08938883244991302
0.08922717720270157
0.08960957825183868
0.08938603848218918
0.08888788521289825
0.08876481652259827
0.08885431289672852
0.08878803998231888
0.08859729766845703
0.0883873924612999
0.0882805585861206
0.08820875734090805
0.08819373697042465
0.08819815516471863
0.0881032943725586
0.08799901604652405
0.08792544901371002
0.0878160372376442
0.08766284584999084
0.08757957816123962
0.08752817660570145
0.08746908605098724
0.08740013837814331
0.0873546302318573
0.08735614269971848
0.08744124323129654
0.08773791790008545
0.08840595930814743
0.08897929638624191
0.08915068209171295
0.0877559706568718
0.08748913556337357
0.0881965160369873
0.08776184916496277
0.08732719719409943
0.08752666413784027
0.08752937614917755
0.08731000125408173
0.08720172196626663
0.08719348907470703
0.08719900250434875
0.08712344616651535
0.08698774874210358
0.08693352341651917
0.08688291907310486
0.08684216439723969
0.08684498071670532
0.08683476597070694
0.086785688996315
0.08672953397035599
0.0867241770029068
0.08670041710138321
0.08663710951805115
0.08659283071756363
0.0865778923034668
0.08654973655939102
0.0865241065621376
0.08649778366088867
0.08649761229753494
0.0865163579583168
0.08651764690876007
0.08650653809309006
0.08647654950618744
0.0864504724740982
0.08639807999134064
0.08627521991729736
0.08621461689472198
0.08620855212211609
0.08619936555624008
0.08619724959135056
0.08621853590011597
0.08633914589881897
0.08659740537405014
0.08688843250274658
0.08719699084758759
0.08686667680740356
0.0863097533583641
0.08627478778362274
0.08655577152967453
0.08661095052957535
0.08639875054359436
0.08625760674476624
0.08626311272382736
0.08630380034446716
0.08634576201438904
0.086270272731781
0.0861101821064949
0.08604385703802109
0.08607203513383865
0.08609189093112946
0.08611404150724411
0.08612371981143951
0.08612828701734543
0.08609022200107574
0.086032435297966
0.08595144748687744
0.08589279651641846
0.08586699515581131
0.08583823591470718
0.08580954372882843
0.08581215888261795
0.08584609627723694
0.085913747549057
0.0861191600561142
0.08657179772853851
0.0869455486536026
0.08710414171218872
0.08639951050281525
0.08601789176464081
0.08625226467847824
0.08640491217374802
0.08629561960697174
0.08599957823753357
0.08597999066114426
0.08619022369384766
0.0861324891448021
0.0859026163816452
0.08584324270486832
0.08587837219238281
0.0858868807554245
0.08590349555015564
0.08591481298208237
0.08584609627723694
0.08574759215116501
0.08571043610572815
0.08566087484359741
0.08562993258237839
0.08564658463001251
0.08566254377365112
0.08570580184459686
0.08585632592439651
0.08610580861568451
0.08643923699855804
0.08639669418334961
0.08613769710063934
0.0857454240322113
0.08575519919395447
0.08605525642633438
0.08602860569953918
0.08573442697525024
0.08562593162059784
0.08573929965496063
0.08582925796508789
0.08577053248882294
0.08567861467599869
0.08561135083436966
0.08555398881435394
0.08556364476680756
0.08558078110218048
0.08560451865196228
0.08565390110015869
0.08572360873222351
0.0857342928647995
0.08562926948070526
0.08555968850851059
0.08553372323513031
0.08547434955835342
0.08541235327720642
0.08540789783000946
0.08544814586639404
0.08551421761512756
0.08565284311771393
0.08592956513166428
0.08614778518676758
0.08621847629547119
0.08591292798519135
0.08555428683757782
0.08552730828523636
0.08579399436712265
0.08594165742397308
0.08570140600204468
0.08546700328588486
0.08549890667200089
0.08555088937282562
0.0855933278799057
0.08562444150447845
0.0855492502450943
0.08542028814554214
0.08535055071115494
0.08533988893032074
0.08532819151878357
0.08534343540668488
0.08543232083320618
0.08557697385549545
0.08573934435844421
0.08599415421485901
0.08601310849189758
0.08566849678754807
0.08534581959247589
0.08541232347488403
0.08561301231384277
0.08563746511936188
0.08558032661676407
0.085471972823143
0.08533485978841782
0.08530721813440323
0.08538397401571274
0.08543626964092255
0.08546403050422668
0.08552856743335724
0.08550138771533966
0.08533968776464462
0.08524545282125473
0.08523151278495789
0.08517832309007645
0.08515716344118118
0.08521128445863724
0.08527260273694992
0.08538629114627838
0.085638627409935
0.08602026104927063
0.08609486371278763
0.08574122190475464
0.08535563945770264
0.08536306768655777
0.08552762120962143
0.08561310172080994
0.08553051948547363
0.08536563068628311
0.08532476425170898
0.08532872796058655
0.08526844531297684
0.08527326583862305
0.08537528663873672
0.08542748540639877
0.08531051874160767
0.08525197207927704
0.08525807410478592
0.08517956733703613
0.08509671688079834
0.08505715429782867
0.08503015339374542
0.08498621731996536
0.08498325198888779
0.08502209186553955
0.0850571021437645
0.08523233234882355
0.08575043082237244
0.08640236407518387
0.08729793131351471
0.08652887493371964
0.08551827818155289
0.08558232337236404
0.08612863719463348
0.0861542671918869
0.08562111854553223
0.08555091917514801
0.08588962256908417
0.08565160632133484
0.0853855311870575
0.08553093671798706
0.08552002161741257
0.08529146015644073
0.08520518243312836
0.0853094607591629
0.0852736234664917
0.08513300120830536
0.08518718183040619
0.08537191152572632
0.08559583872556686
0.08609920740127563
0.08649782836437225
0.08657784014940262
0.08564100414514542
0.08534736186265945
0.085832379758358
0.08576759696006775
0.0855344906449318
0.08548223972320557
0.0853327214717865
0.08531215786933899
0.08538655936717987
0.0853622704744339
0.08537346869707108
0.08544141799211502
0.08536281436681747
0.08528550714254379
0.08531435579061508
0.08519619703292847
0.08502659201622009
0.08500514924526215
0.0850192978978157
0.08493423461914062
0.08488405495882034
0.08490051329135895
0.08490310609340668
0.08495962619781494
0.08525814116001129
0.08595684170722961
0.08736266195774078
0.0878569483757019
0.08724094927310944
0.08549675345420837
0.0863851010799408
0.08747687935829163
0.0861528068780899
0.0858435183763504
0.0864996537566185
0.08605744689702988
0.08582044392824173
0.08586552739143372
0.0856667309999466
0.08575253188610077
0.0857396200299263
0.08544957637786865
0.08550850301980972
0.08557583391666412
0.08542902022600174
0.08533743768930435
0.0854160338640213
0.08538096398115158
0.08548496663570404
0.08577860891819
0.0857502818107605
0.08568642288446426
0.08558298647403717
0.08528599143028259
0.08516843616962433
0.08522963523864746
0.08528928458690643
0.08528957515954971
0.08529863506555557
0.08528377115726471
0.08510453999042511
0.08495497703552246
0.08493904769420624
0.08494605869054794
0.08490957319736481
0.08491739630699158
0.08499821275472641
0.08510458469390869
0.08538288623094559
0.08596118539571762
0.0859948992729187
0.0856652557849884
0.08509176969528198
0.0851849913597107
0.08548393845558167
0.08527760952711105
0.08511239290237427
0.08510380238294601
0.08505940437316895
0.0850687325000763
0.08496575802564621
0.08487533032894135
0.08497457206249237
0.08500000089406967
0.08488844335079193
0.08491569012403488
0.08513887226581573
0.0853382796049118
0.08544798195362091
0.08568035811185837
0.08543729782104492
0.08499360829591751
0.08488728106021881
0.08508605509996414
0.08516925573348999
0.08513832092285156
0.08507614582777023
0.08492006361484528
0.08480577170848846
0.08486708253622055
0.0848398357629776
0.08476923406124115
0.08491384983062744
0.08510534465312958
0.08522436022758484
0.08550146222114563
0.08566782623529434
0.0854506865143776
0.084993377327919
0.08488666266202927
0.08501263707876205
0.08514825999736786
0.08525014668703079
0.08508937805891037
0.08482830226421356
0.0847688764333725
0.08483672142028809
0.08486523479223251
0.0848446637392044
0.08494433760643005
0.08505617082118988
0.0850476324558258
0.08500681072473526
0.08495000749826431
0.08479555696249008
0.08470621705055237
0.08472135663032532
0.08469614386558533
0.08463720977306366
0.08471706509590149
0.08487608283758163
0.085024893283844
0.0852368175983429
0.08543650060892105
0.08555237948894501
0.08505090326070786
0.08473027497529984
0.08489079773426056
0.08500432968139648
0.0850614607334137
0.08504743874073029
0.084795281291008
0.08464497327804565
0.08472276479005814
0.08479368686676025
0.08476640284061432
0.08480042219161987
0.08493758738040924
0.08505414426326752
0.08501671999692917
0.084937185049057
0.08486116677522659
0.0846858024597168
0.08465458452701569
0.08468405902385712
0.08466856181621552
0.08470728993415833
0.0848441869020462
0.0850883275270462
0.08544595539569855
0.08562920987606049
0.08588428050279617
0.08542907983064651
0.08489453792572021
0.08495113253593445
0.08524102717638016
0.08527414500713348
0.08505231142044067
0.08505702018737793
0.08515061438083649
0.08508380502462387
0.08500261604785919
0.08481233566999435
0.08477871119976044
0.08484166860580444
0.0848449096083641
0.08488974720239639
0.08506771922111511
0.08573685586452484
0.08694957196712494
0.08811766654253006
0.08752388507127762
0.08610814064741135
0.08583494275808334
0.08643662184476852
0.08682297170162201
0.08725850284099579
0.0867367833852768
0.08627080172300339
0.08600767701864243
0.08601468801498413
0.08603302389383316
0.08631234616041183
0.08673791587352753
0.08727194368839264
0.08837492763996124
0.0882834866642952
0.08784329891204834
0.08641695976257324
0.08702906966209412
0.08684856444597244
0.08676236867904663
0.08718899637460709
0.08787190169095993
0.08978861570358276
0.09118138998746872
0.09456492960453033
0.09145549684762955
0.09534484893083572
0.09283549338579178
0.09799309819936752
0.09800536930561066
0.11127234995365143
0.12030772864818573
0.13963986933231354
0.13841941952705383
0.1537274569272995
0.1501314342021942
0.1687679886817932
0.17942708730697632
0.20070648193359375
0.20213830471038818
0.21017412841320038
0.2098011076450348
0.2124706208705902
0.21306368708610535
0.21635004878044128
0.21533089876174927
0.20672179758548737
0.19458642601966858
0.18619579076766968
0.1765311062335968
0.17111101746559143
0.1672796905040741
0.170713871717453
0.17623461782932281
0.1621048003435135
0.1507718563079834
0.14817771315574646
0.1413739025592804
0.13855306804180145
0.13707707822322845
0.1393812596797943
0.1453665792942047
0.14492680132389069
0.13497568666934967
0.1299903690814972
0.12977643311023712
0.12519188225269318
0.12320159375667572
0.12140310555696487
0.1176537573337555
0.11902276426553726
0.1190444827079773
0.11939579248428345
0.11742491275072098
0.11350392550230026
0.10894045978784561
0.10897428542375565
0.10736964643001556
0.10606920719146729
0.10660006105899811
0.10647613555192947
0.10802024602890015
0.10680322349071503
0.10499881207942963
0.10133449733257294
0.1007365882396698
0.10098827630281448
0.10071203112602234
0.10062027722597122
0.09962176531553268
0.09885745495557785
0.09711292386054993
0.09666657447814941
0.09627176821231842
0.09571079909801483
0.09561362862586975
0.09551575034856796
0.09602893888950348
0.09683970361948013
0.09616410732269287
0.09431276470422745
0.09361699968576431
0.09358389675617218
0.09365737438201904
0.09335871040821075
0.09247659146785736
0.09215040504932404
0.09213390946388245
0.09200361371040344
0.09192101657390594
0.09160485863685608
0.09125607460737228
0.09088443219661713
0.09066049009561539
0.09048517048358917
0.0903545543551445
0.09031076729297638
0.09034819900989532
0.09048054367303848
0.09068379551172256
0.09052444249391556
0.09001009166240692
0.08948411047458649
0.08942995965480804
0.08962959796190262
0.08958040922880173
0.08929622173309326
0.08900764584541321
0.08886170387268066
0.08887936919927597
0.08892685920000076
0.08888423442840576
0.08870086818933487
0.08848795294761658
0.0883479118347168
0.08825146406888962
0.08822675794363022
0.08824148029088974
0.08829079568386078
0.08834555745124817
0.08838409930467606
0.08826643973588943
0.08802634477615356
0.087811678647995
0.0877508893609047
0.08777495473623276
0.08782835304737091
0.08786383271217346
0.08778388053178787
0.08761301636695862
0.08745209872722626
0.08737275749444962
0.08735914528369904
0.08735483884811401
0.08739185333251953
0.08748739957809448
0.08760416507720947
0.08762416243553162
0.08751271665096283
0.08725586533546448
0.08708364516496658
0.08708931505680084
0.08716350048780441
0.08720678836107254
0.08716657012701035
0.08709054440259933
0.08694317936897278
0.08682598173618317
0.086800217628479
0.08684967458248138
0.08690539002418518
0.0869532972574234
0.0870506539940834
0.08710519224405289
0.08702278882265091
0.08676382899284363
0.08660739660263062
0.08665403723716736
0.08669114112854004
0.08667990565299988
0.08670669049024582
0.08673691749572754
0.08663938194513321
0.08649910241365433
0.08643981069326401
0.08641630411148071
0.08636695146560669
0.08632387220859528
0.08632626384496689
0.08634645491838455
0.08643229305744171
0.08667576313018799
0.08716505765914917
0.08751064538955688
0.08765599876642227
0.08681176602840424
0.08642798662185669
0.08680308610200882
0.08687343448400497
0.08657906204462051
0.08635313808917999
0.08649221062660217
0.08659989386796951
0.0864008367061615
0.08624912798404694
0.08627267181873322
0.08623715490102768
0.08619046211242676
0.08620992302894592
0.08617806434631348
0.0860743299126625
0.0859733521938324
0.08597633242607117
0.08597297966480255
0.08590313047170639
0.08585555851459503
0.0858554020524025
0.08587968349456787
0.08595476299524307
0.08619306236505508
0.0868615061044693
0.08759874105453491
0.08810549229383469
0.0868268758058548
0.08614563941955566
0.08670730888843536
0.08678963780403137
0.08639701455831528
0.0862225666642189
0.08637939393520355
0.08643586933612823
0.08624762296676636
0.08604910224676132
0.08603715151548386
0.08609818667173386
0.08608173578977585
0.08599688112735748
0.08589808642864227
0.08578978478908539
0.08573359251022339
0.08576149493455887
0.08578741550445557
0.0857948511838913
0.08584657311439514
0.08596224337816238
0.08599565178155899
0.08589823544025421
0.08570557832717896
0.08559750020503998
0.08558298647403717
0.08558712899684906
0.08561189472675323
0.0856529027223587
0.08570408076047897
0.08565579354763031
0.08555585145950317
0.08546944707632065
0.08542469143867493
0.08538611233234406
0.0853458046913147
0.0853358656167984
0.0853525847196579
0.08539935946464539
0.08552354574203491
0.08580932021141052
0.0861261710524559
0.08646213263273239
0.08611056208610535
0.0855882465839386
0.08544433861970901
0.08577091991901398
0.08598547428846359
0.08565598726272583
0.0854053795337677
0.085519939661026
0.08559012413024902
0.08550534397363663
0.08539848029613495
0.08536861836910248
0.0853486955165863
0.08528117835521698
0.0853104293346405
0.08538880199193954
0.0853489339351654
0.08527316153049469
0.0852465108036995
0.08526542037725449
0.08523570746183395
0.08514404296875
0.08510012924671173
0.08511731773614883
0.08511083573102951
0.08510434627532959
0.08510462939739227
0.08520084619522095
0.08545353263616562
0.08574417978525162
0.08615569770336151
0.08604857325553894
0.08565244823694229
0.08528243005275726
0.08541816473007202
0.08573434501886368
0.0856161117553711
0.08528489619493484
0.08518721163272858
0.08535891026258469
0.08548975735902786
0.08533211052417755
0.08511946350336075
0.08508455008268356
0.08513596653938293
0.08519066125154495
0.0852155014872551
0.0851544439792633
0.08504446595907211
0.08495710045099258
0.08493824303150177
0.08492457866668701
0.08491102606058121
0.08495272696018219
0.08507202565670013
0.08524200320243835
0.08552750945091248
0.08567804098129272
0.08564586192369461
0.08519243448972702
0.08492101728916168
0.08513107895851135
0.08533190190792084
0.08530472964048386
0.0850805938243866
0.0849345475435257
0.08494585007429123
0.08504350483417511
0.08512397110462189
0.08507436513900757
0.0849585235118866
0.08485648781061172
0.08481460064649582
0.08480656147003174
0.08482719957828522
0.08490659296512604
0.08500827103853226
0.08509507775306702
0.08510968089103699
0.08509412407875061
0.08493131399154663
0.08475404977798462
0.08472331613302231
0.08482039719820023
0.08491972088813782
0.08494477719068527
0.08496666699647903
0.08492953330278397
0.08476674556732178
0.0846634954214096
0.0846635177731514
0.08470284193754196
0.0847439095377922
0.08482952415943146
0.08497552573680878
0.08516168594360352
0.08513817191123962
0.08504801988601685
0.08483127504587173
0.08466631174087524
0.08472558856010437
0.08488604426383972
0.08496367186307907
0.08488903939723969
0.08475493639707565
0.08468072861433029
0.08463189750909805
0.08462683856487274
0.08471101522445679
0.08483925461769104
0.08492352068424225
0.08498875051736832
0.08497850596904755
0.08483807742595673
0.08464468270540237
0.08457046002149582
0.08464991301298141
0.08475930988788605
0.08484691381454468
0.08490999042987823
0.08494721353054047
0.08478036522865295
0.08459050208330154
0.08455787599086761
0.08459992706775665
0.08462860435247421
0.08469172567129135
0.08483284711837769
0.08492465317249298
0.08489552140235901
0.08479142934083939
0.08469489216804504
0.08456814289093018
0.08450276404619217
0.08458118140697479
0.08468787372112274
0.08477184176445007
0.08482064306735992
0.08487413823604584
0.0847671627998352
0.08454131335020065
0.08446989953517914
0.08451439440250397
0.08454634994268417
0.08460696786642075
0.08474716544151306
0.08487974107265472
0.08497461676597595
0.08488582074642181
0.0847528800368309
0.08456958830356598
0.08447854965925217
0.0845755934715271
0.08471095561981201
0.08478225767612457
0.0847720354795456
0.08473537117242813
0.08460506796836853
0.08446040004491806
0.08441995829343796
0.0844837874174118
0.08457581698894501
0.08467231690883636
0.08491673320531845
0.08515798300504684
0.08524713665246964
0.08500037342309952
0.08470654487609863
0.08457334339618683
0.08466492593288422
0.0848810151219368
0.08494929224252701
0.08484099805355072
0.08463302999734879
0.08456264436244965
0.08457282930612564
0.08456216752529144
0.08463579416275024
0.08477353304624557
0.08483362197875977
0.08480305224657059
0.08476367592811584
0.08466914296150208
0.08451537787914276
0.08444830030202866
0.08448124676942825
0.0845247209072113
0.084539994597435
0.08467390388250351
0.0848817378282547
0.0849853977560997
0.08494514971971512
0.08491899073123932
0.08470498025417328
0.08447837084531784
0.08446379005908966
0.08463210612535477
0.08477125316858292
0.08479642868041992
0.08487894386053085
0.08483654260635376
0.08458243310451508
0.08450968563556671
0.08454146236181259
0.08454067260026932
0.08457551896572113
0.08477914333343506
0.08504926413297653
0.0853499099612236
0.0853351503610611
0.08518427610397339
0.08481857180595398
0.08458991348743439
0.08474554121494293
0.08497045934200287
0.08496298640966415
0.08490452170372009
0.08485868573188782
0.0846535861492157
0.0844755619764328
0.08452751487493515
0.08462921530008316
0.08471735566854477
0.08493433892726898
0.08541445434093475
0.08570824563503265
0.08563053607940674
0.08513238281011581
0.08474576473236084
0.08473329991102219
0.08506651967763901
0.08534824848175049
0.08511494845151901
0.08479680120944977
0.08476066589355469
0.08475464582443237
0.08472774922847748
0.08482341468334198
0.08497562259435654
0.08494685590267181
0.08482871949672699
0.08484549820423126
0.08482103794813156
0.08464018255472183
0.08451944589614868
0.08454649895429611
0.0844532921910286
0.08444265276193619
0.08459129929542542
0.08475687354803085
0.08512959629297256
0.08612823486328125
0.08680631220340729
0.0872177928686142
0.0854506641626358
0.08510832488536835
0.08587899059057236
0.08559922128915787
0.08537070453166962
0.08530998975038528
0.08510968834161758
0.08530224859714508
0.08518853038549423
0.08483945578336716
0.08486531674861908
0.08498087525367737
0.08491979539394379
0.08490834385156631
0.08522941172122955
0.08584937453269958
0.08696191012859344
0.08869908004999161
0.0872751921415329
0.0855211615562439
0.08574451506137848
0.0864657461643219
0.08653601258993149
0.08616218715906143
0.08594489842653275
0.0859655812382698
0.08578318357467651
0.08578658103942871
0.08537621796131134
0.08526727557182312
0.08549150079488754
0.08537738025188446
0.08540172129869461
0.08591637015342712
0.08738785982131958
0.09028290212154388
0.09019491076469421
0.08807913959026337
0.0865621343255043
0.08784011006355286
0.08868388831615448
0.08757928758859634
0.0872192531824112
0.08777803927659988
0.086937814950943
0.08679784834384918
0.0867559015750885
0.0866367518901825
0.08684001863002777
0.08790343999862671
0.08937966823577881
0.09168049693107605
0.09110590070486069
0.09106883406639099
0.08834920823574066
0.08977144956588745
0.088868148624897
0.08927027136087418
0.08932128548622131
0.09123314172029495
0.09351499378681183
0.10210501402616501
0.10228829830884933
0.10908938944339752
0.10367157310247421
0.11092214286327362
0.11071544885635376
0.11807510256767273
0.11910097301006317
0.13465893268585205
0.13191483914852142
0.1358768343925476
0.12987780570983887
0.1363302767276764
0.1314147561788559
0.14082518219947815
0.14371256530284882
0.15200117230415344
0.1491379737854004
0.14491453766822815
0.1384340077638626
0.13847005367279053
0.13139408826828003
0.13256342709064484
0.12822403013706207
0.13614296913146973
0.1575103998184204
0.1491401642560959
0.1329846978187561
0.138363316655159
0.1312871277332306
0.13154534995555878
0.12571965157985687
0.12354101240634918
0.12562069296836853
0.12992241978645325
0.14302873611450195
0.13924235105514526
0.13368907570838928
0.1255512535572052
0.1276417076587677
0.1222362294793129
0.12016657739877701
0.11881371587514877
0.1170094758272171
0.12322403490543365
0.1253877431154251
0.12537385523319244
0.11602640151977539
0.11344876885414124
0.11147719621658325
0.11106298863887787
0.11018043011426926
0.1091184988617897
0.11200456321239471
0.11013172566890717
0.11180445551872253
0.10493375360965729
0.10402835160493851
0.10268021374940872
0.1016148030757904
0.10147862136363983
