# adam, lr=0.01, alpha = 1000000, beta = 0.1
# best_iter: 2843, best_loss = 0.12288336455821991, imsave period = 300
7.518028736114502
4.590413570404053
3.2804205417633057
2.554530620574951
2.1568381786346436
1.9580012559890747
1.8300983905792236
1.706071376800537
1.5970418453216553
1.5003987550735474
1.4130733013153076
1.3371058702468872
1.2696677446365356
1.2081485986709595
1.151327133178711
1.1033296585083008
1.0612363815307617
1.0244238376617432
0.9908614158630371
0.9608441591262817
0.9339014291763306
0.9103443622589111
0.8882774710655212
0.8678770065307617
0.848925769329071
0.8314449787139893
0.815069317817688
0.7999835014343262
0.7856435179710388
0.7720803618431091
0.7593933939933777
0.7474923133850098
0.7362654209136963
0.7255986928939819
0.7155236005783081
0.7059476971626282
0.6968123316764832
0.6881035566329956
0.6798179745674133
0.671927809715271
0.6643692255020142
0.65711510181427
0.6501786708831787
0.6434986591339111
0.6371034979820251
0.630946934223175
0.6249741911888123
0.6192042827606201
0.6136171221733093
0.6082053184509277
0.602963924407959
0.5978860259056091
0.5929479598999023
0.5881526470184326
0.5834847688674927
0.5789312124252319
0.5744950175285339
0.5701745748519897
0.5659584999084473
0.561837375164032
0.5578086376190186
0.553870677947998
0.5500227808952332
0.5462530851364136
0.5425591468811035
0.538938581943512
0.5353877544403076
0.5319015383720398
0.5284796357154846
0.5251221656799316
0.521822988986969
0.5185818672180176
0.5153947472572327
0.5122614502906799
0.5091776847839355
0.5061439275741577
0.5031557083129883
0.5002144575119019
0.4973175525665283
0.49446767568588257
0.4916665554046631
0.4889339208602905
0.4862901568412781
0.4838458299636841
0.481736958026886
0.4804280996322632
0.4795835018157959
0.47932183742523193
0.4750533699989319
0.46944403648376465
0.4660382866859436
0.46576976776123047
0.4639725983142853
0.4593190550804138
0.4568052887916565
0.4561046063899994
0.4533767104148865
0.4498147964477539
0.4476976990699768
0.4463850259780884
0.44413357973098755
0.441028892993927
0.43873244524002075
0.43722647428512573
0.4353516101837158
0.43289870023727417
0.4303159713745117
0.42824679613113403
0.42657315731048584
0.4248356223106384
0.4228721261024475
0.42060691118240356
0.418357253074646
0.4162674844264984
0.4144056439399719
0.41270363330841064
0.4110659062862396
0.4095425009727478
0.4079974889755249
0.4065364599227905
0.4047029912471771
0.4026837944984436
0.4002370238304138
0.39798685908317566
0.3961874842643738
0.3947639465332031
0.39351022243499756
0.39214837551116943
0.39072227478027344
0.38884207606315613
0.38679808378219604
0.38460081815719604
0.38271015882492065
0.38119882345199585
0.37991297245025635
0.3787866532802582
0.3776423931121826
0.3766035735607147
0.3750316798686981
0.37321722507476807
0.37082064151763916
0.3687197268009186
0.36727797985076904
0.36627787351608276
0.3653813302516937
0.3641699254512787
0.36278000473976135
0.3607901930809021
0.3587648868560791
0.3569933772087097
0.3556838929653168
0.354690819978714
0.35376960039138794
0.35295870900154114
0.3518295884132385
0.35059666633605957
0.3486033082008362
0.3464774787425995
0.3447001874446869
0.3436163067817688
0.3428927958011627
0.34206488728523254
0.34115830063819885
0.3396182656288147
0.33784162998199463
0.3359299898147583
0.334454208612442
0.33343490958213806
0.3326462507247925
0.332008421421051
0.33120033144950867
0.330373078584671
0.32883360981941223
0.327043354511261
0.32504403591156006
0.3236624598503113
0.3229464888572693
0.32235392928123474
0.32170313596725464
0.32060763239860535
0.319330096244812
0.31750941276550293
0.315817266702652
0.31464266777038574
0.31387609243392944
0.3132566213607788
0.3126598298549652
0.3123069107532501
0.3114655315876007
0.3103752136230469
0.30838286876678467
0.30654895305633545
0.305230975151062
0.304538369178772
0.30419066548347473
0.30349308252334595
0.30239295959472656
0.3007354140281677
0.2993207573890686
0.29818594455718994
0.29725635051727295
0.29663607478141785
0.29621556401252747
0.29599982500076294
0.2955659031867981
0.29546061158180237
0.2943078577518463
0.29244348406791687
0.28989505767822266
0.2889431118965149
0.28910237550735474
0.2884826064109802
0.28742873668670654
0.28602591156959534
0.28460317850112915
0.28341907262802124
0.2830112874507904
0.28277501463890076
0.2818567156791687
0.281025230884552
0.2802935242652893
0.2793762683868408
0.2777770757675171
0.27660349011421204
0.2759077847003937
0.2749643623828888
0.273987740278244
0.27347666025161743
0.2732635736465454
0.2732400894165039
0.27500951290130615
0.278717577457428
0.28631478548049927
0.282161146402359
0.2742680311203003
0.26917731761932373
0.2734379172325134
0.2738404870033264
0.26752060651779175
0.2682000398635864
0.26969510316848755
0.2651742994785309
0.26481419801712036
0.26596421003341675
0.2626579999923706
0.26177507638931274
0.26252734661102295
0.26032841205596924
0.25885558128356934
0.25920626521110535
0.2581750750541687
0.25628769397735596
0.2559087574481964
0.25581812858581543
0.2544454038143158
0.25314438343048096
0.25284671783447266
0.2523578703403473
0.2514599561691284
0.25059279799461365
0.249526709318161
0.24887686967849731
0.24855665862560272
0.24790550768375397
0.24719145894050598
0.2464887797832489
0.24567413330078125
0.24480226635932922
0.24409615993499756
0.2433284968137741
0.2426013946533203
0.24203291535377502
0.2414240539073944
0.2408018857240677
0.24041469395160675
0.2405678629875183
0.2416401505470276
0.24542944133281708
0.2498849332332611
0.2561424970626831
0.24517810344696045
0.23729920387268066
0.24164527654647827
0.24189019203186035
0.23686645925045013
0.236799955368042
0.2382775843143463
0.23553195595741272
0.23406413197517395
0.2352314442396164
0.2339385449886322
0.23178651928901672
0.23246167600154877
0.23213744163513184
0.2298707515001297
0.22989633679389954
0.23015011847019196
0.22826644778251648
0.22752663493156433
0.22780254483222961
0.22674573957920074
0.22575139999389648
0.22532880306243896
0.22481030225753784
0.22432798147201538
0.22358426451683044
0.22279620170593262
0.2223275601863861
0.2218838632106781
0.22128412127494812
0.2208152711391449
0.22039154171943665
0.21964162588119507
0.21897447109222412
0.21853817999362946
0.21802018582820892
0.21741411089897156
0.2169293612241745
0.21645519137382507
0.21597394347190857
0.21572431921958923
0.21593554317951202
0.21677693724632263
0.21977004408836365
0.22371232509613037
0.22945255041122437
0.2214755415916443
0.21361246705055237
0.21576154232025146
0.21808141469955444
0.21449711918830872
0.212504044175148
0.21428418159484863
0.21329672634601593
0.2111230045557022
0.2114829421043396
0.21136292815208435
0.20967595279216766
0.20925864577293396
0.20941954851150513
0.2081800103187561
0.20731014013290405
0.20753900706768036
0.206686869263649
0.2055475413799286
0.20566637814044952
0.2051997184753418
0.2040591686964035
0.20388664305210114
0.20367386937141418
0.20280595123767853
0.2023429274559021
0.20206746459007263
0.2015165090560913
0.2010674774646759
0.20063132047653198
0.2000821828842163
0.1997653692960739
0.19944018125534058
0.1989261358976364
0.19870439171791077
0.19915196299552917
0.20050042867660522
0.20472781360149384
0.20985101163387299
0.21668127179145813
0.20411857962608337
0.1968822032213211
0.20290493965148926
0.20131134986877441
0.19718396663665771
0.19844800233840942
0.19798174500465393
0.19651351869106293
0.19643160700798035
0.19558647274971008
0.19512581825256348
0.19466109573841095
0.1937623918056488
0.19373446702957153
0.19284537434577942
0.19215506315231323
0.1924351155757904
0.19127041101455688
0.19072577357292175
0.19090571999549866
0.18996019661426544
0.18947941064834595
0.18938025832176208
0.18871855735778809
0.1883457750082016
0.18808719515800476
0.18747390806674957
0.18722155690193176
0.1870596706867218
0.1865975260734558
0.18669679760932922
0.18729163706302643
0.18881693482398987
0.19103161990642548
0.194612056016922
0.19168123602867126
0.18670180439949036
0.18469059467315674
0.18725942075252533
0.18756917119026184
0.1844157576560974
0.18394619226455688
0.1851232945919037
0.1842001974582672
0.18248042464256287
0.18250742554664612
0.18305650353431702
0.1818331629037857
0.18085269629955292
0.18131403625011444
0.18112003803253174
0.18008044362068176
0.17976075410842896
0.1796930432319641
0.17918545007705688
0.178928941488266
0.1785079836845398
0.17795835435390472
0.17789514362812042
0.17758221924304962
0.17700296640396118
0.1767825484275818
0.1766110062599182
0.17630580067634583
0.1760682463645935
0.17596252262592316
0.17591989040374756
0.17603813111782074
0.17710186541080475
0.17834331095218658
0.1800772249698639
0.17903786897659302
0.17690208554267883
0.17416933178901672
0.17466822266578674
0.17608705163002014
0.1746106743812561
0.17303770780563354
0.17354558408260345
0.17373612523078918
0.17250007390975952
0.1719733625650406
0.17239134013652802
0.17193162441253662
0.17117421329021454
0.1709774136543274
0.17080026865005493
0.1704552322626114
0.17017103731632233
0.16980883479118347
0.16942770779132843
0.16939175128936768
0.16920608282089233
0.1687730848789215
0.16881024837493896
0.16951201856136322
0.17057541012763977
0.1733604371547699
0.17640432715415955
0.1814669668674469
0.17642313241958618
0.17127907276153564
0.17022421956062317
0.1722426414489746
0.172379270195961
0.1692560911178589
0.16832484304904938
0.16971148550510406
0.16893839836120605
0.16693101823329926
0.16701973974704742
0.1678684800863266
0.1665968894958496
0.16533693671226501
0.16629697382450104
0.16592180728912354
0.16468963027000427
0.165072962641716
0.1646459996700287
0.16402994096279144
0.1641254425048828
0.16352929174900055
0.16327570378780365
0.16322393715381622
0.16274523735046387
0.16233812272548676
0.16219821572303772
0.16208100318908691
0.16163671016693115
0.1614411622285843
0.16131740808486938
0.16087694466114044
0.16074828803539276
0.16064868867397308
0.16036853194236755
0.16038106381893158
0.16080157458782196
0.16265352070331573
0.16735339164733887
0.1798972338438034
0.1839025318622589
0.18119096755981445
0.1621791124343872
0.1721026599407196
0.17771762609481812
0.16258257627487183
0.17101037502288818
0.17101047933101654
0.16329559683799744
0.1694738268852234
0.1647319495677948
0.1643996685743332
0.1655254065990448
0.16133363544940948
0.16444066166877747
0.16049876809120178
0.16197198629379272
0.16115055978298187
0.15970700979232788
0.1609436273574829
0.15861672163009644
0.1596916764974594
0.15845048427581787
0.15816761553287506
0.1583232432603836
0.15715491771697998
0.157804474234581
0.1568632870912552
0.1571362018585205
0.157271146774292
0.15739598870277405
0.1588909924030304
0.1595393717288971
0.16051506996154785
0.15850874781608582
0.15577688813209534
0.15503472089767456
0.1562834084033966
0.15635253489017487
0.15525183081626892
0.15430526435375214
0.15447859466075897
0.15479585528373718
0.15411819517612457
0.15354301035404205
0.15355317294597626
0.15336203575134277
0.15310192108154297
0.15299437940120697
0.1526360809803009
0.15237845480442047
0.1521598845720291
0.15199467539787292
0.1519172638654709
0.1519317626953125
0.15160657465457916
0.15128165483474731
0.15120252966880798
0.15103210508823395
0.15087692439556122
0.1506795734167099
0.15050579607486725
0.150337353348732
0.15035417675971985
0.15042784810066223
0.15065068006515503
0.15108606219291687
0.15233567357063293
0.1536971479654312
0.1555802971124649
0.15411752462387085
0.15128710865974426
0.14931532740592957
0.15095585584640503
0.15215498208999634
0.1501089632511139
0.14916083216667175
0.15025846660137177
0.14985188841819763
0.1486385315656662
0.14882057905197144
0.14931201934814453
0.14862054586410522
0.14795051515102386
0.14834028482437134
0.1484043002128601
0.1477205902338028
0.14752918481826782
0.14777269959449768
0.1475410759449005
0.14710979163646698
0.14706966280937195
0.1471334993839264
0.14694522321224213
0.14673075079917908
0.14677533507347107
0.14715301990509033
0.14795643091201782
0.15026336908340454
0.1538132131099701
0.16001078486442566
0.1563216596841812
0.14997409284114838
0.14810344576835632
0.15153124928474426
0.1506918966770172
0.1482461392879486
0.1504288911819458
0.1490197479724884
0.1468837410211563
0.14882074296474457
0.14764726161956787
0.14659632742404938
0.1477634310722351
0.14660081267356873
0.14627587795257568
0.14692258834838867
0.1458054780960083
0.1458236277103424
0.14612612128257751
0.1453143209218979
0.1455094814300537
0.1458909660577774
0.14522835612297058
0.1458706110715866
0.14620517194271088
0.1460193395614624
0.14615637063980103
0.14586612582206726
0.1444605588912964
0.1441008597612381
0.14416003227233887
0.1441352665424347
0.14442488551139832
0.14441275596618652
0.14390549063682556
0.1433975100517273
0.1433696150779724
0.14314992725849152
0.14311666786670685
0.14342257380485535
0.14333517849445343
0.1432533860206604
0.14324752986431122
0.14315596222877502
0.14281508326530457
0.1424807459115982
0.1423189491033554
0.1422150433063507
0.14201417565345764
0.14202401041984558
0.14216573536396027
0.14224368333816528
0.14262841641902924
0.1434081494808197
0.1449553668498993
0.14621344208717346
0.14757606387138367
0.14559796452522278
0.14318135380744934
0.14199164509773254
0.14335256814956665
0.1445336937904358
0.14281444251537323
0.14137333631515503
0.1421516090631485
0.14285901188850403
0.14219410717487335
0.14110854268074036
0.14135538041591644
0.14198391139507294
0.14153333008289337
0.14097869396209717
0.14093638956546783
0.14095652103424072
0.1409161239862442
0.14085565507411957
0.140700101852417
0.14040906727313995
0.14020346105098724
0.14027422666549683
0.14042523503303528
0.14036336541175842
0.14020898938179016
0.1402970850467682
0.1403692364692688
0.14032989740371704
0.1401454657316208
0.14008145034313202
0.14007127285003662
0.13999688625335693
0.13962823152542114
0.1393362283706665
0.13935209810733795
0.1393468976020813
0.13923081755638123
0.1392098218202591
0.1394522339105606
0.14010819792747498
0.14192542433738708
0.14559607207775116
0.1554492712020874
0.16115576028823853
0.16432948410511017
0.14390546083450317
0.14571762084960938
0.15694192051887512
0.14507053792476654
0.14503800868988037
0.1500767469406128
0.14276902377605438
0.14529235661029816
0.1464684009552002
0.1419919729232788
0.14485712349414825
0.14396274089813232
0.1425285041332245
0.14544320106506348
0.14466503262519836
0.14822067320346832
0.15075403451919556
0.15163812041282654
0.14512762427330017
0.1431695818901062
0.14357680082321167
0.14482861757278442
0.14267078042030334
0.1412435621023178
0.14358840882778168
0.14093883335590363
0.14138135313987732
0.14124450087547302
0.14074215292930603
0.1409035474061966
0.13973674178123474
0.1398528516292572
0.13965515792369843
0.13971459865570068
0.13891911506652832
0.1392688751220703
0.13916638493537903
0.139033704996109
0.1396646797657013
0.13975201547145844
0.14105106890201569
0.14196422696113586
0.14318808913230896
0.141285702586174
0.13919298350811005
0.13825997710227966
0.1391511857509613
0.13971881568431854
0.13871270418167114
0.13806653022766113
0.13839387893676758
0.13837964832782745
0.13770025968551636
0.13766919076442719
0.137945294380188
0.1376529186964035
0.1371462196111679
0.1371166706085205
0.1372266411781311
0.1371469795703888
0.1369938999414444
0.13681498169898987
0.13679365813732147
0.13690334558486938
0.136977419257164
0.1369740068912506
0.13717088103294373
0.1379983276128769
0.13871970772743225
0.13955718278884888
0.13881687819957733
0.13792409002780914
0.1372561901807785
0.13714653253555298
0.13703617453575134
0.136863574385643
0.13692420721054077
0.13691624999046326
0.1365453600883484
0.13606129586696625
0.13606953620910645
0.13635611534118652
0.13628257811069489
0.13592320680618286
0.13580018281936646
0.1360117495059967
0.13595235347747803
0.13562633097171783
0.13550405204296112
0.13573189079761505
0.13582995533943176
0.13579866290092468
0.13593794405460358
0.1367720514535904
0.13790982961654663
0.13959729671478271
0.139729842543602
0.139617919921875
0.1378185749053955
0.13691413402557373
0.13678127527236938
0.1369430422782898
0.13718897104263306
0.13653156161308289
0.1359657347202301
0.13589254021644592
0.13599124550819397
0.13609671592712402
0.13583579659461975
0.1353701949119568
0.13519695401191711
0.13540470600128174
0.13530969619750977
0.13498374819755554
0.1349717229604721
0.13513588905334473
0.1350710391998291
0.13472381234169006
0.13479912281036377
0.1351722627878189
0.13536660373210907
0.1355496048927307
0.13652466237545013
0.13767102360725403
0.13908028602600098
0.13771949708461761
0.13574019074440002
0.13512596487998962
0.1357915848493576
0.13568685948848724
0.135236918926239
0.13567614555358887
0.13562719523906708
0.13494357466697693
0.1346575915813446
0.13488836586475372
0.1345820277929306
0.13428865373134613
0.1345202773809433
0.13446150720119476
0.1341312825679779
0.13425350189208984
0.13465790450572968
0.13480663299560547
0.13547098636627197
0.1371200978755951
0.14047515392303467
0.14180372655391693
0.142589271068573
0.13841286301612854
0.13647408783435822
0.13690347969532013
0.1374693065881729
0.13784778118133545
0.13592365384101868
0.1349668800830841
0.13642677664756775
0.13633736968040466
0.13463768362998962
0.13453233242034912
0.1356000006198883
0.13507597148418427
0.13402724266052246
0.13446073234081268
0.13463564217090607
0.13401304185390472
0.13414190709590912
0.1342405080795288
0.13366398215293884
0.1336696743965149
0.1340106874704361
0.1336464285850525
0.13342873752117157
0.13370603322982788
0.13386128842830658
0.13430070877075195
0.1364411562681198
0.14062614738941193
0.1499386727809906
0.15120244026184082
0.14880137145519257
0.13633085787296295
0.14125360548496246
0.14876098930835724
0.13798952102661133
0.13779592514038086
0.1436074823141098
0.1367480605840683
0.1373526155948639
0.14069339632987976
0.13581392168998718
0.13730673491954803
0.13884584605693817
0.1351819634437561
0.13725601136684418
0.13749179244041443
0.13519242405891418
0.13789492845535278
0.1396016776561737
0.14173632860183716
0.15236356854438782
0.14984816312789917
0.14432841539382935
0.1390400528907776
0.14041703939437866
0.14005589485168457
0.1422080546617508
0.13979223370552063
0.1356332004070282
0.14068973064422607
0.13798947632312775
0.13685375452041626
0.1380094289779663
0.13560102880001068
0.13693633675575256
0.1360855996608734
0.13597969710826874
0.1357172727584839
0.1353643536567688
0.13504737615585327
0.13430508971214294
0.13504034280776978
0.1338508576154709
0.13464120030403137
0.13417387008666992
0.13420231640338898
0.13504254817962646
0.1348763108253479
0.13627415895462036
0.13599413633346558
0.1363087296485901
0.13443222641944885
0.1333000212907791
0.1334650218486786
0.1337946057319641
0.1343538910150528
0.13355408608913422
0.13298669457435608
0.13277718424797058
0.13309070467948914
0.13344796001911163
0.13296714425086975
0.13270889222621918
0.1324315220117569
0.13243214786052704
0.13261716067790985
0.13258498907089233
0.1326846182346344
0.1324295997619629
0.13223524391651154
0.13212747871875763
0.13198630511760712
0.13197584450244904
0.13192859292030334
0.13198360800743103
0.13214465975761414
0.13238957524299622
0.13276861608028412
0.1335170865058899
0.1341378390789032
0.13480214774608612
0.13390900194644928
0.13245907425880432
0.1317446380853653
0.13248752057552338
0.13326255977153778
0.13276277482509613
0.13197332620620728
0.13180197775363922
0.1321313977241516
0.13220208883285522
0.13197050988674164
0.13185980916023254
0.13173188269138336
0.13158965110778809
0.13157303631305695
0.1317325085401535
0.1318187564611435
0.1315230131149292
0.13126397132873535
0.13127416372299194
0.13134899735450745
0.13129934668540955
0.13116276264190674
0.1311933696269989
0.13138148188591003
0.13156625628471375
0.13177382946014404
0.1325027346611023
0.13391312956809998
0.1371920108795166
0.13968361914157867
0.14254574477672577
0.13751232624053955
0.13452544808387756
0.1370518058538437
0.1388089954853058
0.13867957890033722
0.13626311719417572
0.13637271523475647
0.13590684533119202
0.13415871560573578
0.13504740595817566
0.1347590982913971
0.13344623148441315
0.13399477303028107
0.13355204463005066
0.13279107213020325
0.1333826333284378
0.1329847276210785
0.13204757869243622
0.13274967670440674
0.13263103365898132
0.1316278874874115
0.1321512907743454
0.13234271109104156
0.1315247118473053
0.13199788331985474
0.13247866928577423
0.1327318549156189
0.1342673897743225
0.1373436152935028
0.1378878653049469
0.13819628953933716
0.1343681663274765
0.1319110244512558
0.13339786231517792
0.13474604487419128
0.1331864595413208
0.13136716187000275
0.13285568356513977
0.13352710008621216
0.13172374665737152
0.13172736763954163
0.13245539367198944
0.13175104558467865
0.13147982954978943
0.131639763712883
0.1313759684562683
0.1311379075050354
0.1313277781009674
0.1312519609928131
0.1307535618543625
0.13084642589092255
0.13112013041973114
0.13076797127723694
0.13063156604766846
0.1308559775352478
0.1309831589460373
0.1312057077884674
0.13217958807945251
0.13381025195121765
0.1365552842617035
0.13682352006435394
0.1367327868938446
0.13397042453289032
0.13326497375965118
0.1342450976371765
0.1338140070438385
0.1327117532491684
0.13203848898410797
0.13251397013664246
0.13250994682312012
0.1314568966627121
0.1316303014755249
0.1322057992219925
0.13120988011360168
0.13086973130702972
0.13157683610916138
0.1310577094554901
0.1305469274520874
0.1309066265821457
0.13089051842689514
0.1304943710565567
0.13038650155067444
0.1305791288614273
0.1305275857448578
0.1301993578672409
0.130269855260849
0.1305718868970871
0.13066068291664124
0.13151682913303375
0.1336873173713684
0.13863828778266907
0.1423792541027069
0.14730443060398102
0.13802073895931244
0.13309024274349213
0.1364363729953766
0.13668207824230194
0.13465146720409393
0.13335169851779938
0.1344618797302246
0.13462412357330322
0.1326257586479187
0.1329403519630432
0.13347288966178894
0.13237948715686798
0.13224022090435028
0.13224458694458008
0.1318129599094391
0.13165567815303802
0.13168688118457794
0.1313183307647705
0.13106493651866913
0.13127928972244263
0.13102026283740997
0.1309974491596222
0.13102927803993225
0.13164471089839935
0.13323180377483368
0.13620392978191376
0.1390501856803894
0.14313457906246185
0.1361161172389984
0.13130050897598267
0.13379226624965668
0.13535359501838684
0.13342423737049103
0.13169385492801666
0.13332787156105042
0.13303318619728088
0.131196066737175
0.13213738799095154
0.13247261941432953
0.13104814291000366
0.13129375874996185
0.13175155222415924
0.13090044260025024
0.13098694384098053
0.13101476430892944
0.1311078667640686
0.13097207248210907
0.13114476203918457
0.1321258544921875
0.1327989548444748
0.1329180896282196
0.13363003730773926
0.13183876872062683
0.13051284849643707
0.13029924035072327
0.1310754269361496
0.1316329836845398
0.13049466907978058
0.13018546998500824
0.13033878803253174
0.1303131878376007
0.1300964653491974
0.129976287484169
0.13019411265850067
0.12988927960395813
0.12975497543811798
0.1297682672739029
0.1298362910747528
0.1297396570444107
0.12943261861801147
0.12946464121341705
0.12962551414966583
0.1296928972005844
0.12992583215236664
0.13043156266212463
0.13184216618537903
0.13327127695083618
0.13541997969150543
0.13448911905288696
0.1325414478778839
0.13052096962928772
0.13128352165222168
0.1325211226940155
0.13164958357810974
0.1304902583360672
0.13042795658111572
0.13100481033325195
0.13077455759048462
0.1301724910736084
0.12996436655521393
0.12999938428401947
0.13024120032787323
0.13005593419075012
0.1295037418603897
0.1294505000114441
0.12974461913108826
0.1297498345375061
0.1294248253107071
0.1290929615497589
0.12919586896896362
0.1294262707233429
0.12931761145591736
0.12907271087169647
0.1290140151977539
0.12902995944023132
0.12893985211849213
0.12889522314071655
0.12887229025363922
0.12887831032276154
0.12894703447818756
0.1288735419511795
0.1287551075220108
0.1287504881620407
0.1289054900407791
0.12940509617328644
0.1309995800256729
0.1346444934606552
0.14456042647361755
0.15026986598968506
0.1552501916885376
0.1356186717748642
0.1374225616455078
0.1516699492931366
0.13928718864917755
0.1341092884540558
0.14406463503837585
0.14253048598766327
0.1482643187046051
0.15305019915103912
0.15186211466789246
0.13638579845428467
0.14193837344646454
0.1424766480922699
0.13650384545326233
0.14179041981697083
0.14038535952568054
0.14287522435188293
0.1506398767232895
0.17029526829719543
0.16172605752944946
0.16015049815177917
0.13812336325645447
0.15044443309307098
0.16162732243537903
0.14039084315299988
0.14958344399929047
0.14783665537834167
0.14280185103416443
0.1484774798154831
0.1458951085805893
0.13917142152786255
0.1454382836818695
0.14218485355377197
0.14269770681858063
0.1450481116771698
0.14205192029476166
0.14124546945095062
0.13955998420715332
0.13755324482917786
0.13594183325767517
0.13655908405780792
0.13599151372909546
0.13639229536056519
0.13768799602985382
0.1374930590391159
0.13797380030155182
0.1372779905796051
0.1355486512184143
0.13312344253063202
0.13302883505821228
0.133816659450531
0.13391569256782532
0.13395154476165771
0.13304245471954346
0.13204453885555267
0.13162259757518768
0.13210663199424744
0.13205449283123016
0.1320342868566513
0.13193796575069427
0.13185638189315796
0.1310432255268097
0.13085734844207764
0.1305680274963379
0.1305500864982605
0.13028040528297424
0.130595862865448
0.13063161075115204
0.1308821141719818
0.13093827664852142
0.131485715508461
0.1315864622592926
0.13159123063087463
0.13084864616394043
0.1301984339952469
0.1297776699066162
0.12978927791118622
0.13025709986686707
0.13040801882743835
0.1301516443490982
0.12944579124450684
0.1292429268360138
0.12946954369544983
0.12956246733665466
0.12944382429122925
0.12936517596244812
0.12942370772361755
0.12931087613105774
0.12919585406780243
0.12916550040245056
0.12916681170463562
0.12894122302532196
0.1286931186914444
0.12865464389324188
0.1287771314382553
0.12880411744117737
0.12866652011871338
0.12856188416481018
0.12858319282531738
0.1287088245153427
0.1289534568786621
0.12994930148124695
0.13259892165660858
0.1398383229970932
0.14580799639225006
0.15146484971046448
0.13585594296455383
0.13372290134429932
0.1423647105693817
0.1345546841621399
0.13326933979988098
0.1374286413192749
0.13214081525802612
0.13382568955421448
0.13511013984680176
0.13088276982307434
0.13366073369979858
0.1332017332315445
0.13060671091079712
0.13278783857822418
0.13136020302772522
0.13070963323116302
0.13161775469779968
0.1302478015422821
0.13063457608222961
0.130456805229187
0.1298559010028839
0.13019557297229767
0.1296457052230835
0.12969034910202026
0.12951992452144623
0.12933309376239777
0.12932188808918
0.1290358006954193
0.1291564702987671
0.12885317206382751
0.1288170963525772
0.1289147287607193
0.12854579091072083
0.1288015991449356
0.12885716557502747
0.1289779245853424
0.1299424171447754
0.1309107095003128
0.13296639919281006
0.13328546285629272
0.13218273222446442
0.12902846932411194
0.12892985343933105
0.13075493276119232
0.13022759556770325
0.12868796288967133
0.12865681946277618
0.129633367061615
0.12914378941059113
0.1283283233642578
0.1286880224943161
0.1288031041622162
0.1285419911146164
0.1283838003873825
0.12826435267925262
0.12825025618076324
0.12823593616485596
0.12819936871528625
0.128069207072258
0.12783311307430267
0.12788799405097961
0.12804928421974182
0.12788783013820648
0.127730131149292
0.1277381032705307
0.1277044266462326
0.12761589884757996
0.1275671124458313
0.12754501402378082
0.1275947093963623
0.1276637613773346
0.12772037088871002
0.12798868119716644
0.12849071621894836
0.12934914231300354
0.1297348141670227
0.12983590364456177
0.12876757979393005
0.12804964184761047
0.12834587693214417
0.12892894446849823
0.12911418080329895
0.12862475216388702
0.1281476616859436
0.12831182777881622
0.12872594594955444
0.12889364361763
0.12836922705173492
0.12816786766052246
0.1282871663570404
0.12832102179527283
0.1278536021709442
0.12735731899738312
0.1276271939277649
0.12795180082321167
0.12755855917930603
0.12722668051719666
0.12741950154304504
0.12760579586029053
0.12757866084575653
0.1274685263633728
0.1278073638677597
0.12863145768642426
0.12992164492607117
0.13093170523643494
0.13278153538703918
0.132191464304924
0.13099311292171478
0.12909895181655884
0.1296262890100479
0.13071340322494507
0.12942683696746826
0.12847167253494263
0.12893135845661163
0.12906920909881592
0.12809279561042786
0.12789307534694672
0.12878009676933289
0.12824805080890656
0.12735366821289062
0.12781956791877747
0.12809012830257416
0.12750086188316345
0.1273673176765442
0.12759974598884583
0.12748979032039642
0.12728404998779297
0.1272609829902649
0.12744073569774628
0.12747018039226532
0.127409428358078
0.12780645489692688
0.1288771778345108
0.1297411024570465
0.1312595158815384
0.13144512474536896
0.13063403964042664
0.12787866592407227
0.12777769565582275
0.1294803023338318
0.12919816374778748
0.1280306726694107
0.12732945382595062
0.12816549837589264
0.1285799890756607
0.12752024829387665
0.127481609582901
0.12788966298103333
0.12741920351982117
0.12731114029884338
0.12745560705661774
0.1273459792137146
0.12726125121116638
0.1269828826189041
0.12690620124340057
0.12717169523239136
0.12700660526752472
0.1267811357975006
0.1269083321094513
0.12689635157585144
0.12688887119293213
0.12693461775779724
0.12699228525161743
0.12745174765586853
0.12876585125923157
0.13073618710041046
0.13494381308555603
0.13653725385665894
0.13669556379318237
0.12983354926109314
0.12935692071914673
0.13364186882972717
0.13109064102172852
0.1283232420682907
0.12981334328651428
0.1307365894317627
0.12945346534252167
0.12884092330932617
0.1305716186761856
0.1324872523546219
0.13156305253505707
0.13274192810058594
0.1326485276222229
0.12960506975650787
0.1279638707637787
0.13013578951358795
0.12996603548526764
0.12838314473628998
0.12877938151359558
0.129009410738945
0.1285802721977234
0.12785089015960693
0.1282876431941986
0.1282982975244522
0.1275017410516739
0.12782110273838043
0.12823401391506195
0.1278706192970276
0.12826035916805267
0.12893308699131012
0.12989769876003265
0.12993478775024414
0.12989947199821472
0.12872856855392456
0.12782694399356842
0.1272519826889038
0.1279195249080658
0.12866853177547455
0.1277606189250946
0.1271059811115265
0.1271059513092041
0.12731963396072388
0.127561554312706
0.12717688083648682
0.1270385980606079
0.12721310555934906
0.1270076334476471
0.1267373263835907
0.12668928503990173
0.12673380970954895
0.1267969310283661
0.1267443597316742
0.12656889855861664
0.12659873068332672
0.1268635392189026
0.12721289694309235
0.1276552379131317
0.12867122888565063
0.12949465215206146
0.13076967000961304
0.13000209629535675
0.12823227047920227
0.127210333943367
0.1287006139755249
0.1295763999223709
0.12791253626346588
0.12679384648799896
0.12753179669380188
0.12793587148189545
0.12716136872768402
0.12664902210235596
0.12728723883628845
0.12734656035900116
0.1265416145324707
0.12661872804164886
0.12702180445194244
0.12675336003303528
0.12654152512550354
0.1266845464706421
0.12702307105064392
0.12769225239753723
0.12858858704566956
0.13116122782230377
0.13351605832576752
0.1355147659778595
0.1303512454032898
0.1277562826871872
0.12977638840675354
0.12930253148078918
0.12778139114379883
0.12855948507785797
0.1293584406375885
0.12840153276920319
0.12783777713775635
0.12843486666679382
0.12880314886569977
0.12761318683624268
0.1279613971710205
0.1283646821975708
0.1272917091846466
0.12719857692718506
0.127684086561203
0.12697364389896393
0.12695962190628052
0.127272829413414
0.12739774584770203
0.12758013606071472
0.12784285843372345
0.12809506058692932
0.12864871323108673
0.12849955260753632
0.12969660758972168
0.1309317797422409
0.13139653205871582
0.1288556009531021
0.12728190422058105
0.12794440984725952
0.12888051569461823
0.12897340953350067
0.12819555401802063
0.12902429699897766
0.12875919044017792
0.127702996134758
0.1278727948665619
0.12793517112731934
0.1270054429769516
0.12690918147563934
0.12718306481838226
0.12718810141086578
0.12672708928585052
0.12641124427318573
0.12688690423965454
0.12672318518161774
0.12653854489326477
0.12717121839523315
0.12818123400211334
0.13007451593875885
0.13504058122634888
0.13823524117469788
0.14177048206329346
0.13190960884094238
0.12766903638839722
0.13303408026695251
0.13259901106357574
0.12973017990589142
0.1297798901796341
0.13086508214473724
0.12963080406188965
0.1281251609325409
0.12929053604602814
0.12965092062950134
0.12799711525440216
0.12775839865207672
0.12862245738506317
0.12796472012996674
0.12720386683940887
0.12798042595386505
0.1282789260149002
0.12889501452445984
0.13232950866222382
0.14099529385566711
0.14616863429546356
0.1525358259677887
0.13575255870819092
0.1335269659757614
0.1395704299211502
0.13402019441127777
0.13484852015972137
0.134059876203537
0.1323069930076599
0.1319376528263092
0.13214892148971558
0.1353798806667328
0.13357149064540863
0.1400197446346283
0.14376230537891388
0.1445670872926712
0.1354937106370926
0.13497264683246613
0.13784748315811157
0.1354473978281021
0.1348973512649536
0.1359838843345642
0.13369931280612946
0.13787707686424255
0.1373390257358551
0.138252392411232
0.1344030350446701
0.13777832686901093
0.13138702511787415
0.13084125518798828
0.13199877738952637
0.13195863366127014
0.1330316811800003
0.13171690702438354
0.1328161656856537
0.1296912580728531
0.13056033849716187
0.12950876355171204
0.12954404950141907
0.12860411405563354
0.12961745262145996
0.1296420693397522
0.12998652458190918
0.13104498386383057
0.1310151368379593
0.1313091218471527
0.12934768199920654
0.1292266994714737
0.12799057364463806
0.12859903275966644
0.12884947657585144
0.12917478382587433
0.12816156446933746
0.12754665315151215
0.1274590939283371
0.12766508758068085
0.12773871421813965
0.12768252193927765
0.12766894698143005
0.12704309821128845
0.12677571177482605
0.12667272984981537
0.12694399058818817
0.1267695277929306
0.1268230378627777
0.12685076892375946
0.126905620098114
0.12672893702983856
0.12665458023548126
0.12668025493621826
0.12658216059207916
0.12638738751411438
0.12612484395503998
0.12611211836338043
0.12608890235424042
0.1260596066713333
0.12603409588336945
0.12613584101200104
0.1263996809720993
0.12680628895759583
0.12761639058589935
0.12955614924430847
0.13170039653778076
0.13468101620674133
0.13158179819583893
0.1278630644083023
0.1282092034816742
0.13121871650218964
0.13149839639663696
0.1282544732093811
0.12851090729236603
0.1293748915195465
0.12772509455680847
0.12785162031650543
0.1284705549478531
0.1270807832479477
0.12713003158569336
0.1278957575559616
0.1267014443874359
0.12640953063964844
0.1272585541009903
0.12667641043663025
0.12615711987018585
0.12667903304100037
0.1263706088066101
0.1259545385837555
0.12632927298545837
0.12621772289276123
0.12588155269622803
0.12599608302116394
0.1260107457637787
0.12575864791870117
0.12573599815368652
0.1258140206336975
0.12569010257720947
0.12560875713825226
0.1256287544965744
0.12562429904937744
0.12557056546211243
0.1255398839712143
0.12561801075935364
0.12583589553833008
0.12636986374855042
0.12819625437259674
0.13229785859584808
0.1426638513803482
0.14513105154037476
0.1420152634382248
0.12828713655471802
0.13662713766098022
0.14576411247253418
0.13313347101211548
0.13691258430480957
0.14505943655967712
0.13107414543628693
0.13344110548496246
0.13939881324768066
0.12993457913398743
0.1346629559993744
0.1354391872882843
0.1297534555196762
0.13396842777729034
0.13213494420051575
0.1301369071006775
0.13219821453094482
0.13044703006744385
0.13126862049102783
0.13397085666656494
0.13987639546394348
0.1473335325717926
0.16077804565429688
0.14052695035934448
0.13316424190998077
0.13726508617401123
0.13781175017356873
0.13466912508010864
0.1354505717754364
0.13472147285938263
0.13002793490886688
0.13382209837436676
0.13217461109161377
0.1318134367465973
0.13249263167381287
0.13338269293308258
0.13521477580070496
0.13482606410980225
0.13792018592357635
0.1337060034275055
0.13159507513046265
0.12903907895088196
0.13184459507465363
0.13175873458385468
0.1310604214668274
0.1304403841495514
0.12954126298427582
0.12886646389961243
0.128935769200325
0.12949788570404053
0.12913990020751953
0.12849748134613037
0.12805086374282837
0.12818145751953125
0.12763510644435883
0.12732642889022827
0.12732891738414764
0.12753550708293915
0.12731125950813293
0.1273060292005539
0.12745819985866547
0.12789304554462433
0.1279895007610321
0.12830103933811188
0.12825611233711243
0.12814408540725708
0.12708981335163116
0.1263035088777542
0.12649428844451904
0.12692897021770477
0.12706173956394196
0.12653662264347076
0.12632817029953003
0.12622332572937012
0.12616245448589325
0.12607914209365845
0.1261371374130249
0.126302108168602
0.12610390782356262
0.12593922019004822
0.12578926980495453
0.1258907914161682
0.12590627372264862
0.1257561445236206
0.12560565769672394
0.12554091215133667
0.1256091445684433
0.1255495697259903
0.1254408061504364
0.1253662258386612
0.12538257241249084
0.12551520764827728
0.12575088441371918
0.12630295753479004
0.12796485424041748
0.13099339604377747
0.1373203992843628
0.1371607780456543
0.1324724555015564
0.1265564262866974
0.13151240348815918
0.13424403965473175
0.12773306667804718
0.12930864095687866
0.13235238194465637
0.12721537053585052
0.12851828336715698
0.13085025548934937
0.126637801527977
0.12839461863040924
0.12958668172359467
0.1262759417295456
0.12849844992160797
0.1283593475818634
0.12622793018817902
0.12828055024147034
0.12721411883831024
0.12627841532230377
0.12767106294631958
0.12634724378585815
0.1263359785079956
0.12697403132915497
0.1258348822593689
0.12630882859230042
0.1263037621974945
0.12565790116786957
0.12608303129673004
0.12592089176177979
0.12563592195510864
0.12603607773780823
0.1261339783668518
0.1264692097902298
0.12742605805397034
0.1285354197025299
0.12839606404304504
0.12808743119239807
0.12631690502166748
0.12555614113807678
0.1263946294784546
0.12687988579273224
0.12625989317893982
0.12540443241596222
0.1256878674030304
0.12620829045772552
0.12589602172374725
0.12536081671714783
0.1253470480442047
0.12561051547527313
0.1255812644958496
0.12532083690166473
0.12523676455020905
0.12525174021720886
0.12520301342010498
0.12530526518821716
0.12528111040592194
0.12508517503738403
0.12504717707633972
0.12509804964065552
0.12516501545906067
0.12526018917560577
0.12528075277805328
0.12508277595043182
0.12490598112344742
0.12490984052419662
0.12490096688270569
0.12490960210561752
0.12501467764377594
0.1252031773328781
0.1255519688129425
0.1263679414987564
0.12705326080322266
0.12774218618869781
0.12709888815879822
0.12649886310100555
0.1263473927974701
0.1266443133354187
0.127066507935524
0.12665420770645142
0.12669426202774048
0.12654510140419006
0.12585331499576569
0.12537702918052673
0.12586499750614166
0.1262304186820984
0.12531909346580505
0.12490353733301163
0.12546434998512268
0.1254674643278122
0.12504620850086212
0.12504324316978455
0.12519009411334991
0.12503686547279358
0.12487789243459702
0.12481889128684998
0.12492077797651291
0.12500323355197906
0.1248936802148819
0.12493409216403961
0.12534263730049133
0.1255940943956375
0.12591922283172607
0.12641318142414093
0.12743869423866272
0.12755024433135986
0.12744097411632538
0.1266307532787323
0.12653939425945282
0.12713786959648132
0.127341628074646
0.12704938650131226
0.1262209713459015
0.12662273645401
0.12621496617794037
0.12528201937675476
0.12579436600208282
0.12608303129673004
0.1255282759666443
0.12507550418376923
0.12505728006362915
0.12521177530288696
0.1253073513507843
0.12506449222564697
0.12500183284282684
0.12539753317832947
0.12523868680000305
0.12495220452547073
0.12502706050872803
0.12510327994823456
0.12498973309993744
0.12493249028921127
0.12469686567783356
0.12462769448757172
0.12472561001777649
0.12466180324554443
0.1245594173669815
0.1245545893907547
0.12455876916646957
0.12472087144851685
0.12491235882043839
0.1251373142004013
0.12555888295173645
0.12663234770298004
0.1279008835554123
0.13061855733394623
0.1317596435546875
0.13286149501800537
0.13016775250434875
0.130499467253685
0.13358719646930695
0.13456490635871887
0.13747739791870117
0.13399434089660645
0.13529115915298462
0.13522769510746002
0.13179868459701538
0.13417881727218628
0.13116711378097534
0.12782925367355347
0.130822092294693
0.1301872730255127
0.1273956447839737
0.12826037406921387
0.12809598445892334
0.12801893055438995
0.12844108045101166
0.12854930758476257
0.13368672132492065
0.14062626659870148
0.15967562794685364
0.15711382031440735
0.14508633315563202
0.1301671862602234
0.14597885310649872
0.1516573280096054
0.13575774431228638
0.1400182843208313
0.1423770934343338
0.13506492972373962
0.13391725718975067
0.13644391298294067
0.1350451409816742
0.13045820593833923
0.13413824141025543
0.13267531991004944
0.13194996118545532
0.13843224942684174
0.15451012551784515
0.17869877815246582
0.2297162115573883
0.16385586559772491
0.16899999976158142
0.1865883320569992
0.1824270784854889
0.1794358342885971
0.16435745358467102
0.15551793575286865
0.16842642426490784
0.17564140260219574
0.1988479644060135
0.21244049072265625
0.22231987118721008
0.15830586850643158
0.177064910531044
0.20353728532791138
0.17279070615768433
0.19731321930885315
0.16600072383880615
0.17341160774230957
0.16673192381858826
0.15896904468536377
0.15707388520240784
0.1593949794769287
0.1600537896156311
0.19461840391159058
0.3001786470413208
0.24718233942985535
0.19015488028526306
0.18014201521873474
0.20386305451393127
0.19038152694702148
0.16445636749267578
0.1895456612110138
0.18490689992904663
0.1740768402814865
0.16125106811523438
0.16858302056789398
0.16270695626735687
0.16007296741008759
0.1508394479751587
0.15608613193035126
0.15434770286083221
0.15656188130378723
0.16065189242362976
0.15586283802986145
0.15351517498493195
0.14779722690582275
0.14349055290222168
0.1451149433851242
0.14665564894676208
0.14501801133155823
0.14228415489196777
0.1407276839017868
0.13946513831615448
0.13987839221954346
0.14084932208061218
0.13955730199813843
0.13965889811515808
0.1387009620666504
0.13738933205604553
0.13605466485023499
0.13574020564556122
0.13497017323970795
0.13530567288398743
0.13600607216358185
0.1359758973121643
0.13651934266090393
0.13648715615272522
0.13652251660823822
0.1350456029176712
0.13397713005542755
0.1328987330198288
0.132969930768013
0.1339961588382721
0.1335013061761856
0.13225138187408447
0.13156327605247498
0.131648451089859
0.1318621039390564
0.13171443343162537
0.13158193230628967
0.13110661506652832
0.13113069534301758
0.13108280301094055
0.13060139119625092
0.13005150854587555
0.130009263753891
0.13005538284778595
0.12997601926326752
0.1298820525407791
0.1297948956489563
0.12976740300655365
0.1301732361316681
0.13142383098602295
0.13296213746070862
0.13571152091026306
0.13582023978233337
0.13501287996768951
0.13110733032226562
0.13085299730300903
0.1328199952840805
0.13114763796329498
0.1296767294406891
0.13073374330997467
0.13060110807418823
0.12938126921653748
0.1295205056667328
0.12982016801834106
0.1291588693857193
0.12900575995445251
0.1291564553976059
0.12883928418159485
0.12863409519195557
0.12867175042629242
0.12844723463058472
0.12840454280376434
0.1283143311738968
0.1279967576265335
0.12804357707500458
0.128160297870636
0.12783068418502808
0.12763436138629913
0.12780697643756866
0.12773258984088898
0.12748849391937256
0.1274920403957367
0.1275091916322708
0.12737686932086945
0.1274329125881195
0.12760794162750244
0.12787237763404846
0.12842372059822083
0.13000334799289703
0.13173197209835052
0.13401655852794647
0.1319386065006256
0.12877479195594788
0.12767350673675537
0.1296006590127945
0.13013066351413727
0.12787604331970215
0.12777051329612732
0.12913484871387482
0.1281350702047348
0.12715840339660645
0.12790058553218842
0.1280120611190796
0.12713328003883362
0.1270376741886139
0.12761330604553223
0.12732160091400146
0.12671513855457306
0.12700358033180237
0.12726029753684998
0.12681075930595398
0.1265764981508255
0.12679438292980194
0.12681454420089722
0.12656907737255096
0.12642508745193481
0.126506969332695
0.12654243409633636
0.1264137178659439
0.12631642818450928
0.12626655399799347
0.1262405961751938
0.12626603245735168
0.1262490153312683
0.12616749107837677
0.12610387802124023
0.12615695595741272
0.12636637687683105
0.12683209776878357
0.12754663825035095
0.12914708256721497
0.13071781396865845
0.13322365283966064
0.1317741572856903
0.1298830211162567
0.12885448336601257
0.1299849897623062
0.13012221455574036
0.12764641642570496
0.12786038219928741
0.12899981439113617
0.12756334245204926
0.1272696554660797
0.12783166766166687
0.1270155906677246
0.12685689330101013
0.1271914839744568
0.1266060471534729
0.12645313143730164
0.12677890062332153
0.12636995315551758
0.12612569332122803
0.1264454871416092
0.1262344866991043
0.1258610337972641
0.1260642111301422
0.12612250447273254
0.1257641464471817
0.12577174603939056
0.12592914700508118
0.12568405270576477
0.12559999525547028
0.12574602663516998
0.12562279403209686
0.12548835575580597
0.12560486793518066
0.125667005777359
0.1257103681564331
0.1260027140378952
0.1267329752445221
0.12757882475852966
0.1289689540863037
0.1291983723640442
0.12866050004959106
0.12632712721824646
0.12579184770584106
0.1272813379764557
0.12724986672401428
0.12593910098075867
0.12554742395877838
0.1263989806175232
0.12647436559200287
0.12569867074489594
0.12562789022922516
0.1258784830570221
0.12573985755443573
0.12564700841903687
0.1255624145269394
0.1253795623779297
0.1253778636455536
0.12552210688591003
0.12543147802352905
0.12512196600437164
0.12513603270053864
0.12532028555870056
0.12520527839660645
0.12505745887756348
0.12511658668518066
0.1251203566789627
0.12496800720691681
0.1249208077788353
0.12499474734067917
0.12502339482307434
0.12500472366809845
0.125075101852417
0.12527436017990112
0.12562599778175354
0.12603531777858734
0.12706594169139862
0.12844690680503845
0.13089318573474884
0.13084688782691956
0.12976489961147308
0.12737278640270233
0.12830205261707306
0.13039730489253998
0.12852059304714203
0.12683044373989105
0.1268831193447113
0.12719933688640594
0.12709031999111176
0.12642133235931396
0.12611234188079834
0.12643085420131683
0.126349538564682
0.1256282478570938
0.12555737793445587
0.12613721191883087
0.1256893277168274
0.12502174079418182
0.1255524605512619
0.12569889426231384
0.1250964105129242
0.1251145303249359
0.125263974070549
0.12505032122135162
0.1250385046005249
0.12505051493644714
0.12488709390163422
0.12478262186050415
0.12484999001026154
0.12488507479429245
0.12472748756408691
0.12463784962892532
0.1247236505150795
0.12465222179889679
0.12451664358377457
0.12457700818777084
0.12460693717002869
0.12451205402612686
0.12449469417333603
0.12453038990497589
0.12452874332666397
0.12455596029758453
0.12465932965278625
0.12503564357757568
0.12599675357341766
0.12856416404247284
0.13213856518268585
0.13898725807666779
0.1363949179649353
0.1303623914718628
0.1279873102903366
0.13404688239097595
0.13459907472133636
0.12632077932357788
0.1293032169342041
0.13272607326507568
0.12663036584854126
0.12826168537139893
0.13075612485408783
0.1264359951019287
0.12794002890586853
0.12920965254306793
0.12608042359352112
0.12751555442810059
0.12802551686763763
0.12582725286483765
0.12708622217178345
0.12712399661540985
0.1256083995103836
0.12661369144916534
0.126441091299057
0.1253867745399475
0.12616348266601562
0.12598252296447754
0.12513123452663422
0.12581706047058105
0.1256360113620758
0.12486705183982849
0.12556113302707672
0.12531964480876923
0.12471970170736313
0.12532566487789154
0.1250198781490326
0.12466340512037277
0.12501507997512817
0.12484335154294968
0.1247078999876976
0.1248672753572464
0.12494847178459167
0.12505634129047394
0.12516793608665466
0.12560686469078064
0.1256036013364792
0.1253042221069336
0.12484900653362274
0.12459707260131836
0.12447172403335571
0.12465240061283112
0.12490101158618927
0.12466026842594147
0.12434254586696625
0.1242964118719101
0.12435755878686905
0.124433234333992
0.12437459081411362
0.12425807118415833
0.12426101416349411
0.12418223917484283
0.12406937032938004
0.12414126098155975
0.1242145299911499
0.12421552836894989
0.12419483065605164
0.124189093708992
0.12427790462970734
0.12458880990743637
0.1250276267528534
0.12592950463294983
0.12680523097515106
0.1277996301651001
0.12645970284938812
0.12457305938005447
0.12446591258049011
0.12581659853458405
0.12605249881744385
0.12475210428237915
0.12456478178501129
0.1253175586462021
0.12496096640825272
0.12429362535476685
0.12452642619609833
0.12472774088382721
0.12422352284193039
0.12410148978233337
0.12446793913841248
0.12432995438575745
0.12393911927938461
0.1240299642086029
0.12422724068164825
0.12402429431676865
0.12386642396450043
0.12403777241706848
0.12413815408945084
0.12411214411258698
0.124272920191288
0.12487931549549103
0.12545932829380035
0.12610076367855072
0.12598150968551636
0.12575115263462067
0.12466403096914291
0.1240566074848175
0.12454179674386978
0.12500984966754913
0.12469670176506042
0.12390977144241333
0.12397630512714386
0.12457561492919922
0.1244615912437439
0.12402611970901489
0.1240834891796112
0.12466290593147278
0.12501882016658783
0.12526291608810425
0.12559978663921356
0.12621837854385376
0.12579789757728577
0.12546399235725403
0.12536337971687317
0.12542086839675903
0.12465708702802658
0.12409994006156921
0.12480201572179794
0.12508517503738403
0.12428399920463562
0.12382970005273819
0.12433584034442902
0.12428323924541473
0.12382225692272186
0.1239861473441124
0.12418383359909058
0.12391092628240585
0.12380607426166534
0.12414947152137756
0.12427359819412231
0.1242915689945221
0.12451198697090149
0.12508010864257812
0.1251932978630066
0.12512332201004028
0.12485019862651825
0.12495701014995575
0.12456671893596649
0.12411556392908096
0.12435945868492126
0.12471269071102142
0.12458518147468567
0.12414678186178207
0.1241547092795372
0.12405847012996674
0.12373404204845428
0.12375624477863312
0.12405498325824738
0.12417882680892944
0.12396232038736343
0.12380178272724152
0.1238003596663475
0.1237943097949028
0.12354647368192673
0.12343455851078033
0.1236133947968483
0.123640276491642
0.12349126487970352
0.12352614104747772
0.12372121214866638
0.12380534410476685
0.12400542944669724
0.1244797632098198
0.12559419870376587
0.12687994539737701
0.1289314329624176
0.1281111240386963
0.12629537284374237
0.12470561265945435
0.12597063183784485
0.127837136387825
0.12773410975933075
0.12837961316108704
0.12798656523227692
0.1273951381444931
0.1270485520362854
0.12606535851955414
0.1259983777999878
0.12551379203796387
0.1250161975622177
0.12571528553962708
0.12519711256027222
0.12402641773223877
0.12488436698913574
0.12499654293060303
0.12405373156070709
0.12431617081165314
0.12446324527263641
0.12441074848175049
0.12490766495466232
0.12534601986408234
0.1272805631160736
0.1292479932308197
0.13198299705982208
0.1307763159275055
0.12814725935459137
0.1243118941783905
0.12693485617637634
0.12942945957183838
0.12584218382835388
0.12515410780906677
0.12622667849063873
0.12591710686683655
0.12589596211910248
0.12473601847887039
0.12514622509479523
0.1253090649843216
0.12434675544500351
0.12507511675357819
0.12461832165718079
0.12415218353271484
0.12440934032201767
0.12405004352331161
0.1243424266576767
0.12407791614532471
0.12381362915039062
0.12409605085849762
0.12386079132556915
0.12391526252031326
0.12391354143619537
0.12385936826467514
0.12421762198209763
0.12426456063985825
0.12469826638698578
0.1250881403684616
0.12546683847904205
0.12520070374011993
0.12460997700691223
0.12382141500711441
0.12419391423463821
0.12524865567684174
0.12572124600410461
0.12590380012989044
0.12468322366476059
0.12407015264034271
0.1244276836514473
0.12467697262763977
0.12476149201393127
0.1240200623869896
0.1236054077744484
0.12392192333936691
0.12404250353574753
0.12404071539640427
0.12373286485671997
0.12340731173753738
0.12350130081176758
0.12368062138557434
0.12368983775377274
0.12354827672243118
0.12329144030809402
0.1231774166226387
0.12335148453712463
0.12346641719341278
0.12346096336841583
0.1233953982591629
0.12319985032081604
0.12313816696405411
0.12317083775997162
0.12320087850093842
0.12330011278390884
0.12346585839986801
0.12385345995426178
0.12434662133455276
0.12499511241912842
0.12478698790073395
0.1240217462182045
0.12332484871149063
0.1237429827451706
0.1247064396739006
0.12513107061386108
0.12603451311588287
0.12730248272418976
0.12957841157913208
0.12815216183662415
0.1250113844871521
0.12475666403770447
0.12740886211395264
0.1279171109199524
0.12574775516986847
0.12696191668510437
0.1275194138288498
0.12505869567394257
0.12394291162490845
0.125714510679245
0.12482473999261856
0.12388108670711517
0.12524235248565674
0.12473602592945099
0.12396067380905151
0.12486282736063004
0.12502162158489227
0.12454823404550552
0.1257553994655609
0.12608499825000763
0.12595348060131073
0.125657856464386
0.12515348196029663
0.12389165163040161
0.12418824434280396
0.12551477551460266
0.12533938884735107
0.12524914741516113
0.1252274066209793
0.12460768222808838
0.12385273724794388
0.12444013357162476
0.12458288669586182
0.1240040585398674
0.12420743703842163
0.12407580018043518
0.12373609840869904
0.12369035184383392
0.12378980964422226
0.12370067089796066
0.12342042475938797
0.12355441600084305
0.12371253222227097
0.12360179424285889
0.12368300557136536
0.12401238828897476
0.12379609793424606
0.12350049614906311
0.1234169453382492
0.12341894209384918
0.12326690554618835
0.12337449193000793
0.12361498177051544
0.123639315366745
0.12342134118080139
0.12321702390909195
0.12313622981309891
0.12316567450761795
0.12325000762939453
0.12369714677333832
0.12433404475450516
0.12545518577098846
0.12647327780723572
0.12857510149478912
0.12946787476539612
0.13085052371025085
0.1278625875711441
0.1267082542181015
0.1300036460161209
0.1308055818080902
0.12951548397541046
0.1265069544315338
0.12695349752902985
0.12716972827911377
0.12639035284519196
0.12710270285606384
0.1260843425989151
0.12489766627550125
0.12500402331352234
0.12549945712089539
0.125531867146492
0.12433718144893646
0.12454421818256378
0.12472415715456009
0.12374422699213028
0.12402679026126862
0.12424667179584503
0.12366937100887299
0.12383449077606201
0.12399056553840637
0.12398670613765717
0.12431085854768753
0.12481466680765152
0.12622570991516113
0.12679819762706757
0.12740035355091095
0.12612488865852356
0.12422803789377213
0.12361042201519012
0.12485476583242416
0.12528784573078156
0.12435712665319443
0.12355796247720718
0.12357825040817261
0.12439235299825668
0.12418611347675323
0.12336063385009766
0.12352347373962402
0.12358961254358292
0.1236196979880333
0.12374772131443024
0.1234588474035263
0.12347794324159622
0.12346600741147995
0.12358862161636353
0.12414468824863434
0.12431364506483078
0.12436932325363159
0.12371769547462463
0.1230902373790741
0.12324061244726181
0.12347537279129028
0.12352009862661362
0.12360638380050659
0.12374362349510193
0.12376941740512848
0.12388075888156891
0.12388449907302856
0.12430563569068909
0.12440493702888489
0.1238858550786972
0.12309069186449051
0.12289679050445557
0.12342780083417892
0.12360802292823792
0.12327456474304199
0.12316799908876419
0.1235104352235794
0.12368341535329819
0.12414562702178955
0.12482281029224396
0.12609350681304932
0.12610483169555664
0.1251218467950821
0.1239302009344101
0.12487384676933289
0.12548111379146576
0.12424355000257492
0.12341979891061783
0.12391812354326248
0.12387488037347794
0.12317761778831482
0.12345276772975922
0.12398754060268402
0.12357153743505478
0.1234632357954979
0.12448678910732269
0.12497738003730774
0.12596598267555237
0.12690073251724243
0.12795789539813995
0.1257081925868988
0.12351179122924805
0.12376947700977325
0.12513157725334167
0.1250452995300293
0.12394208461046219
0.12419547140598297
0.12434160709381104
0.12395551055669785
0.12415440380573273
0.12435073405504227
0.12393993884325027
0.12338478118181229
0.1238613873720169
0.12472130358219147
0.12434526532888412
0.12458618730306625
0.12499994039535522
0.12469109147787094
0.12361884862184525
0.12324824184179306
0.12346845865249634
0.12372793257236481
0.12368807196617126
0.12368500232696533
0.12391939759254456
0.12333116680383682
0.12288336455821991
0.12296172976493835
0.12303608655929565
0.12303268909454346
0.12291138619184494
0.12307845056056976
0.12332221865653992
0.1232326403260231
0.12321121245622635
0.1235652044415474
0.12352403998374939
0.12338054925203323
0.12321005016565323
0.12332600355148315
0.12356134504079819
0.12388237565755844
0.12436715513467789
0.12473401427268982
0.12493480741977692
0.12422054260969162
0.12412979453802109
0.12520703673362732
0.12731993198394775
0.12707126140594482
0.12551765143871307
0.12411637604236603
0.12546700239181519
0.12565277516841888
0.12471027672290802
0.12430419027805328
0.12445890158414841
0.12389261275529861
0.12366694211959839
0.12397097796201706
0.12401945888996124
0.12360629439353943
0.12388305366039276
0.12494891881942749
0.12688201665878296
0.12881886959075928
0.1335490196943283
0.13499203324317932
0.135609969496727
0.12639263272285461
0.12619313597679138
0.13243675231933594
0.12925443053245544
0.12943442165851593
0.1301388144493103
0.12759383022785187
0.12628273665905
0.1261754035949707
0.12620949745178223
0.12685362994670868
0.12561668455600739
0.12567728757858276
0.12665346264839172
0.12554264068603516
0.12569300830364227
0.12532298266887665
0.1257043033838272
0.12575863301753998
0.12793761491775513
0.13547320663928986
0.1570662260055542
0.16412726044654846
0.1702328622341156
0.12988176941871643
0.14971059560775757
0.16815996170043945
0.1357235163450241
0.1448034942150116
0.15417423844337463
0.15640628337860107
0.22795367240905762
0.22632834315299988
0.23265385627746582
0.19411295652389526
0.2488931119441986
0.16898855566978455
0.19687411189079285
0.1946251392364502
0.20348182320594788
0.3014734089374542
0.27529817819595337
0.28669896721839905
0.1864544004201889
0.23072806000709534
0.30523115396499634
0.19406744837760925
0.20847630500793457
0.2629510462284088
0.18719226121902466
0.20933258533477783
0.22057285904884338
0.183672234416008
0.20738659799098969
0.1936529576778412
0.16959142684936523
0.188243567943573
0.17297664284706116
0.18545402586460114
0.22817480564117432
0.22983573377132416
0.26390546560287476
0.17584668099880219
0.205865740776062
0.22409218549728394
0.1755409836769104
0.20545631647109985
0.1831578016281128
0.184904083609581
0.1648576259613037
0.17621734738349915
0.16299444437026978
0.16110089421272278
0.16375496983528137
0.15580740571022034
0.1572747528553009
0.15238267183303833
0.15170183777809143
0.14960810542106628
0.14883723855018616
0.14743752777576447
0.14911872148513794
0.1507970094680786
0.15684549510478973
0.168803870677948
0.15877662599086761
0.14696739614009857
0.14294348657131195
0.15091155469417572
0.14811484515666962
0.1402530074119568
0.1462104618549347
0.14526140689849854
0.1391773819923401
0.14297692477703094
0.1418970227241516
0.13877920806407928
0.13963064551353455
0.13901111483573914
0.1382666528224945
0.136390820145607
0.13720089197158813
0.13658395409584045
0.13474081456661224
0.13537943363189697
0.13505063951015472
0.13397671282291412
0.1341678500175476
0.13336262106895447
0.1333008110523224
0.13326705992221832
0.13265027105808258
0.13238798081874847
0.13226063549518585
