# lbfgs, lr=0.8, alpha = 1000000, beta = 0.1
# best_iter: 90, best_loss = 0.2414102852344513, imsave period = 10
184.53335571289062
17.50431251525879
3.624427556991577
1.5556135177612305
0.9271008968353271
0.6592077016830444
0.532532811164856
0.46092358231544495
0.4174546003341675
0.3870857357978821
0.3710005283355713
0.3554815649986267
0.3416650891304016
0.3310941457748413
0.32391291856765747
0.31660452485084534
0.3118037283420563
0.306953489780426
0.3024721145629883
0.29783394932746887
0.2945581078529358
0.29144078493118286
0.28949007391929626
0.28575900197029114
0.28492212295532227
0.2821451425552368
0.2802579998970032
0.2787768244743347
0.2785930931568146
0.2749643325805664
0.2809043824672699
0.27176737785339355
0.28287172317504883
0.2786785662174225
0.26988768577575684
0.2665397524833679
0.2651955485343933
0.2640017569065094
0.2765779197216034
0.26294732093811035
0.26605263352394104
0.26089417934417725
0.2599286735057831
0.31187981367111206
0.26513671875
0.2615204155445099
0.25800392031669617
0.256456196308136
0.2554563879966736
0.25709182024002075
0.2545495331287384
0.42070773243904114
0.2656703293323517
0.25745198130607605
0.2542220950126648
0.25217777490615845
0.25102537870407104
0.25090292096138
0.24981379508972168
0.250774085521698
0.25304242968559265
0.24964067339897156
0.24938905239105225
0.5435623526573181
0.26870015263557434
0.2544513940811157
0.25074124336242676
0.2486313283443451
0.2473476380109787
6.095565319061279
0.5706619024276733
0.28211164474487305
0.2666398286819458
0.2591123878955841
0.2547113299369812
0.25198641419410706
0.24953554570674896
0.24849501252174377
0.2474016696214676
0.24648718535900116
0.24572083353996277
0.4081428349018097
0.2455800324678421
0.24416078627109528
0.24327050149440765
0.24307021498680115
0.2630328834056854
0.2451535165309906
0.24303038418293
0.2419739067554474
0.2414102852344513
0.7363187074661255
5.707279205322266
0.29484933614730835
0.2607942223548889
0.25278881192207336
0.24797669053077698
0.24526844918727875
0.2435733824968338
0.24218136072158813
