# best_iter: 99, best_loss = 0.19628682732582092, imsave period = 10
569.63818359375
7.745154857635498
1.8830249309539795
0.9030267000198364
0.609014630317688
0.4684280753135681
0.3949171304702759
0.3492238223552704
0.3168666958808899
0.29444602131843567
0.2778173089027405
0.26458996534347534
0.2544216811656952
0.2463034689426422
0.23952710628509521
0.23415547609329224
0.22964617609977722
0.2258722335100174
0.22276711463928223
0.2201562374830246
0.21791866421699524
0.21599231660366058
0.21437527239322662
0.21296629309654236
0.21172235906124115
0.2106274962425232
0.20968499779701233
0.20883075892925262
0.20805886387825012
0.2073536068201065
0.20670749247074127
0.20612025260925293
0.20558272302150726
0.20508436858654022
0.20462824404239655
0.20420585572719574
0.20382435619831085
0.2034628689289093
0.20313537120819092
0.20282596349716187
0.20253223180770874
0.20225554704666138
0.20198993384838104
0.2017372101545334
0.20149780809879303
0.20127403736114502
0.2010580152273178
0.200852632522583
0.20065540075302124
0.2004697322845459
0.2002958357334137
0.20012877881526947
0.19997084140777588
0.1998174488544464
0.19967441260814667
0.19953465461730957
0.1994013488292694
0.19927293062210083
0.19914616644382477
0.19902506470680237
0.19890829920768738
0.19879132509231567
0.19867923855781555
0.19856920838356018
0.19846419990062714
0.19836381077766418
0.19826821982860565
0.19817575812339783
0.19808557629585266
0.19799859821796417
0.19791537523269653
0.19783587753772736
0.19776055216789246
0.19768697023391724
0.1976163536310196
0.19754771888256073
0.19748111069202423
0.19741672277450562
0.1973533183336258
0.1972910761833191
0.19723093509674072
0.19717133045196533
0.19711166620254517
0.19705364108085632
0.19699683785438538
0.1969418078660965
0.19688718020915985
0.19683434069156647
0.1967829465866089
0.19673186540603638
0.19668322801589966
0.19663545489311218
0.1965884566307068
0.19654300808906555
0.19649763405323029
0.19645383954048157
0.1964111626148224
0.19636891782283783
0.19632728397846222
0.19628682732582092
