# lbfgs, lr=0.8, alpha = 1000000, beta = 0.1
# best_iter: 99, best_loss = 0.23937518894672394, imsave period = 10
171.492431640625
23.59044075012207
6.875473976135254
3.234963893890381
1.8543877601623535
1.130841612815857
0.8084389567375183
0.5984547138214111
0.5469576120376587
0.4726521372795105
0.4332708716392517
0.41312968730926514
0.3911453187465668
0.37787681818008423
0.36346349120140076
0.3546334505081177
0.34477850794792175
0.3364575207233429
0.3292994499206543
0.32295751571655273
0.3173445165157318
0.3121834993362427
0.3081919848918915
0.3038753271102905
0.30045241117477417
0.29701459407806396
0.29365798830986023
0.290498822927475
0.28720980882644653
0.28549033403396606
0.28258922696113586
0.28019803762435913
0.27825310826301575
0.27606749534606934
0.27415236830711365
0.27280497550964355
0.27055954933166504
0.2689613997936249
0.26727572083473206
0.26720649003982544
0.26554980874061584
0.2637694180011749
0.2650337517261505
0.26156532764434814
0.2613479197025299
0.27049198746681213
0.25955793261528015
0.257768452167511
0.2570434808731079
0.2566690742969513
0.38629335165023804
0.26921215653419495
0.25875920057296753
0.2551247477531433
0.25304949283599854
0.25169825553894043
0.2511698007583618
4.401355266571045
13.078096389770508
1.6995415687561035
0.6524699926376343
0.4572421908378601
0.3913288712501526
0.3646429479122162
0.33960309624671936
0.32148486375808716
0.31119921803474426
0.302033931016922
0.29362595081329346
0.2870303988456726
0.2821129262447357
0.27694961428642273
0.27392613887786865
0.2700508236885071
0.2671318054199219
0.2641005516052246
0.2617532014846802
0.2594732940196991
0.25723081827163696
0.25553908944129944
0.2543641924858093
0.2526019215583801
0.25140053033828735
0.25019755959510803
0.24922621250152588
0.24806003272533417
0.24709947407245636
0.24613948166370392
0.2452487349510193
0.24468457698822021
0.28631269931793213
0.24410101771354675
0.24270978569984436
0.24182955920696259
0.2414836436510086
0.24097779393196106
0.2406521886587143
0.2402268946170807
0.23958300054073334
0.23937518894672394
