# lbfgs, lr=0.8, alpha = 1000000, beta = 0.1
# best_iter: 99, best_loss = 0.030689770355820656, imsave period = 10
4.3947978019714355
0.30964332818984985
0.12029680609703064
0.08671915531158447
0.07017608731985092
0.061447322368621826
0.056057751178741455
0.05189476162195206
0.048445381224155426
0.04556182026863098
0.04324742406606674
0.04166555032134056
0.040329720824956894
0.03927455469965935
0.03855088725686073
0.037902988493442535
0.03737602010369301
0.03696763142943382
0.036578111350536346
0.036246564239263535
0.03594900295138359
0.03567904233932495
0.03544357046484947
0.03522510454058647
0.03501766175031662
0.034821923822164536
0.03463621065020561
0.03445202112197876
0.03427768871188164
0.03410002961754799
0.033930376172065735
0.033759705722332
0.033597834408283234
0.03343477472662926
0.03328094258904457
0.033127736300230026
0.032988205552101135
0.03284672647714615
0.03272530436515808
0.03260388597846031
0.03257961571216583
0.03233354166150093
0.032275207340717316
0.03274815157055855
0.03234030306339264
0.03202716261148453
0.0318726971745491
0.03183843567967415
0.03187389671802521
0.03175964206457138
0.03171820938587189
0.03154636174440384
0.03145771473646164
0.031389206647872925
0.03133130818605423
0.031279489398002625
0.031233366578817368
0.03122241236269474
0.031161487102508545
0.031142141669988632
0.031112102791666985
0.03108171373605728
0.031062019988894463
0.031041977927088737
0.031025029718875885
0.03100367821753025
0.030985776335000992
0.03099207766354084
0.030955202877521515
0.030944842845201492
0.03093915432691574
0.03091510385274887
0.030901117250323296
0.03089030273258686
0.030891166999936104
0.030862798914313316
0.03085286356508732
0.030847130343317986
0.030838675796985626
0.030823756009340286
0.030815020203590393
0.030819814652204514
0.030795868486166
0.030789433047175407
0.030784448608756065
0.030774153769016266
0.03076627291738987
0.030760135501623154
0.030957678332924843
0.030755603685975075
0.03073699027299881
0.03073015809059143
0.03072761371731758
0.03072216548025608
0.03089054301381111
0.030718855559825897
0.03070211224257946
0.03069639950990677
0.030696755275130272
0.030689770355820656
