# adam, lr=0.01, alpha = 1000000, beta = 0.1
# best_iter: 2990, best_loss = 0.8854592442512512, imsave period = 300
278.945068359375
247.60862731933594
213.30946350097656
182.26129150390625
159.31227111816406
142.4862060546875
127.24633026123047
114.2255859375
104.1490478515625
95.91688537597656
88.8820571899414
82.98889923095703
78.00293731689453
73.54444885253906
69.41465759277344
65.58609008789062
62.016502380371094
58.65664291381836
55.50349426269531
52.60101318359375
49.96022033691406
47.557708740234375
45.37308120727539
43.39210510253906
41.594844818115234
39.95566940307617
38.448524475097656
37.0531120300293
35.760765075683594
34.55924987792969
33.4339485168457
32.37438201904297
31.373615264892578
30.42595100402832
29.525758743286133
28.667463302612305
27.850162506103516
27.0714054107666
26.328399658203125
25.61785316467285
24.935895919799805
24.2816104888916
23.654640197753906
23.05141830444336
22.47153091430664
21.914520263671875
21.379484176635742
20.865467071533203
20.372426986694336
19.897994995117188
19.441146850585938
19.00223731994629
18.57972526550293
18.172870635986328
17.781686782836914
17.404626846313477
17.040956497192383
16.69053840637207
16.35202980041504
16.025039672851562
15.709325790405273
15.404816627502441
15.110879898071289
14.827044486999512
14.552546501159668
14.286699295043945
14.02933120727539
13.780403137207031
13.539073944091797
13.305359840393066
13.079290390014648
12.860307693481445
12.64810848236084
12.442401885986328
12.242738723754883
12.04892635345459
11.860763549804688
11.678120613098145
11.500895500183105
11.328740119934082
11.16147232055664
10.998653411865234
10.840343475341797
10.686507225036621
10.536898612976074
10.391278266906738
10.249656677246094
10.111990928649902
9.977826118469238
9.846983909606934
9.719265937805176
9.594795227050781
9.473289489746094
9.354767799377441
9.239343643188477
9.126779556274414
9.0170316696167
8.90987777709961
8.805296897888184
8.703207969665527
8.603493690490723
8.50600528717041
8.410719871520996
8.317577362060547
8.226456642150879
8.137267112731934
8.050034523010254
7.964680194854736
7.881136894226074
7.799400329589844
7.719385147094727
7.640979290008545
7.564132213592529
7.488857269287109
7.415121555328369
7.342931270599365
7.272212505340576
7.202791213989258
7.134739875793457
7.068021774291992
7.002486705780029
6.938232421875
6.875116348266602
6.81310510635376
6.752316474914551
6.692580699920654
6.634016513824463
6.576505661010742
6.520059108734131
6.464515686035156
6.4099812507629395
6.3564348220825195
6.303678035736084
6.251831531524658
6.200888156890869
6.150869846343994
6.101711273193359
6.053325176239014
6.0057878494262695
5.9589924812316895
5.913012981414795
5.867772579193115
5.823307514190674
5.779584884643555
5.736586093902588
5.694268226623535
5.652594566345215
5.611509799957275
5.571045398712158
5.531222343444824
5.4919657707214355
5.453333377838135
5.4152350425720215
5.3777384757995605
5.340782165527344
5.304398059844971
5.268535614013672
5.2332072257995605
5.198295593261719
5.163911819458008
5.130064487457275
5.096683025360107
5.063785552978516
5.031336307525635
4.999343395233154
4.967804431915283
4.9366984367370605
4.90602970123291
4.875779628753662
4.845842361450195
4.816324710845947
4.787197113037109
4.758426189422607
4.730018138885498
4.702041149139404
4.674430847167969
4.647180080413818
4.620284557342529
4.593764305114746
4.567560195922852
4.541662216186523
4.516114711761475
4.490858554840088
4.465918064117432
4.441267013549805
4.416928768157959
4.392880916595459
4.369131088256836
4.345697402954102
4.322549343109131
4.299642086029053
4.277021408081055
4.254656791687012
4.232544898986816
4.210722923278809
4.189175128936768
4.167863845825195
4.146800518035889
4.126004219055176
4.105475902557373
4.085180759429932
4.065078258514404
4.045227527618408
4.025604248046875
4.006180763244629
3.986968517303467
3.9679858684539795
3.9492058753967285
3.930617094039917
3.9122400283813477
3.894057035446167
3.8760881423950195
3.8583059310913086
3.840712070465088
3.8233001232147217
3.8060812950134277
3.7890467643737793
3.772169589996338
3.7554855346679688
3.7389707565307617
3.7226128578186035
3.7064104080200195
3.6903653144836426
3.674513578414917
3.658797025680542
3.6432416439056396
3.627868890762329
3.612633466720581
3.597527027130127
3.582580804824829
3.5677895545959473
3.5531229972839355
3.5386087894439697
3.5242350101470947
3.5100009441375732
3.495889902114868
3.4819252490997314
3.4680891036987305
3.4543700218200684
3.4407851696014404
3.4273343086242676
3.414006471633911
3.40079927444458
3.3877065181732178
3.374730348587036
3.3618688583374023
3.349123477935791
3.3364932537078857
3.3239855766296387
3.311595916748047
3.2993085384368896
3.2871177196502686
3.2750349044799805
3.26306414604187
3.251204490661621
3.239450454711914
3.2277956008911133
3.2162632942199707
3.2048161029815674
3.1934618949890137
3.182224988937378
3.1710681915283203
3.1599950790405273
3.149010181427002
3.1381165981292725
3.1273269653320312
3.116616725921631
3.1060009002685547
3.095485210418701
3.085045099258423
3.0746946334838867
3.06441593170166
3.054239273071289
3.0441384315490723
3.0341193675994873
3.0241787433624268
3.0143039226531982
3.00451397895813
2.9947879314422607
2.9851438999176025
2.975576639175415
2.966076612472534
2.9566707611083984
2.947335720062256
2.9380784034729004
2.9288792610168457
2.919755458831787
2.9106967449188232
2.9017202854156494
2.892815351486206
2.883967399597168
2.8751983642578125
2.866487503051758
2.857847213745117
2.8492965698242188
2.8407928943634033
2.832348346710205
2.8239731788635254
2.8156657218933105
2.8074262142181396
2.799240827560425
2.791116952896118
2.7830562591552734
2.7750492095947266
2.767108201980591
2.7592198848724365
2.751389741897583
2.7436201572418213
2.735905647277832
2.7282557487487793
2.7206473350524902
2.7131075859069824
2.7056326866149902
2.6982040405273438
2.6908233165740967
2.6834990978240967
2.6762216091156006
2.6690022945404053
2.661834955215454
2.654710531234741
2.6476268768310547
2.640604257583618
2.6336283683776855
2.626702308654785
2.6198198795318604
2.612989902496338
2.6062071323394775
2.599470615386963
2.5927860736846924
2.5861475467681885
2.5795397758483887
2.5729851722717285
2.566476821899414
2.5600032806396484
2.5535717010498047
2.5471765995025635
2.54081654548645
2.534515142440796
2.5282559394836426
2.522033214569092
2.5158581733703613
2.5097193717956543
2.5036165714263916
2.497560501098633
2.491541862487793
2.485564708709717
2.4796156883239746
2.4737048149108887
2.4678428173065186
2.4620120525360107
2.456223487854004
2.450463056564331
2.4447453022003174
2.4390625953674316
2.433418035507202
2.4278035163879395
2.422215223312378
2.4166669845581055
2.4111573696136475
2.4056754112243652
2.400233030319214
2.394826889038086
2.3894472122192383
2.384099245071411
2.3787927627563477
2.3735132217407227
2.3682665824890137
2.363057851791382
2.357872247695923
2.3527252674102783
2.347602367401123
2.342514753341675
2.3374557495117188
2.3324201107025146
2.3274149894714355
2.3224399089813232
2.317495346069336
2.312575340270996
2.3076915740966797
2.3028435707092285
2.298015832901001
2.293214797973633
2.288443088531494
2.283691883087158
2.2789740562438965
2.2742884159088135
2.269619941711426
2.2649848461151123
2.2603707313537598
2.2557828426361084
2.25122332572937
2.2466952800750732
2.2421884536743164
2.237710952758789
2.233259916305542
2.2288293838500977
2.224425792694092
2.220045804977417
2.215693473815918
2.211360454559326
2.2070512771606445
2.202767848968506
2.198503017425537
2.1942620277404785
2.190042495727539
2.185847282409668
2.1816797256469727
2.1775283813476562
2.1734015941619873
2.169300079345703
2.1652188301086426
2.161156177520752
2.157113552093506
2.1530942916870117
2.1491007804870605
2.145127773284912
2.141176700592041
2.1372475624084473
2.1333460807800293
2.1294617652893066
2.1255977153778076
2.1217591762542725
2.117943525314331
2.114140748977661
2.1103596687316895
2.1065986156463623
2.102860927581787
2.099135160446167
2.0954294204711914
2.0917420387268066
2.08807635307312
2.084428310394287
2.0807955265045166
2.0771901607513428
2.0736002922058105
2.070026397705078
2.0664799213409424
2.062948703765869
2.059436798095703
2.0559473037719727
2.052475929260254
2.0490243434906006
2.0455880165100098
2.0421676635742188
2.038764238357544
2.0353786945343018
2.032010078430176
2.028655529022217
2.025315761566162
2.0219922065734863
2.0186853408813477
2.015395402908325
2.0121164321899414
2.0088577270507812
2.0056121349334717
2.0023834705352783
1.9991703033447266
1.9959741830825806
1.9927899837493896
1.989623785018921
1.986473560333252
1.9833366870880127
1.980217456817627
1.9771177768707275
1.9740276336669922
1.9709532260894775
1.9678928852081299
1.9648523330688477
1.9618194103240967
1.958798885345459
1.955797791481018
1.9528083801269531
1.9498298168182373
1.9468653202056885
1.943915605545044
1.940981388092041
1.9380569458007812
1.9351518154144287
1.9322566986083984
1.9293742179870605
1.9265071153640747
1.9236512184143066
1.9208098649978638
1.9179800748825073
1.9151642322540283
1.912360668182373
1.9095699787139893
1.9067929983139038
1.9040260314941406
1.9012738466262817
1.8985357284545898
1.8958089351654053
1.8930914402008057
1.890388011932373
1.8876904249191284
1.885014295578003
1.8823461532592773
1.8796827793121338
1.8770359754562378
1.8743994235992432
1.8717763423919678
1.869159460067749
1.8665580749511719
1.8639663457870483
1.8613884449005127
1.8588204383850098
1.8562672138214111
1.8537273406982422
1.8511942625045776
1.848675012588501
1.8461625576019287
1.8436650037765503
1.8411750793457031
1.8386964797973633
1.8362298011779785
1.8337657451629639
1.831315040588379
1.8288774490356445
1.826446533203125
1.824021577835083
1.821608543395996
1.8192076683044434
1.8168118000030518
1.8144264221191406
1.8120479583740234
1.8096802234649658
1.807321548461914
1.804976224899292
1.802642822265625
1.8003157377243042
1.7979958057403564
1.7956888675689697
1.7933862209320068
1.7910975217819214
1.7888164520263672
1.7865464687347412
1.7842843532562256
1.7820289134979248
1.779786467552185
1.7775492668151855
1.7753205299377441
1.7730960845947266
1.770885705947876
1.7686846256256104
1.766491174697876
1.7643041610717773
1.7621302604675293
1.759962558746338
1.7578001022338867
1.7556493282318115
1.7535086870193481
1.751371145248413
1.7492434978485107
1.7471303939819336
1.7450236082077026
1.742922306060791
1.7408325672149658
1.7387475967407227
1.7366715669631958
1.7346022129058838
1.7325434684753418
1.7304929494857788
1.7284483909606934
1.7264145612716675
1.7243866920471191
1.722367525100708
1.7203562259674072
1.7183523178100586
1.716355800628662
1.7143667936325073
1.7123851776123047
1.7104144096374512
1.708450436592102
1.706493854522705
1.704545497894287
1.7026036977767944
1.7006685733795166
1.698737621307373
1.6968176364898682
1.69490385055542
1.692995309829712
1.6910929679870605
1.6892012357711792
1.6873161792755127
1.685436725616455
1.6835696697235107
1.6817046403884888
1.6798474788665771
1.6779992580413818
1.6761548519134521
1.674317479133606
1.6724860668182373
1.6706610918045044
1.6688424348831177
1.6670277118682861
1.6652231216430664
1.6634225845336914
1.6616291999816895
1.659844160079956
1.658064365386963
1.6562947034835815
1.6545277833938599
1.6527698040008545
1.6510157585144043
1.6492664813995361
1.6475300788879395
1.6457927227020264
1.6440588235855103
1.6423369646072388
1.6406168937683105
1.6389026641845703
1.6371960639953613
1.635495901107788
1.6338005065917969
1.6321133375167847
1.6304285526275635
1.628751277923584
1.6270811557769775
1.6254148483276367
1.6237552165985107
1.6221024990081787
1.6204559803009033
1.6188132762908936
1.6171791553497314
1.6155500411987305
1.6139247417449951
1.612304925918579
1.6106895208358765
1.6090819835662842
1.6074775457382202
1.6058790683746338
1.604288101196289
1.6026997566223145
1.6011159420013428
1.5995407104492188
1.5979664325714111
1.5964006185531616
1.5948435068130493
1.5932891368865967
1.5917398929595947
1.5901938676834106
1.588653802871704
1.587120532989502
1.5855897665023804
1.5840680599212646
1.5825512409210205
1.5810365676879883
1.5795271396636963
1.578024983406067
1.576522946357727
1.5750298500061035
1.573540210723877
1.572055459022522
1.570575475692749
1.5690996646881104
1.5676299333572388
1.5661640167236328
1.5647003650665283
1.5632450580596924
1.5617932081222534
1.5603455305099487
1.5589003562927246
1.5574610233306885
1.5560286045074463
1.5545971393585205
1.5531730651855469
1.5517537593841553
1.5503391027450562
1.5489251613616943
1.5475168228149414
1.546112060546875
1.5447142124176025
1.543320655822754
1.5419305562973022
1.5405423641204834
1.5391619205474854
1.5377857685089111
1.536412000656128
1.535044550895691
1.5336817502975464
1.5323219299316406
1.530968189239502
1.529618263244629
1.5282700061798096
1.5269293785095215
1.5255920886993408
1.5242562294006348
1.5229251384735107
1.5216002464294434
1.5202791690826416
1.5189586877822876
1.5176434516906738
1.5163326263427734
1.5150278806686401
1.5137232542037964
1.5124222040176392
1.5111256837844849
1.509833812713623
1.508543610572815
1.5072574615478516
1.505979061126709
1.504701018333435
1.5034271478652954
1.502158761024475
1.500892996788025
1.4996283054351807
1.498368740081787
1.497113585472107
1.4958622455596924
1.494614601135254
1.4933714866638184
1.4921324253082275
1.49089777469635
1.48966646194458
1.488438367843628
1.4872136116027832
1.4859918355941772
1.4847742319107056
1.4835612773895264
1.4823522567749023
1.4811469316482544
1.4799435138702393
1.4787455797195435
1.4775490760803223
1.4763575792312622
1.4751684665679932
1.473984956741333
1.472804307937622
1.4716262817382812
1.4704530239105225
1.469285249710083
1.4681200981140137
1.4669573307037354
1.4657986164093018
1.464644432067871
1.463491678237915
1.462342381477356
1.4611949920654297
1.460052251815796
1.4589135646820068
1.457777500152588
1.4566447734832764
1.4555130004882812
1.4543882608413696
1.453264832496643
1.4521446228027344
1.4510271549224854
1.4499139785766602
1.4488048553466797
1.447698712348938
1.4465947151184082
1.4454927444458008
1.4443974494934082
1.4433045387268066
1.4422123432159424
1.4411251544952393
1.4400408267974854
1.4389584064483643
1.437879204750061
1.436803936958313
1.4357331991195679
1.4346628189086914
1.4335968494415283
1.4325337409973145
1.4314727783203125
1.4304168224334717
1.4293628931045532
1.4283108711242676
1.4272632598876953
1.4262181520462036
1.425176739692688
1.4241371154785156
1.4230997562408447
1.4220678806304932
1.4210381507873535
1.4200105667114258
1.4189865589141846
1.4179662466049194
1.4169461727142334
1.4159306287765503
1.4149169921875
1.4139070510864258
1.4128997325897217
1.4118947982788086
1.410892367362976
1.4098916053771973
1.4088935852050781
1.407900333404541
1.4069095849990845
1.4059211015701294
1.4049339294433594
1.4039502143859863
1.4029687643051147
1.4019889831542969
1.401012897491455
1.400038242340088
1.399065613746643
1.398094654083252
1.397127389907837
1.3961633443832397
1.3952019214630127
1.3942415714263916
1.3932819366455078
1.3923249244689941
1.3913730382919312
1.3904201984405518
1.3894727230072021
1.3885254859924316
1.3875818252563477
1.3866424560546875
1.3857026100158691
1.3847670555114746
1.3838341236114502
1.3829025030136108
1.381974697113037
1.381047010421753
1.3801214694976807
1.3791999816894531
1.3782784938812256
1.377359390258789
1.3764417171478271
1.375528335571289
1.3746163845062256
1.3737058639526367
1.3727984428405762
1.3718934059143066
1.3709924221038818
1.3700916767120361
1.3691927194595337
1.368298053741455
1.367405652999878
1.3665134906768799
1.3656253814697266
1.364739179611206
1.3638546466827393
1.3629732131958008
1.3620954751968384
1.361217975616455
1.3603439331054688
1.359472632408142
1.3586019277572632
1.3577344417572021
1.3568699359893799
1.3560073375701904
1.355146884918213
1.3542888164520264
1.35343337059021
1.352580189704895
1.3517274856567383
1.3508784770965576
1.3500316143035889
1.3491865396499634
1.348343014717102
1.3475029468536377
1.3466620445251465
1.3458234071731567
1.34498929977417
1.34415602684021
1.3433246612548828
1.3424949645996094
1.3416688442230225
1.3408440351486206
1.3400204181671143
1.3391978740692139
1.3383785486221313
1.3375605344772339
1.3367449045181274
1.3359307050704956
1.3351161479949951
1.3343064785003662
1.3334983587265015
1.3326904773712158
1.3318860530853271
1.3310844898223877
1.3302841186523438
1.3294848203659058
1.328688144683838
1.327894926071167
1.3271020650863647
1.3263130187988281
1.3255259990692139
1.3247390985488892
1.3239542245864868
1.3231713771820068
1.3223917484283447
1.3216123580932617
1.320834755897522
1.3200602531433105
1.3192867040634155
1.3185153007507324
1.3177459239959717
1.3169786930084229
1.3162128925323486
1.31545090675354
1.3146891593933105
1.3139269351959229
1.313169002532959
1.3124115467071533
1.3116567134857178
1.3109045028686523
1.3101532459259033
1.309403419494629
1.3086564540863037
1.3079100847244263
1.3071646690368652
1.306422233581543
1.305680751800537
1.3049418926239014
1.304203987121582
1.3034677505493164
1.3027334213256836
1.301999807357788
1.3012690544128418
1.3005402088165283
1.299814224243164
1.299088478088379
1.2983648777008057
1.2976434230804443
1.2969236373901367
1.2962045669555664
1.2954871654510498
1.2947733402252197
1.294060230255127
1.293349027633667
1.2926394939422607
1.29193115234375
1.2912240028381348
1.2905198335647583
1.2898167371749878
1.2891156673431396
1.288414716720581
1.2877156734466553
1.2870194911956787
1.2863236665725708
1.2856290340423584
1.2849364280700684
1.2842446565628052
1.2835559844970703
1.2828680276870728
1.2821812629699707
1.281496286392212
1.2808117866516113
1.2801305055618286
1.27944815158844
1.278768539428711
1.2780907154083252
1.2774131298065186
1.2767378091812134
1.2760627269744873
1.275390625
1.2747188806533813
1.2740492820739746
1.273380994796753
1.2727134227752686
1.2720471620559692
1.2713825702667236
1.2707195281982422
1.2700588703155518
1.2693991661071777
1.2687407732009888
1.268082618713379
1.2674270868301392
1.2667737007141113
1.2661203145980835
1.2654694318771362
1.2648203372955322
1.2641723155975342
1.2635247707366943
1.2628798484802246
1.262237787246704
1.2615959644317627
1.260956048965454
1.2603175640106201
1.2596794366836548
1.2590433359146118
1.2584081888198853
1.2577762603759766
1.2571436166763306
1.2565135955810547
1.2558836936950684
1.255254864692688
1.2546279430389404
1.2540028095245361
1.253378987312317
1.2527544498443604
1.2521330118179321
1.251513123512268
1.2508937120437622
1.25027596950531
1.2496598958969116
1.2490437030792236
1.248429775238037
1.247817039489746
1.2472050189971924
1.2465949058532715
1.2459851503372192
1.245377540588379
1.2447700500488281
1.2441647052764893
1.2435601949691772
1.242957353591919
1.2423547506332397
1.2417540550231934
1.2411553859710693
1.2405565977096558
1.2399598360061646
1.2393642663955688
1.2387701272964478
1.2381764650344849
1.2375831604003906
1.2369921207427979
1.2364020347595215
1.235814094543457
1.2352265119552612
1.2346404790878296
1.2340553998947144
1.233471393585205
1.2328882217407227
1.232306957244873
1.231727123260498
1.2311480045318604
1.2305700778961182
1.2299931049346924
1.229418158531189
1.2288434505462646
1.2282710075378418
1.227698564529419
1.227128028869629
1.2265582084655762
1.2259892225265503
1.2254220247268677
1.2248566150665283
1.2242913246154785
1.223728060722351
1.2231651544570923
1.2226033210754395
1.222043752670288
1.2214839458465576
1.2209272384643555
1.2203705310821533
1.219815731048584
1.219261646270752
1.218708872795105
1.2181568145751953
1.2176060676574707
1.2170552015304565
1.2165071964263916
1.215959906578064
1.2154130935668945
1.214867353439331
1.2143231630325317
1.2137799263000488
1.2132381200790405
1.2126976251602173
1.2121585607528687
1.2116210460662842
1.2110841274261475
1.2105482816696167
1.210013747215271
1.2094810009002686
1.2089494466781616
1.2084180116653442
1.207887887954712
1.207359790802002
1.206831693649292
1.2063071727752686
1.205782413482666
1.2052576541900635
1.2047361135482788
1.2042155265808105
1.2036949396133423
1.2031762599945068
1.2026582956314087
1.2021405696868896
1.2016241550445557
1.2011088132858276
1.2005956172943115
1.2000833749771118
1.1995714902877808
1.1990610361099243
1.1985516548156738
1.1980440616607666
1.1975362300872803
1.1970292329788208
1.1965252161026
1.196021556854248
1.1955187320709229
1.1950172185897827
1.1945148706436157
1.194015383720398
1.1935158967971802
1.1930181980133057
1.1925203800201416
1.192023515701294
1.1915278434753418
1.1910336017608643
1.1905399560928345
1.1900471448898315
1.189555048942566
1.1890627145767212
1.1885722875595093
1.1880826950073242
1.1875942945480347
1.1871066093444824
1.1866194009780884
1.1861331462860107
1.1856489181518555
1.1851649284362793
1.1846823692321777
1.1842002868652344
1.1837185621261597
1.183239459991455
1.1827592849731445
1.1822813749313354
1.181803822517395
1.1813266277313232
1.1808497905731201
1.180375337600708
1.1799012422561646
1.1794283390045166
1.1789557933807373
1.1784839630126953
1.1780130863189697
1.1775436401367188
1.1770743131637573
1.1766055822372437
1.1761387586593628
1.175671935081482
1.1752053499221802
1.1747405529022217
1.1742768287658691
1.173813819885254
1.1733509302139282
1.172890543937683
1.1724307537078857
1.171971321105957
1.1715129613876343
1.1710559129714966
1.1705996990203857
1.1701431274414062
1.1696884632110596
1.1692347526550293
1.1687815189361572
1.168330192565918
1.1678802967071533
1.1674301624298096
1.16698157787323
1.166534185409546
1.16608726978302
1.1656410694122314
1.165195345878601
1.1647512912750244
1.1643083095550537
1.1638648509979248
1.1634235382080078
1.1629819869995117
1.1625421047210693
1.1621031761169434
1.1616642475128174
1.1612271070480347
1.1607903242111206
1.160353660583496
1.1599180698394775
1.1594847440719604
1.1590516567230225
1.158617615699768
1.1581859588623047
1.1577550172805786
1.1573243141174316
1.1568946838378906
1.1564661264419556
1.1560384035110474
1.1556105613708496
1.1551845073699951
1.154759407043457
1.1543339490890503
1.1539106369018555
1.1534870862960815
1.1530648469924927
1.1526434421539307
1.1522228717803955
1.1518025398254395
1.151383638381958
1.1509649753570557
1.1505482196807861
1.1501317024230957
1.1497166156768799
1.149301290512085
1.1488889455795288
1.1484755277633667
1.148064374923706
1.147652268409729
1.1472432613372803
1.14683198928833
1.1464234590530396
1.146012306213379
1.145604133605957
1.14519464969635
1.144788384437561
1.1443791389465332
1.1439735889434814
1.1435656547546387
1.143161654472351
1.1427561044692993
1.1423537731170654
1.1419507265090942
1.14155113697052
1.1411502361297607
1.1407520771026611
1.1403530836105347
1.1399590969085693
1.139561653137207
1.1391677856445312
1.1387711763381958
1.1383776664733887
1.1379804611206055
1.137587308883667
1.137190341949463
1.1367963552474976
1.136399269104004
1.1360070705413818
1.135610580444336
1.135218620300293
1.1348260641098022
1.134437084197998
1.1340458393096924
1.133660078048706
1.1332741975784302
1.1328935623168945
1.1325130462646484
1.1321372985839844
1.1317601203918457
1.13139009475708
1.1310136318206787
1.130641222000122
1.1302590370178223
1.1298772096633911
1.1294838190078735
1.129093050956726
1.1286954879760742
1.1283044815063477
1.127913236618042
1.1275287866592407
1.1271449327468872
1.1267653703689575
1.1263861656188965
1.1260088682174683
1.125631332397461
1.125256061553955
1.1248810291290283
1.1245074272155762
1.1241352558135986
1.1237642765045166
1.1233956813812256
1.1230344772338867
1.122678279876709
1.1223398447036743
1.1220183372497559
1.121730089187622
1.1214561462402344
1.1211981773376465
1.120896816253662
1.120548963546753
1.1201046705245972
1.1196222305297852
1.1191277503967285
1.1186951398849487
1.1183266639709473
1.1180071830749512
1.117722511291504
1.117445945739746
1.1171839237213135
1.1168996095657349
1.1165962219238281
1.1162190437316895
1.1157894134521484
1.1153007745742798
1.1148300170898438
1.1143964529037476
1.1140282154083252
1.113708257675171
1.1134109497070312
1.1131389141082764
1.1128690242767334
1.112620234489441
1.1123552322387695
1.1120741367340088
1.111712098121643
1.1112877130508423
1.110787272453308
1.110293984413147
1.1098425388336182
1.109472632408142
1.1091639995574951
1.1088879108428955
1.1086397171020508
1.1083937883377075
1.1081658601760864
1.10791015625
1.1076337099075317
1.1072723865509033
1.1068439483642578
1.1063344478607178
1.105834722518921
1.1053799390792847
1.105013370513916
1.1047132015228271
1.1044508218765259
1.1042218208312988
1.1040035486221313
1.1038126945495605
1.1036009788513184
1.1033765077590942
1.1030553579330444
1.102653980255127
1.1021357774734497
1.1015926599502563
1.101074457168579
1.1006660461425781
1.1003563404083252
1.1001089811325073
1.0999032258987427
1.099708080291748
1.0995312929153442
1.0993304252624512
1.0991084575653076
1.0987751483917236
1.0983506441116333
1.0978034734725952
1.0972574949264526
1.0967656373977661
1.0963983535766602
1.096128225326538
1.0959094762802124
1.095725178718567
1.09554123878479
1.0953750610351562
1.095171570777893
1.094935417175293
1.0945827960968018
1.0941416025161743
1.0935924053192139
1.0930497646331787
1.0925681591033936
1.0922093391418457
1.0919456481933594
1.091733694076538
1.0915603637695312
1.0913965702056885
1.0912660360336304
1.091115951538086
1.0909370183944702
1.0906304121017456
1.0902100801467896
1.0896360874176025
1.0890429019927979
1.0885027647018433
1.088114619255066
1.0878571271896362
1.0876725912094116
1.0875327587127686
1.0873942375183105
1.0872732400894165
1.08710777759552
1.0868974924087524
1.0865373611450195
1.0860735177993774
1.085485816001892
1.0849177837371826
1.0844354629516602
1.084099531173706
1.0838727951049805
1.0837018489837646
1.0835745334625244
1.083463430404663
1.0833899974822998
1.0832980871200562
1.083188533782959
1.0829236507415771
1.0825053453445435
1.0818676948547363
1.0811861753463745
1.0805753469467163
1.080183982849121
1.0799821615219116
1.079874038696289
1.0797934532165527
1.0796736478805542
1.0795137882232666
1.0792436599731445
1.0788824558258057
1.0783839225769043
1.0778430700302124
1.077313780784607
1.0769015550613403
1.0766046047210693
1.0763916969299316
1.0762361288070679
1.0761120319366455
1.0760544538497925
1.0760434865951538
1.0761178731918335
1.0761693716049194
1.0761555433273315
1.0758439302444458
1.0752582550048828
1.0743626356124878
1.073499083518982
1.0728975534439087
1.0726730823516846
1.0726826190948486
1.07271146774292
1.072658896446228
1.072416067123413
1.072016716003418
1.071448564529419
1.0708612203598022
1.070338487625122
1.0699775218963623
1.0697511434555054
1.069603443145752
1.0695133209228516
1.069454312324524
1.0694637298583984
1.0694947242736816
1.0695576667785645
1.0694949626922607
1.0692782402038574
1.068705439567566
1.0679377317428589
1.0670764446258545
1.0664352178573608
1.0661128759384155
1.0660417079925537
1.0660712718963623
1.0660511255264282
1.0659515857696533
1.0656898021697998
1.0653027296066284
1.064754605293274
1.0641828775405884
1.0636610984802246
1.0632894039154053
1.0630536079406738
1.0629057884216309
1.0628268718719482
1.0628029108047485
1.062889814376831
1.0630669593811035
1.0633835792541504
1.0636427402496338
1.0637767314910889
1.0633859634399414
1.0625256299972534
1.0612272024154663
1.0601423978805542
1.0596349239349365
1.059701681137085
1.0599857568740845
1.060107946395874
1.0599464178085327
1.0594059228897095
1.058682918548584
1.0579471588134766
1.0574655532836914
1.0572705268859863
1.0572396516799927
1.0572530031204224
1.0572032928466797
1.0570908784866333
1.0568439960479736
1.056490182876587
1.055983543395996
1.0554397106170654
1.0549124479293823
1.0545141696929932
1.054246187210083
1.054075002670288
1.0539724826812744
1.0539145469665527
1.0539546012878418
1.0540937185287476
1.0543937683105469
1.0547460317611694
1.0551037788391113
1.0550954341888428
1.0546756982803345
1.0535701513290405
1.0522654056549072
1.0511916875839233
1.0508151054382324
1.0509965419769287
1.0513103008270264
1.0514538288116455
1.051222324371338
1.050684928894043
1.0499012470245361
1.0491845607757568
1.048717737197876
1.0485520362854004
1.048560619354248
1.0485886335372925
1.048596978187561
1.048504114151001
1.0483286380767822
1.0479776859283447
1.047513723373413
1.0469290018081665
1.0463777780532837
1.0459320545196533
1.0456490516662598
1.0454879999160767
1.0453981161117554
1.0453814268112183
1.0454342365264893
1.0456252098083496
1.0459318161010742
1.0463882684707642
1.0467755794525146
1.046987771987915
1.0465137958526611
1.0454790592193604
1.0439703464508057
1.0428153276443481
1.0424132347106934
1.042654037475586
1.0430717468261719
1.0432264804840088
1.0430201292037964
1.0423753261566162
1.0415581464767456
1.040810465812683
1.040412425994873
1.0403387546539307
1.0404056310653687
1.0404819250106812
1.040464162826538
1.0403544902801514
1.040061116218567
1.0396369695663452
1.039061427116394
1.0384986400604248
1.038020372390747
1.0377099514007568
1.037536859512329
1.0374488830566406
1.0374407768249512
1.0375075340270996
1.0377362966537476
1.0381180047988892
1.0387221574783325
1.0393410921096802
1.0398776531219482
1.039726972579956
1.0388743877410889
1.0371553897857666
1.035512089729309
1.0346466302871704
1.0347888469696045
1.0354052782058716
1.0358200073242188
1.035775065422058
1.0351194143295288
1.0341655015945435
1.0332515239715576
1.0327852964401245
1.0327649116516113
1.032928228378296
1.0330593585968018
1.0330088138580322
1.032787561416626
1.0323392152786255
1.0317869186401367
1.0311886072158813
1.0307101011276245
1.0303899049758911
1.0302209854125977
1.0301542282104492
1.0301483869552612
1.0302505493164062
1.0304720401763916
1.0309091806411743
1.0315032005310059
1.0322649478912354
1.0327849388122559
1.032901406288147
1.0320024490356445
1.0304123163223267
1.0285497903823853
1.027498722076416
1.0275404453277588
1.0281736850738525
1.0287305116653442
1.028712272644043
1.0281481742858887
1.0271193981170654
1.0261787176132202
1.025692105293274
1.0257047414779663
1.025936484336853
1.0260716676712036
1.0260186195373535
1.025688648223877
1.0251833200454712
1.024558186531067
1.0240150690078735
1.0236310958862305
1.0234339237213135
1.0233652591705322
1.0233614444732666
1.0234400033950806
1.023606300354004
1.0239534378051758
1.0244345664978027
1.0250751972198486
1.0255589485168457
1.025738000869751
1.0250440835952759
1.023733377456665
1.0220340490341187
1.0209003686904907
1.0206940174102783
1.0211459398269653
1.0217092037200928
1.021925449371338
1.0217211246490479
1.0209934711456299
1.0200616121292114
1.0192506313323975
1.0188841819763184
1.018909215927124
1.0190887451171875
1.0192596912384033
1.019295334815979
1.0192042589187622
1.0188928842544556
1.0184279680252075
1.017805576324463
1.0172209739685059
1.0167655944824219
1.0165162086486816
1.0164234638214111
1.0164216756820679
1.016518235206604
1.0167235136032104
1.0171477794647217
1.0178114175796509
1.0188143253326416
1.0198405981063843
1.0207664966583252
1.020630121231079
1.0194469690322876
1.0170080661773682
1.0148569345474243
1.0139797925949097
1.014506220817566
1.0155417919158936
1.0161006450653076
1.015913486480713
1.0148664712905884
1.0135778188705444
1.0126570463180542
1.0125056505203247
1.0128525495529175
1.0131862163543701
1.0132675170898438
1.0129536390304565
1.012378454208374
1.0116459131240845
1.0110390186309814
1.0106773376464844
1.0105715990066528
1.0106194019317627
1.0107117891311646
1.0108613967895508
1.011034607887268
1.0113023519515991
1.0115196704864502
1.0116969347000122
1.011535406112671
1.0110437870025635
1.0100791454315186
1.0090577602386475
1.0082581043243408
1.007965087890625
1.0080769062042236
1.008339762687683
1.0086052417755127
1.0087287425994873
1.0087306499481201
1.008463978767395
1.0080108642578125
1.0073283910751343
1.0066460371017456
1.0060911178588867
1.0057960748672485
1.0057189464569092
1.0057717561721802
1.005943775177002
1.0062390565872192
1.006790041923523
1.0075989961624146
1.0088138580322266
1.0100796222686768
1.011236548423767
1.011120080947876
1.0098040103912354
1.0069795846939087
1.0044782161712646
1.0035449266433716
1.0043110847473145
1.0056240558624268
1.0063036680221558
1.0060408115386963
1.0047292709350586
1.0032099485397339
1.002289056777954
1.0023467540740967
1.0029250383377075
1.0033448934555054
1.0033475160598755
1.002787709236145
1.0019692182540894
1.0011436939239502
1.0006705522537231
1.0005804300308228
1.0007126331329346
1.0009263753890991
1.0010970830917358
1.0012515783309937
1.001270055770874
1.0011680126190186
1.0007922649383545
1.0002332925796509
0.9994928240776062
0.9988367557525635
0.9983904361724854
0.9982233047485352
0.9982515573501587
0.9983671307563782
0.9985722899436951
0.9988501667976379
0.9992786049842834
0.9997830390930176
1.0003901720046997
1.0007175207138062
1.0006940364837646
0.9998362064361572
0.9984985589981079
0.9969639182090759
0.9960575699806213
0.9959877729415894
0.9964560270309448
0.9970358610153198
0.9973787665367126
0.9974216222763062
0.9969764947891235
0.9962272047996521
0.9952914118766785
0.9945697784423828
0.9942240715026855
0.9942348003387451
0.9944448471069336
0.9947035312652588
0.9950313568115234
0.9953534007072449
0.9957395792007446
0.9959610104560852
0.9959778189659119
0.9954430460929871
0.9945293664932251
0.9933308362960815
0.9924117922782898
0.9920158386230469
0.9921221137046814
0.9924821853637695
0.9928461313247681
0.993166983127594
0.9932888746261597
0.9932190775871277
0.9927583336830139
0.9920567274093628
0.9911799430847168
0.9904826879501343
0.9901175498962402
0.9900924563407898
0.9902706742286682
0.9905306100845337
0.9909168481826782
0.9914129972457886
0.9921251535415649
0.992851734161377
0.9935448169708252
0.9935389757156372
0.9928725957870483
0.9912039041519165
0.9894216060638428
0.9882286190986633
0.9881331324577332
0.9887717962265015
0.9894737005233765
0.9898990392684937
0.9897502064704895
0.9891165494918823
0.9880521297454834
0.9871140122413635
0.9866327047348022
0.9866675138473511
0.9869785308837891
0.9873030781745911
0.987592339515686
0.9877268075942993
0.9877432584762573
0.9874523878097534
0.9869424104690552
0.9861799478530884
0.9854347705841064
0.9848636388778687
0.9846144914627075
0.9846228361129761
0.9847691655158997
0.9850304126739502
0.9853924512863159
0.985979437828064
0.9867300987243652
0.9877431392669678
0.9885734915733337
0.9891355633735657
0.988553524017334
0.9870461225509644
0.9847463965415955
0.9830734133720398
0.9827012419700623
0.9834045767784119
0.984372615814209
0.9848961234092712
0.9848227500915527
0.9839895367622375
0.9828315377235413
0.9817835092544556
0.9813602566719055
0.9815223217010498
0.9819192886352539
0.9823001623153687
0.9824799299240112
0.9824774265289307
0.9821396470069885
0.9815807342529297
0.9808249473571777
0.9801540374755859
0.9797056317329407
0.9795563220977783
0.9796180129051208
0.9797849655151367
0.9800746440887451
0.9804980754852295
0.9811950922012329
0.9821128845214844
0.9833433628082275
0.984369695186615
0.9850656986236572
0.9843641519546509
0.9826210141181946
0.9799697995185852
0.9781088829040527
0.9777939915657043
0.9786930084228516
0.979869544506073
0.9804877638816833
0.9803805947303772
0.979305624961853
0.9778987169265747
0.9767799377441406
0.9765164256095886
0.9769126176834106
0.9774307608604431
0.9777665734291077
0.9776995182037354
0.9773126244544983
0.9765843152999878
0.9758198261260986
0.9752240180969238
0.9749674797058105
0.9749860763549805
0.9751513004302979
0.9754294157028198
0.9758052229881287
0.9763844013214111
0.9771015644073486
0.9779965877532959
0.9786157011985779
0.9788765907287598
0.9780365824699402
0.9764605760574341
0.9744746685028076
0.9732658267021179
0.9732239842414856
0.9739446640014648
0.9747579097747803
0.9751170873641968
0.9749405980110168
0.9741190671920776
0.9730635285377502
0.97216796875
0.9718271493911743
0.9719763398170471
0.9723255634307861
0.9727051854133606
0.9729807376861572
0.9732186198234558
0.9732416868209839
0.9730512499809265
0.9724788665771484
0.9717071652412415
0.970856785774231
0.9702655076980591
0.9700292944908142
0.9700906276702881
0.9703294634819031
0.970652163028717
0.9711263179779053
0.9717202186584473
0.9725483059883118
0.9733928442001343
0.9742498993873596
0.9744046926498413
0.9737982749938965
0.9720017910003662
0.9699803590774536
0.968542754650116
0.9683892726898193
0.96915203332901
0.9700713753700256
0.9707725048065186
0.9708852767944336
0.97043377161026
0.9693174362182617
0.9680989980697632
0.9672338962554932
0.9670590758323669
0.9673861265182495
0.9678503274917603
0.9682865738868713
0.9685479402542114
0.9686412811279297
0.9683623313903809
0.967816948890686
0.9669640064239502
0.9661548137664795
0.9655910134315491
0.965420663356781
0.9655415415763855
0.9657948017120361
0.9661542177200317
0.9665988683700562
0.9672435522079468
0.9679602384567261
0.9687645435333252
0.9691689610481262
0.9690938591957092
0.967951238155365
0.9662845134735107
0.9645828604698181
0.9637858271598816
0.9640070199966431
0.9647359848022461
0.9654729962348938
0.965829610824585
0.9657726287841797
0.9651098251342773
0.9641345143318176
0.9631317853927612
0.9625736474990845
0.962532103061676
0.9628121256828308
0.9632168412208557
0.9636247158050537
0.9640693068504333
0.9644429683685303
0.964741587638855
0.9646625518798828
0.9642162919044495
0.9632288813591003
0.9621224999427795
0.9611988067626953
0.9608343243598938
0.9609703421592712
0.9613502025604248
0.9618145823478699
0.962249755859375
0.9626966714859009
0.9629751443862915
0.9630964398384094
0.9627312421798706
0.962017834186554
0.9609253406524658
0.9599394798278809
0.9593347311019897
0.9592536687850952
0.9595306515693665
0.9599568247795105
0.9605236649513245
0.9611920118331909
0.962091863155365
0.963044285774231
0.9639894962310791
0.964229166507721
0.9637179374694824
0.9618882536888123
0.9597852826118469
0.9581522941589355
0.9578158259391785
0.9585152864456177
0.9595452547073364
0.9604995250701904
0.9609788656234741
0.9609538912773132
0.9600580930709839
0.9587344527244568
0.9573634266853333
0.9566574692726135
0.9567142724990845
0.9572194814682007
0.9578561782836914
0.958405077457428
0.95887291431427
0.959021270275116
0.958857536315918
0.9581283330917358
0.957103967666626
0.9559857845306396
0.9552936553955078
0.9551630616188049
0.9554362893104553
0.955888032913208
0.9563393592834473
0.9568530321121216
0.9572975635528564
0.9577083587646484
0.9577563405036926
0.9574477672576904
0.9564988613128662
0.9553101062774658
0.9541910290718079
0.9536590576171875
0.9537376761436462
0.9541627764701843
0.9547282457351685
0.9552930593490601
0.9558999538421631
0.956355094909668
0.9566524028778076
0.9563755393028259
0.9556129574775696
0.9542897343635559
0.9530441761016846
0.9523065686225891
0.9522895812988281
0.9527395367622375
0.9533231258392334
0.9539694786071777
0.9545615315437317
0.9551308155059814
0.9553268551826477
0.9551582336425781
0.9542544484138489
0.9530052542686462
0.9516885876655579
0.9509544372558594
0.9509204030036926
0.9513523578643799
0.9519897103309631
0.9526445865631104
0.9533824920654297
0.9540078639984131
0.9544979929924011
0.9543701410293579
0.9536534547805786
0.9521512985229492
0.9506539106369019
0.9496763348579407
0.9495803713798523
0.9500996470451355
0.9507923126220703
0.9514982104301453
0.9520542621612549
0.9524807929992676
0.9523982405662537
0.9518780708312988
0.9507273435592651
0.9494919776916504
0.9485396146774292
0.9482403993606567
0.9484835863113403
0.9489774703979492
0.949609637260437
0.9503304958343506
0.9512096643447876
0.9520475268363953
0.9527806043624878
0.9527376890182495
0.9519705176353455
0.9501658082008362
0.9483106732368469
0.9470998644828796
0.9470444321632385
0.9477776288986206
0.9486839175224304
0.9495264887809753
0.9500187635421753
0.9501330256462097
0.9494897127151489
0.9483739137649536
0.9469900131225586
0.946047842502594
0.9458032250404358
0.9461271166801453
0.9467300176620483
0.9473958015441895
0.9481967687606812
0.948986291885376
0.9497838020324707
0.9500694870948792
0.9498158097267151
0.9485069513320923
0.9467848539352417
0.9451695680618286
0.9445225596427917
0.944847822189331
0.9456333518028259
0.9464746117591858
0.9470608830451965
0.9473545551300049
0.9470324516296387
0.9462393522262573
0.9450091123580933
0.9439531564712524
0.9434045553207397
0.9434604644775391
0.9438914656639099
0.9444547891616821
0.9451658725738525
0.9459869265556335
0.9470694065093994
0.94808429479599
0.9490069150924683
0.9488829374313354
0.9478418231010437
0.9455541372299194
0.9433653950691223
0.94219970703125
0.9424598813056946
0.9435442090034485
0.9446427822113037
0.9455017447471619
0.9456846714019775
0.9452677965164185
0.9440140724182129
0.9425606727600098
0.9414365291595459
0.9411367177963257
0.9415135383605957
0.9421647191047668
0.942902147769928
0.9435752630233765
0.9442455172538757
0.9445878863334656
0.9445879459381104
0.9437834024429321
0.9425272345542908
0.9410431385040283
0.9400852918624878
0.9398965239524841
0.9403069615364075
0.9409887790679932
0.9417001605033875
0.942458987236023
0.9430456161499023
0.9434730410575867
0.9432474374771118
0.9424953460693359
0.9410650730133057
0.9396750926971436
0.9387928247451782
0.9387211203575134
0.9392077326774597
0.9398559331893921
0.9405510425567627
0.9411322474479675
0.9416359663009644
0.9417291879653931
0.9414713978767395
0.9405176639556885
0.9392948150634766
0.9381074905395508
0.9375109076499939
0.9375612139701843
0.9380009174346924
0.9386058449745178
0.9392343163490295
0.9399921298027039
0.9407058954238892
0.9414035081863403
0.9415349960327148
0.9411567449569702
0.9398525953292847
0.9382616877555847
0.9368411898612976
0.9362744688987732
0.9365348815917969
0.9372252225875854
0.9380738735198975
0.9388792514801025
0.9396985769271851
0.9401757717132568
0.9402945041656494
0.9395325779914856
0.9382202625274658
0.9365658164024353
0.9354499578475952
0.9351913332939148
0.9356379508972168
0.9364267587661743
0.937275767326355
0.9382458925247192
0.9391599297523499
0.9399862885475159
0.9401125907897949
0.9395286440849304
0.937791645526886
0.935840368270874
0.9344040751457214
0.9341715574264526
0.9348640441894531
0.9358540773391724
0.9368569850921631
0.9375766515731812
0.9379842281341553
0.9376432299613953
0.9366934895515442
0.9351440668106079
0.933801531791687
0.9331345558166504
0.9332746863365173
0.9338974952697754
0.9346565008163452
0.9355407953262329
0.9364029169082642
0.9373199343681335
0.9377966523170471
0.9377347230911255
0.9365451335906982
0.9348377585411072
0.9330208897590637
0.9320933818817139
0.9322214722633362
0.9329878687858582
0.9339537024497986
0.9347808361053467
0.9355055093765259
0.9357675909996033
0.9355909824371338
0.9345722198486328
0.9331789612770081
0.9317678213119507
0.9310476779937744
0.931102991104126
0.9316474199295044
0.9324169158935547
0.9332472681999207
0.9342303276062012
0.9351279735565186
0.9359597563743591
0.9360150098800659
0.9353879690170288
0.933620035648346
0.9316785931587219
0.9302393794059753
0.9299685955047607
0.9306116700172424
0.9315755367279053
0.9325793981552124
0.9333299398422241
0.9338392019271851
0.9336388111114502
0.9328472018241882
0.9313459396362305
0.9299197793006897
0.9290467500686646
0.9290149211883545
0.9295552968978882
0.9303014278411865
0.9311926364898682
0.9321110248565674
0.9331656098365784
0.9339441657066345
0.9343858361244202
0.9336336255073547
0.9320905208587646
0.9299072623252869
0.928339958190918
0.9279459714889526
0.9285755157470703
0.9296779632568359
0.9307692646980286
0.9318332076072693
0.932413637638092
0.9324853420257568
0.9314542412757874
0.9298389554023743
0.9280593395233154
0.927098274230957
0.9271588325500488
0.9278700351715088
0.9288021922111511
0.9296407699584961
0.9304394721984863
0.930840253829956
0.9308309555053711
0.9299493432044983
0.9285937547683716
0.9270585775375366
0.9261449575424194
0.9260672330856323
0.9265834093093872
0.9273609519004822
0.9281527996063232
0.9290587306022644
0.9298564791679382
0.9305343627929688
0.9305130839347839
0.9298586249351501
0.9282331466674805
0.9265017509460449
0.9252499341964722
0.9250290393829346
0.9256023168563843
0.926477313041687
0.9274803400039673
0.9284251928329468
0.9293724298477173
0.9297801852226257
0.9295810461044312
0.9282439947128296
0.926448404788971
0.9247630834579468
0.9240772724151611
0.924414873123169
0.9252660274505615
0.9262433052062988
0.9270552396774292
0.9277021288871765
0.9278051853179932
0.9274126887321472
0.9262157082557678
0.9247990846633911
0.9235815405845642
0.9231236577033997
0.923373281955719
0.9239914417266846
0.9248089790344238
0.9257346987724304
0.9269307851791382
0.9281372427940369
0.9293837547302246
0.9297183752059937
0.9291972517967224
0.9270604848861694
0.9245764017105103
0.9226465225219727
0.9222881197929382
0.9231913685798645
0.9245268106460571
0.9258689880371094
0.9267615675926208
0.9271280765533447
0.9263445138931274
0.9248087406158447
0.922863781452179
0.9216449856758118
0.9215262532234192
0.9222196936607361
0.92324298620224
0.9242284297943115
0.9252395629882812
0.9259231090545654
0.9262832999229431
0.9256524443626404
0.9243324398994446
0.9224138259887695
0.9209734201431274
0.9205182790756226
0.9209823608398438
0.9218888878822327
0.9227990508079529
0.9237074851989746
0.9243504405021667
0.924728512763977
0.9242981672286987
0.9232969284057617
0.9216701984405518
0.9202866554260254
0.9195972681045532
0.919741153717041
0.9204006791114807
0.921227753162384
0.9222150444984436
0.9232200384140015
0.9243378639221191
0.9250260591506958
0.9252240657806396
0.9240772128105164
0.9222242832183838
0.9200396537780762
0.9188098907470703
0.9188612699508667
0.9197573065757751
0.9209330081939697
0.9219400882720947
0.9227784276008606
0.9229581952095032
0.9225286245346069
0.9211472272872925
0.9195355772972107
0.9182329177856445
0.9178473949432373
0.9182606935501099
0.9190353751182556
0.9199652671813965
0.9209048748016357
0.9219670295715332
0.9227491617202759
0.9232544302940369
0.9226474761962891
0.921303391456604
0.9192042946815491
0.9175616502761841
0.916954755783081
0.9174046516418457
0.9184095859527588
0.9194970726966858
0.9206799268722534
0.9216142892837524
0.922356903553009
0.9220868349075317
0.9210362434387207
0.9190371036529541
0.9171942472457886
0.9161911606788635
0.9163339734077454
0.9172064661979675
0.9182976484298706
0.9195356965065002
0.92069411277771
0.921846866607666
0.9222267270088196
0.9218249320983887
0.9199657440185547
0.9177260994911194
0.9158592224121094
0.9153422117233276
0.9160069823265076
0.917175829410553
0.918513298034668
0.9196760654449463
0.9207426905632019
0.9210397601127625
0.9205944538116455
0.9188054203987122
0.916685938835144
0.9149906039237976
0.9145594239234924
0.9152010679244995
0.9162837266921997
0.9174952507019043
0.9185323715209961
0.9194744825363159
0.9196599721908569
0.9192185401916504
0.9176364541053772
0.9157792329788208
0.9142130017280579
0.9137159585952759
0.9141791462898254
0.9150998592376709
0.916213870048523
0.917292058467865
0.9184352159500122
0.9191096425056458
0.9192600250244141
0.9181309938430786
0.9163291454315186
0.9142401218414307
0.9130408763885498
0.913037121295929
0.9138607382774353
0.9150279760360718
0.9161912202835083
0.9173846244812012
0.9181488752365112
0.9184580445289612
0.9175255298614502
0.9158559441566467
0.9137209057807922
0.9123582243919373
0.9121782183647156
0.9129078388214111
0.914046049118042
0.9151893854141235
0.9164028167724609
0.9172526001930237
0.9176923632621765
0.9169377088546753
0.9154006242752075
0.9132450819015503
0.91172194480896
0.9113495349884033
0.9119757413864136
0.9130784273147583
0.9141969084739685
0.9153916835784912
0.9162610769271851
0.9168696403503418
0.9164502620697021
0.915258526802063
0.9131694436073303
0.9113845825195312
0.910558819770813
0.9108529686927795
0.911817193031311
0.9129717350006104
0.9143199920654297
0.91562420129776
0.9169228076934814
0.9173572063446045
0.9169775247573853
0.9149771928787231
0.912504255771637
0.9104084968566895
0.9098373055458069
0.9106153249740601
0.911937415599823
0.9133491516113281
0.9143948554992676
0.9151304364204407
0.9148239493370056
0.9137651920318604
0.9118292331695557
0.9100804924964905
0.9091460108757019
0.9092909097671509
0.9101279377937317
0.9112062454223633
0.9124965071678162
0.9138456583023071
0.9153113961219788
0.9160758256912231
0.9160395264625549
0.9142025709152222
0.9116466045379639
0.9092227220535278
0.9083759784698486
0.9090762734413147
0.9104646444320679
0.9119616746902466
0.9130414724349976
0.9136599898338318
0.9131025075912476
0.9117122888565063
0.9096627831459045
0.9081391096115112
0.9076958298683167
0.9082436561584473
0.9093057513237
0.9104903936386108
0.9119053483009338
0.913222074508667
0.9145238399505615
0.9147658944129944
0.9139748215675354
0.9115113615989685
0.9088687300682068
0.9071637988090515
0.9072177410125732
0.9084616303443909
0.9099395275115967
0.9113097190856934
0.9120185971260071
0.9120489954948425
0.9108222126960754
0.9090344309806824
0.9072083830833435
0.9063462018966675
0.9065635800361633
0.9074200391769409
0.9085473418235779
0.9097071886062622
0.9109948873519897
0.9119516015052795
0.9125069379806519
0.9117571115493774
0.9101198315620422
0.9077132940292358
0.9060016870498657
0.9055964350700378
0.906329870223999
0.9075847864151001
0.9088025689125061
0.9099869132041931
0.9106255173683167
0.910758376121521
0.9096589684486389
0.9079545736312866
0.9060484170913696
0.9049768447875977
0.9049641489982605
0.9056895971298218
0.9067835807800293
0.908002495765686
0.9094996452331543
0.910868227481842
0.9121279716491699
0.9121484160423279
0.9110424518585205
0.9083623290061951
0.9057467579841614
0.9042782783508301
0.9045361876487732
0.9058727025985718
0.90740567445755
0.9088883399963379
0.90973299741745
0.9099435806274414
0.9087128043174744
0.9067854285240173
0.9046832919120789
0.9036270976066589
0.9038198590278625
0.9047776460647583
0.9060253500938416
0.9072191715240479
0.9084094762802124
0.909075140953064
0.9092047810554504
0.9080349206924438
0.906187891960144
0.9040989279747009
0.9029564261436462
0.9030335545539856
0.903917670249939
0.9051321744918823
0.906291663646698
0.9074559807777405
0.90812748670578
0.9082501530647278
0.9071329832077026
0.9053414463996887
0.9033379554748535
0.9022477865219116
0.90233314037323
0.9031880497932434
0.9043369293212891
0.9054214954376221
0.9065076112747192
0.9071226119995117
0.9072825312614441
0.906292736530304
0.9046614170074463
0.9027373790740967
0.9016079902648926
0.9015636444091797
0.9022955298423767
0.9033711552619934
0.9044815301895142
0.9056974053382874
0.9066072106361389
0.9072555899620056
0.9068014025688171
0.9055407643318176
0.9033836126327515
0.9015784859657288
0.9007872343063354
0.9011450409889221
0.9021779298782349
0.9033962488174438
0.9048081636428833
0.9061415791511536
0.9074093103408813
0.9076676964759827
0.9069981575012207
0.9048089385032654
0.9023624658584595
0.9005454778671265
0.900259256362915
0.9011784195899963
0.9025619626045227
0.9041547179222107
0.9056161642074585
0.9069547653198242
0.9071496725082397
0.906288743019104
0.9038639664649963
0.9013662338256836
0.8997884392738342
0.899820864200592
0.9009685516357422
0.9024863243103027
0.9042298793792725
0.9058096408843994
0.9072896242141724
0.9074504971504211
0.906416654586792
0.9036387801170349
0.9008671045303345
0.8992134928703308
0.8993728160858154
0.9007439613342285
0.9024609327316284
0.9043583273887634
0.9058997631072998
0.9070701599121094
0.9065825939178467
0.9048519134521484
0.9017950296401978
0.8993672728538513
0.8985567688941956
0.8993825316429138
0.9010315537452698
0.9026995897293091
0.9043861031532288
0.9053677320480347
0.9055829048156738
0.9040679931640625
0.9017192721366882
0.8992016911506653
0.8980100154876709
0.8983585834503174
0.8996027708053589
0.9011881351470947
0.90265953540802
0.9040677547454834
0.904597282409668
0.9042677283287048
0.9023182392120361
0.899863600730896
0.897847592830658
0.8973736763000488
0.8982117176055908
0.8995623588562012
0.9010281562805176
0.9022077322006226
0.9031432867050171
0.9030287861824036
0.9020715355873108
0.8999770879745483
0.8979570865631104
0.8967934846878052
0.8969026207923889
0.8978564143180847
0.8990885019302368
0.9005265235900879
0.9019072651863098
0.903264045715332
0.9036765098571777
0.903130292892456
0.9009150266647339
0.8983582258224487
0.8964490294456482
0.8961852192878723
0.8971978425979614
0.8986404538154602
0.9001656174659729
0.9013252258300781
0.902153491973877
0.9017660021781921
0.9004453420639038
0.8981586694717407
0.8962738513946533
0.8955188393592834
0.8959968686103821
0.8971742391586304
0.8985399603843689
0.900142252445221
0.9016466736793518
0.9030425548553467
0.9031853675842285
0.9021866917610168
0.899471640586853
0.8967189192771912
0.8950988054275513
0.8952922821044922
0.8966699838638306
0.8983249068260193
0.900053083896637
0.9012753963470459
0.9019811749458313
0.9010660648345947
0.8990800976753235
0.89640212059021
0.8947162628173828
0.8946215510368347
0.8956974744796753
0.8972121477127075
0.8985726833343506
0.8997623920440674
0.9001491069793701
0.8997873663902283
0.89810711145401
0.8960626125335693
0.894357442855835
0.8938691020011902
0.8944560289382935
0.8955438137054443
0.896833598613739
0.8980611562728882
0.8993241786956787
0.8999619483947754
0.8999876976013184
0.8985564112663269
0.8964892625808716
0.8943219184875488
0.8932944536209106
0.8935731053352356
0.8946294188499451
0.8959899544715881
0.8973144888877869
0.8986766934394836
0.8994079232215881
0.8995355367660522
0.898223876953125
0.8962054252624512
0.8939557075500488
0.8927744626998901
0.8929080963134766
0.8938965797424316
0.895267903804779
0.8966699838638306
0.8982005715370178
0.8992286920547485
0.8996967077255249
0.8985332250595093
0.896408200263977
0.8938003182411194
0.8923142552375793
0.8923572897911072
0.8934549689292908
0.8949987888336182
0.8965456485748291
0.8981489539146423
0.8990641832351685
0.8992598056793213
0.8976790308952332
0.8952630162239075
0.8927498459815979
0.8916617035865784
0.8921395540237427
0.8934835195541382
0.8951787948608398
0.8968488574028015
0.8986060619354248
0.8994253873825073
0.8992981910705566
0.8971978425979614
0.8943951725959778
0.8918964266777039
0.8911811709403992
0.8920971155166626
0.8937481641769409
0.8956512212753296
0.8973084688186646
0.8987277150154114
0.8987407684326172
0.8975645303726196
0.894761323928833
0.892102837562561
0.8907310962677002
0.8911412954330444
0.892622709274292
0.8943274021148682
0.8961032032966614
0.8973471522331238
0.8980122804641724
0.8969583511352539
0.89484703540802
0.8920701146125793
0.8904016613960266
0.8903666138648987
0.89150071144104
0.8930893540382385
0.8945776224136353
0.8960070013999939
0.8966410160064697
0.8964548110961914
0.8947350978851318
0.8924195766448975
0.8903290033340454
0.8896306157112122
0.8902630805969238
0.8915280103683472
0.893012523651123
0.8943440914154053
0.895566463470459
0.8958349227905273
0.8952102661132812
0.8931646347045898
0.8909102082252502
0.8893260955810547
0.8891540765762329
0.8900498151779175
0.8913278579711914
0.8927515745162964
0.8939837217330933
0.8950411677360535
0.8951065540313721
0.8943130970001221
0.8922500610351562
0.8900997638702393
0.8886907696723938
0.8886415362358093
0.8895655274391174
0.8908182382583618
0.8922205567359924
0.8934374451637268
0.8944720029830933
0.8944686651229858
0.8936014175415039
0.8915004134178162
0.889399528503418
0.8880943059921265
0.8881264925003052
0.8890871405601501
0.8903812766075134
0.8919070363044739
0.8934187889099121
0.8949364423751831
0.8954622745513916
0.8950115442276001
0.8927524089813232
0.890072226524353
0.8879659175872803
0.8875415325164795
0.8884996771812439
0.8900626301765442
0.8919854760169983
0.8939623832702637
0.8960549831390381
0.8970719575881958
0.8969078660011292
0.8942728638648987
0.8908340930938721
0.8878877758979797
0.8871862888336182
0.8884305357933044
0.8905184268951416
0.8929886221885681
0.8952111005783081
0.8971397876739502
0.8970165252685547
0.8951654434204102
0.8912537097930908
0.8879762887954712
0.8868168592453003
0.8879317045211792
0.8902167081832886
0.8925967216491699
0.8950027823448181
0.8963049054145813
0.8964322805404663
0.8939476609230042
0.8904644846916199
0.8873180150985718
0.886448323726654
0.887646496295929
0.8897379636764526
0.8920702934265137
0.8938856720924377
0.8950940370559692
0.8942998647689819
0.8920130133628845
0.8885864615440369
0.8863372802734375
0.8861443996429443
0.8875176906585693
0.8894879221916199
0.8912471532821655
0.8927136659622192
0.8928988575935364
0.8918825387954712
0.8892690539360046
0.886756956577301
0.8854592442512512
0.8858421444892883
0.8872129917144775
0.8887141942977905
0.8901813626289368
0.8910884261131287
0.8913618326187134
0.8901792764663696
0.8882219791412354
0.8860300779342651
