# lbfgs, lr=0.8, alpha = 1000000, beta = 0.1
# best_iter: 65, best_loss = 0.033315543085336685, imsave period = 10
6.048311710357666
0.3101120889186859
0.1442868858575821
0.08995111286640167
0.07130525261163712
0.060341961681842804
0.05317838490009308
0.048718806356191635
0.04581720754504204
0.0434047095477581
0.041541971266269684
0.04026005417108536
0.03928549587726593
0.03854519873857498
0.037956900894641876
0.03750183433294296
0.03710447996854782
0.03678089752793312
0.036476582288742065
0.036216024309396744
0.03598816692829132
0.03576917573809624
0.035578519105911255
0.035400670021772385
0.03526068106293678
0.035104040056467056
0.0349738709628582
0.03485758230090141
0.034749604761600494
0.03464819863438606
0.03455638885498047
0.03446396440267563
0.034381210803985596
0.03430911898612976
0.03424784168601036
0.034188900142908096
0.03412465751171112
0.034062162041664124
0.03400701656937599
0.03396749496459961
0.03391220420598984
0.03388099744915962
0.03384089469909668
0.03377946466207504
0.033793527632951736
0.03373304009437561
0.03370200842618942
0.0337383896112442
0.03364429622888565
0.03362429887056351
0.033603258430957794
0.03356865793466568
0.03355991840362549
0.033554065972566605
0.03355776518583298
0.033591292798519135
0.03346226364374161
0.03522954508662224
0.03362615406513214
0.033454492688179016
0.03339170664548874
0.03422308713197708
0.03363486006855965
0.0334574431180954
0.03335782140493393
0.033315543085336685
0.284427672624588
1076.5032958984375
2457.21435546875
1223.3280029296875
14.438812255859375
0.5388590097427368
0.24725192785263062
0.16712479293346405
0.1274823546409607
0.10734225809574127
0.09558233618736267
0.08584100753068924
0.07845988869667053
0.07258813083171844
0.06703930348157883
0.06218855082988739
0.058638881891965866
0.05560016259551048
0.05288565531373024
0.0507633239030838
0.048989176750183105
0.04731878638267517
0.045849040150642395
0.04474326968193054
0.043785713613033295
0.042918767780065536
0.04217439144849777
0.04148595407605171
0.040947556495666504
0.04041881859302521
0.039969123899936676
0.03950326517224312
0.039127714931964874
0.038777027279138565
