# lbfgs, lr=0.8, alpha = 1000000, beta = 0.1
# best_iter: 99, best_loss = 0.15296049416065216, imsave period = 10
7.445793151855469
0.7968589663505554
0.4274253249168396
0.33777204155921936
0.28709086775779724
0.2564833164215088
0.23731112480163574
0.225647434592247
0.21564406156539917
0.20903664827346802
0.20313899219036102
0.19839000701904297
0.1942836344242096
0.19071531295776367
0.18766357004642487
0.1850363165140152
0.18266303837299347
0.180562824010849
0.17871013283729553
0.17701564729213715
0.17553475499153137
0.174247145652771
0.17292949557304382
0.17186546325683594
0.17084111273288727
0.16991758346557617
0.16901184618473053
0.16818314790725708
0.16740839183330536
0.16670186817646027
0.1660774201154709
0.16554561257362366
0.164946511387825
0.16443723440170288
0.16399449110031128
0.1635018289089203
0.16305863857269287
0.16264933347702026
0.162251278758049
0.16186349093914032
0.16150380671024323
0.16117149591445923
0.16084513068199158
0.160525381565094
0.160202294588089
0.15991967916488647
0.15963098406791687
0.1593628227710724
0.15911854803562164
0.15887361764907837
0.15863503515720367
0.15839625895023346
0.15816976130008698
0.15794527530670166
0.1577509045600891
0.1575404703617096
0.15736451745033264
0.1571829915046692
0.15699997544288635
0.15693746507167816
0.15670980513095856
0.1565345823764801
0.15638002753257751
0.15623074769973755
0.1560889631509781
0.15594498813152313
0.15580269694328308
0.15567441284656525
0.15554292500019073
0.15542066097259521
0.15529562532901764
0.155241459608078
0.1550866663455963
0.15497571229934692
0.15486428141593933
0.154763326048851
0.15465226769447327
0.15459862351417542
0.1544889658689499
0.15440057218074799
0.15430042147636414
0.1542295664548874
0.15414085984230042
0.1540670096874237
0.15397179126739502
0.15388798713684082
0.15381011366844177
0.15372908115386963
0.15365946292877197
0.15358194708824158
0.15351082384586334
0.15344107151031494
0.15339669585227966
0.15332908928394318
0.15326599776744843
0.15320101380348206
0.15313924849033356
0.15308116376399994
0.1530194878578186
0.15296049416065216
