# adam, lr=0.01, alpha = 1000000, beta = 0.1
# best_iter: 2995, best_loss = 0.09784699976444244, imsave period = 300
13.61706256866455
9.224088668823242
6.8323798179626465
5.858062744140625
5.320011138916016
4.785083293914795
4.4126715660095215
4.157966136932373
3.8925628662109375
3.6135339736938477
3.368847370147705
3.1680076122283936
2.991189956665039
2.830221652984619
2.6889851093292236
2.5626516342163086
2.4423534870147705
2.3292911052703857
2.2290916442871094
2.14133358001709
2.061692237854004
1.9881542921066284
1.920348048210144
1.8565515279769897
1.7952126264572144
1.7371561527252197
1.6834920644760132
1.6336047649383545
1.5867784023284912
1.5430021286010742
1.5019731521606445
1.4629402160644531
1.425755500793457
1.3906140327453613
1.3574144840240479
1.3258188962936401
1.2957640886306763
1.267150640487671
1.239729881286621
1.213380217552185
1.1881396770477295
1.163983941078186
1.140748143196106
1.1183990240097046
1.0969212055206299
1.0761736631393433
1.0561121702194214
1.0367674827575684
1.0180902481079102
1.0000262260437012
0.9825573563575745
0.9656338691711426
0.9491890668869019
0.9332356452941895
0.9177603721618652
0.9027206897735596
0.8881012797355652
0.8738805651664734
0.8600382804870605
0.8465526700019836
0.833418607711792
0.8206201195716858
0.8081325888633728
0.7959569692611694
0.7840784788131714
0.7724831700325012
0.7611589431762695
0.7501020431518555
0.7393019199371338
0.7287469506263733
0.7184267044067383
0.7083308696746826
0.6984500885009766
0.688778281211853
0.6793138384819031
0.6700455546379089
0.660967230796814
0.6520788669586182
0.6433681845664978
0.6348323225975037
0.6264684200286865
0.6182693839073181
0.6102303266525269
0.6023446917533875
0.5946080684661865
0.5870157480239868
0.5795701146125793
0.5722637176513672
0.5650898814201355
0.5580497980117798
0.5511389970779419
0.5443570613861084
0.53769850730896
0.5311616063117981
0.5247408747673035
0.5184396505355835
0.512246310710907
0.5061635375022888
0.5001927614212036
0.4943271279335022
0.48856255412101746
0.4828980565071106
0.477331280708313
0.47186121344566345
0.46648645401000977
0.4612063467502594
0.4560162127017975
0.45091503858566284
0.4458984136581421
0.4409669041633606
0.4361221194267273
0.43135905265808105
0.4266754388809204
0.4220685064792633
0.41753989458084106
0.41308507323265076
0.40870484709739685
0.4043958783149719
0.4001616835594177
0.3959980309009552
0.3919014036655426
0.38787221908569336
0.38390856981277466
0.38000866770744324
0.37617313861846924
0.3724021315574646
0.36869001388549805
0.3650391101837158
0.361446738243103
0.357911080121994
0.35443416237831116
0.3510130047798157
0.3476468026638031
0.34433481097221375
0.34107592701911926
0.33786842226982117
0.3347123861312866
0.33160510659217834
0.32854756712913513
0.3255387544631958
0.3225763738155365
0.319659948348999
0.316789835691452
0.3139655888080597
0.31118443608283997
0.3084472417831421
0.30575311183929443
0.3030989170074463
0.30048537254333496
0.2979145050048828
0.2953811585903168
0.2928875982761383
0.2904338836669922
0.2880178391933441
0.28563785552978516
0.2832944691181183
0.28098878264427185
0.2787184715270996
0.27648377418518066
0.27428367733955383
0.272116482257843
0.26998263597488403
0.26788201928138733
0.26581335067749023
0.2637763023376465
0.2617700695991516
0.25979524850845337
0.2578488886356354
0.25593259930610657
0.25404682755470276
0.2521873712539673
0.25035718083381653
0.24855375289916992
0.24677883088588715
0.24502994120121002
0.243307426571846
0.24161061644554138
0.23994053900241852
0.23829489946365356
0.23667478561401367
0.23507890105247498
0.23350726068019867
0.23195864260196686
0.23043334484100342
0.22893105447292328
0.22745126485824585
0.22599336504936218
0.22455793619155884
0.22314350306987762
0.22174999117851257
0.22037667036056519
0.2190241515636444
0.21769221127033234
0.21637919545173645
0.21508634090423584
0.21381162106990814
0.21255642175674438
0.21132045984268188
0.2101009637117386
0.20889975130558014
0.2077169418334961
0.20655280351638794
0.2054043412208557
0.20427365601062775
0.20315967500209808
0.20206183195114136
0.20097999274730682
0.1999160498380661
0.19886645674705505
0.19783297181129456
0.1968141794204712
0.19581058621406555
0.19482165575027466
0.19384634494781494
0.19288575649261475
0.19194015860557556
0.19100821018218994
0.19008928537368774
0.18918365240097046
0.1882914900779724
0.18741272389888763
0.1865469217300415
0.18569378554821014
0.18485380709171295
0.18402649462223053
0.18321070075035095
0.1824072003364563
0.18161579966545105
0.1808355748653412
0.18006743490695953
0.1793093979358673
0.1785632073879242
0.17782755196094513
0.17710259556770325
0.17638874053955078
0.175685316324234
0.1749916672706604
0.17430877685546875
0.1736353039741516
0.17297247052192688
0.17231833934783936
0.17167362570762634
0.17103946208953857
0.1704137772321701
0.16979683935642242
0.1691896766424179
0.16859108209609985
0.16800062358379364
0.16741879284381866
0.16684557497501373
0.1662811040878296
0.165724515914917
0.1651759147644043
0.16463524103164673
0.16410276293754578
0.16357730329036713
0.16305947303771973
0.16254973411560059
0.16204717755317688
0.1615513265132904
0.1610625982284546
0.16058090329170227
0.16010682284832
0.15963846445083618
0.15917736291885376
0.1587226688861847
0.15827518701553345
0.15783333778381348
0.1573975533246994
0.15696904063224792
0.15654543042182922
0.15612885355949402
0.15571796894073486
0.15531247854232788
0.15491244196891785
0.15451887249946594
0.1541305035352707
0.15374723076820374
0.15336936712265015
0.15299665927886963
0.1526298224925995
0.152267724275589
0.15191037952899933
0.15155833959579468
0.15121130645275116
0.1508684754371643
0.15053096413612366
0.15019825100898743
0.14986999332904816
0.14954611659049988
0.14922714233398438
0.14891240000724792
0.14860165119171143
0.14829567074775696
0.14799383282661438
0.14769577980041504
0.14740192890167236
0.14711248874664307
0.1468268185853958
0.1465452015399933
0.14626699686050415
0.1459924876689911
0.14572256803512573
0.1454552263021469
0.1451919823884964
0.1449321061372757
0.14467567205429077
0.1444234549999237
0.1441737413406372
0.14392735064029694
0.1436847597360611
0.1434451937675476
0.14320847392082214
0.14297518134117126
0.14274483919143677
0.14251761138439178
0.14229334890842438
0.14207211136817932
0.14185327291488647
0.1416379064321518
0.14142484962940216
0.14121490716934204
0.14100730419158936
0.140802264213562
0.140599325299263
0.14039921760559082
0.14020250737667084
0.14000706374645233
0.1398146152496338
0.13962416350841522
0.13943590223789215
0.13925021886825562
0.1390668749809265
0.13888603448867798
0.13870710134506226
0.13853038847446442
0.1383560597896576
0.1381833553314209
0.13801273703575134
0.13784463703632355
0.13767769932746887
0.13751333951950073
0.13735125958919525
0.13719043135643005
0.13703149557113647
0.1368750035762787
0.13671961426734924
0.13656634092330933
0.13641446828842163
0.13626477122306824
0.13611656427383423
0.1359703242778778
0.13582560420036316
0.13568249344825745
0.13554129004478455
0.13540124893188477
0.13526271283626556
0.13512557744979858
0.1349898874759674
0.1348557472229004
0.1347232162952423
0.13459201157093048
0.13446231186389923
0.1343342661857605
0.1342073380947113
0.13408201932907104
0.13395756483078003
0.1338345855474472
0.133713036775589
0.133592426776886
0.13347379863262177
0.1333562731742859
0.1332397758960724
0.13312438130378723
0.13300985097885132
0.13289713859558105
0.13278552889823914
0.13267461955547333
0.13256442546844482
0.13245610892772675
0.13234850764274597
0.13224220275878906
0.13213670253753662
0.1320323497056961
0.13192851841449738
0.13182589411735535
0.13172490894794464
0.1316239833831787
0.13152426481246948
0.13142551481723785
0.13132812082767487
0.13123087584972382
0.13113510608673096
0.1310398131608963
0.13094563782215118
0.13085222244262695
0.1307598054409027
0.13066792488098145
0.1305774450302124
0.13048747181892395
0.13039812445640564
0.13030987977981567
0.13022223114967346
0.1301354318857193
0.13004931807518005
0.1299634575843811
0.1298789381980896
0.1297946274280548
0.12971125543117523
0.12962913513183594
0.12954682111740112
0.12946563959121704
0.12938512861728668
0.12930506467819214
0.12922579050064087
0.12914708256721497
0.12906861305236816
0.12899145483970642
0.1289142519235611
0.128838449716568
0.12876258790493011
0.12868699431419373
0.12861287593841553
0.12853877246379852
0.12846529483795166
0.12839248776435852
0.12832024693489075
0.12824857234954834
0.12817730009555817
0.12810634076595306
0.1280359923839569
0.1279662400484085
0.12789711356163025
0.1278286874294281
0.12776023149490356
0.12769220769405365
0.12762492895126343
0.12755811214447021
0.12749163806438446
0.12742549180984497
0.1273600161075592
0.12729433178901672
0.12723006308078766
0.12716591358184814
0.1271020919084549
0.12703850865364075
0.12697550654411316
0.1269131749868393
0.12685085833072662
0.12678933143615723
0.1267279088497162
0.12666673958301544
0.12660616636276245
0.12654578685760498
0.12648603320121765
0.12642674148082733
0.12636762857437134
0.12630902230739594
0.12625065445899963
0.1261925846338272
0.1261347085237503
0.12607762217521667
0.12602069973945618
0.12596364319324493
0.125907301902771
0.1258513331413269
0.12579509615898132
0.12574005126953125
0.12568478286266327
0.12563005089759827
0.1255761831998825
0.12552179396152496
0.12546786665916443
0.12541425228118896
0.12536099553108215
0.12530802190303802
0.12525540590286255
0.1252029836177826
0.12515129148960114
0.12509900331497192
0.1250474750995636
0.12499628961086273
0.12494508922100067
0.1248941719532013
0.12484365701675415
0.12479329109191895
0.12474340200424194
0.12469345331192017
0.12464377284049988
0.12459464371204376
0.12454594671726227
0.12449739128351212
0.12444905936717987
0.12440072000026703
0.12435281276702881
0.12430503219366074
0.12425760179758072
0.12421025335788727
0.12416355311870575
0.12411689758300781
0.12407006323337555
0.12402363866567612
0.12397736310958862
0.123931884765625
0.12388619780540466
0.1238405779004097
0.1237957626581192
0.12375050783157349
0.12370605766773224
0.12366139888763428
0.12361698597669601
0.12357282638549805
0.1235283613204956
0.12348461151123047
0.12344126403331757
0.12339790165424347
0.12335452437400818
0.12331190705299377
0.12326905131340027
0.1232261061668396
0.12318383157253265
0.12314178049564362
0.12309979647397995
0.12305765599012375
0.12301598489284515
0.12297442555427551
0.12293322384357452
0.12289278209209442
0.12285108864307404
0.12281064689159393
0.12277016043663025
0.12272950261831284
0.12268940359354019
0.12264914810657501
0.12260957062244415
0.12256951630115509
0.12253011018037796
0.12249055504798889
0.12245126068592072
0.12241233885288239
0.1223735511302948
0.1223345547914505
0.12229610979557037
0.12225749343633652
0.12221945822238922
0.12218116968870163
0.12214333564043045
0.12210550159215927
0.1220679059624672
0.12203052639961243
0.12199285626411438
0.1219552755355835
0.12191849946975708
0.1218813955783844
0.12184428423643112
0.12180785089731216
0.12177106738090515
0.12173476815223694
0.12169815599918365
0.12166197597980499
0.12162581086158752
0.12158967554569244
0.12155360728502274
0.12151801586151123
0.12148219347000122
0.12144669890403748
0.1214112788438797
0.12137572467327118
0.12134028226137161
0.12130548059940338
0.12127050757408142
0.12123560160398483
0.12120101600885391
0.12116636335849762
0.12113209068775177
0.12109728157520294
0.12106320261955261
0.12102910876274109
0.12099504470825195
0.12096099555492401
0.1209276020526886
0.1208939403295517
0.12086023390293121
0.1208266094326973
0.12079358100891113
0.120759978890419
0.12072698771953583
0.12069423496723175
0.12066109478473663
0.12062886357307434
0.12059636414051056
0.12056387215852737
0.12053154408931732
0.1204996258020401
0.12046775221824646
0.12043528258800507
0.12040310353040695
0.12037121504545212
0.12033982574939728
0.12030771374702454
0.12027646601200104
0.1202450543642044
0.12021379917860031
0.1201823353767395
0.12015173584222794
0.1201200783252716
0.12008953094482422
0.1200585663318634
0.12002766132354736
0.11999741196632385
0.11996687203645706
0.11993676424026489
0.11990667879581451
0.11987628787755966
0.11984626948833466
0.11981625854969025
0.11978656053543091
0.11975623667240143
0.11972689628601074
0.11969706416130066
0.11966770887374878
0.11963797360658646
0.11960867047309875
0.1195792704820633
0.11955024302005768
0.1195211112499237
0.11949208378791809
0.11946283280849457
0.11943446099758148
0.11940497159957886
0.11937649548053741
0.11934801936149597
0.11931928247213364
0.11929066479206085
0.11926235258579254
0.11923438310623169
0.11920575797557831
0.11917787790298462
0.11914968490600586
0.11912180483341217
0.1190938949584961
0.1190657764673233
0.11903821676969528
0.11901044100522995
0.11898322403430939
0.11895580589771271
0.11892791092395782
0.11890086531639099
0.11887352168560028
0.11884643137454987
0.11881928145885468
0.11879241466522217
0.1187654435634613
0.11873826384544373
0.11871126294136047
0.1186845600605011
0.11865806579589844
0.11863173544406891
0.11860483884811401
0.1185784637928009
0.11855192482471466
0.11852581799030304
0.11849957704544067
0.11847314238548279
0.11844746768474579
0.11842118203639984
0.11839491128921509
0.11836877465248108
0.11834271252155304
0.1183168888092041
0.1182912290096283
0.11826619505882263
0.1182403415441513
0.11821505427360535
0.11818952858448029
0.11816421151161194
0.11813905835151672
0.11811359226703644
0.11808820068836212
0.11806357651948929
0.11803826689720154
0.11801330745220184
0.11798837780952454
0.1179637759923935
0.11793848872184753
0.11791390180587769
0.11788958311080933
0.11786504089832306
0.11784043908119202
0.11781597137451172
0.11779119074344635
0.11776692420244217
0.11774268746376038
0.1177183985710144
0.11769424378871918
0.11767019331455231
0.11764607578516006
0.11762204021215439
0.11759807914495468
0.11757450550794601
0.11755037307739258
0.11752711236476898
0.11750330030918121
0.11747941374778748
0.11745628714561462
0.11743296682834625
0.11740902066230774
0.11738595366477966
0.11736218631267548
0.11733953654766083
0.11731606721878052
0.11729295551776886
0.1172698438167572
0.11724673211574554
0.11722363531589508
0.11720068752765656
0.11717723309993744
0.11715450882911682
0.11713144183158875
0.11710835993289948
0.11708584427833557
0.11706308275461197
0.11704032123088837
0.11701768636703491
0.11699506640434265
0.11697258800268173
0.11695010215044022
0.11692795157432556
0.11690583825111389
0.11688292026519775
0.11686110496520996
0.11683838069438934
0.11681628227233887
0.11679400503635406
0.11677180975675583
0.11675003170967102
0.11672785133123398
0.11670595407485962
0.11668407917022705
0.11666248738765717
0.1166403591632843
0.11661852896213531
0.11659686267375946
0.1165751963853836
0.11655333638191223
0.11653213202953339
0.11651036143302917
0.11648863554000854
0.11646692454814911
0.1164461225271225
0.11642426997423172
0.11640322208404541
0.11638209223747253
0.11636056005954742
0.11633938550949097
0.11631894111633301
0.11629723012447357
0.11627595126628876
0.11625517904758453
0.11623430997133255
0.11621354520320892
0.1161927878856659
0.11617188155651093
0.11615109443664551
0.11613038182258606
0.11610972136259079
0.11608882248401642
0.11606796830892563
0.11604731529951096
0.11602669954299927
0.11600686609745026
0.11598651111125946
0.11596574634313583
0.1159452274441719
0.11592473089694977
0.11590449512004852
0.11588442325592041
0.11586394906044006
0.11584343761205673
0.11582358181476593
0.11580352485179901
0.1157829761505127
0.11576301604509354
0.11574308574199677
0.11572329699993134
0.1157030314207077
0.11568315327167511
0.11566321551799774
0.11564336717128754
0.11562368273735046
0.11560455709695816
0.1155841052532196
0.11556439101696014
0.11554531753063202
0.11552528291940689
0.11550594866275787
0.11548623442649841
0.11546704173088074
0.11544766277074814
0.11542810499668121
0.1154087632894516
0.11538945138454437
0.11537051945924759
0.11535084992647171
0.11533211916685104
0.11531254649162292
0.1152937114238739
0.11527401208877563
0.1152549684047699
0.11523620039224625
0.11521749198436737
0.11519813537597656
0.11517944186925888
0.11516024172306061
0.11514154076576233
0.11512275040149689
0.11510404199361801
0.11508524417877197
0.1150662750005722
0.11504755169153214
0.11502909660339355
0.11501041054725647
0.11499190330505371
0.11497324705123901
0.11495502293109894
0.11493648588657379
0.11491838097572327
0.1148996353149414
0.11488073319196701
0.11486326158046722
0.11484450101852417
0.11482620984315872
0.11480812728404999
0.11478966474533081
0.11477171629667282
0.1147533506155014
0.11473533511161804
0.11471717059612274
0.11469931900501251
0.11468121409416199
0.11466320604085922
0.11464505642652512
0.1146274209022522
0.11460968106985092
0.11459162831306458
0.11457361280918121
0.11455605924129486
0.11453776061534882
0.11452031135559082
0.11450263857841492
0.11448473483324051
0.11446699500083923
0.11444977670907974
0.1144317239522934
0.11441370844841003
0.1143963634967804
0.11437906324863434
0.11436128616333008
0.11434362083673477
0.11432618647813797
0.11430887877941132
0.1142912209033966
0.11427396535873413
0.11425666511058807
0.11423937976360321
0.1142217218875885
0.11420433968305588
0.11418728530406952
0.11416970938444138
0.11415229737758636
0.11413535475730896
0.11411827057600021
0.11410117149353027
0.1140839010477066
0.11406661570072174
0.11404995620250702
0.11403265595436096
0.1140153557062149
0.11399860680103302
0.11398163437843323
0.11396431177854538
0.11394764482975006
0.11393104493618011
0.11391396075487137
0.11389753222465515
0.11388078331947327
0.11386385560035706
0.11384730041027069
0.11383114755153656
0.11381508409976959
0.11379920691251755
0.11378312110900879
0.11376713216304779
0.113751620054245
0.11373607814311981
0.11371993273496628
0.11370380222797394
0.11368764936923981
0.11367093771696091
0.11365455389022827
0.11363740265369415
0.11362104117870331
0.11360432207584381
0.11358800530433655
0.1135711818933487
0.11355482041835785
0.11353863775730133
0.11352227628231049
0.11350667476654053
0.11349108815193176
0.11347563564777374
0.11346110701560974
0.11344628781080246
0.1134316697716713
0.11341673135757446
0.11340203136205673
0.11338745057582855
0.1133715808391571
0.1133555918931961
0.11333897709846497
0.11332273483276367
0.11330509185791016
0.1132882609963417
0.11327159404754639
0.11325468122959137
0.11323827505111694
0.11322256922721863
0.11320699006319046
0.1131928563117981
0.11317986249923706
0.11316681653261185
0.11315511912107468
0.11314480006694794
0.11313362419605255
0.11312220990657806
0.11310803145170212
0.11309316754341125
0.11307389289140701
0.11305417120456696
0.11303291469812393
0.1130123883485794
0.11299201101064682
0.11297331750392914
0.11295554786920547
0.1129382774233818
0.11292232573032379
0.11290736496448517
0.11289366334676743
0.11288351565599442
0.1128765419125557
0.11287543177604675
0.11287964880466461
0.11288896203041077
0.11289530992507935
0.11289645731449127
0.112877257168293
0.11284472793340683
0.11279946565628052
0.11276174336671829
0.11272834241390228
0.11270853132009506
0.1126939132809639
0.1126868799328804
0.11268604546785355
0.11269485205411911
0.11271539330482483
0.11274253576993942
0.11277247220277786
0.1127806007862091
0.11276330798864365
0.1127040907740593
0.11263641715049744
0.11257058382034302
0.112537682056427
0.11252397298812866
0.11252894252538681
0.11254378408193588
0.11256850510835648
0.11260262876749039
0.1126321330666542
0.11264853924512863
0.11262337863445282
0.11256981641054153
0.11248558014631271
0.11241842806339264
0.11237190663814545
0.11235897243022919
0.11236104369163513
0.11237864196300507
0.11240784823894501
0.11244577169418335
0.1124921441078186
0.11251703649759293
0.11251743137836456
0.11245954036712646
0.11237798631191254
0.11227962374687195
0.11221954971551895
0.11219197511672974
0.11219663172960281
0.11221650242805481
0.11224769055843353
0.11229145526885986
0.11233220994472504
0.1123666763305664
0.11235910654067993
0.11231638491153717
0.11222299933433533
0.11213232576847076
0.1120566576719284
0.11202593147754669
0.11202174425125122
0.11203863471746445
0.11206966638565063
0.11211346834897995
0.1121746376156807
0.11222907900810242
0.11226833611726761
0.11224862933158875
0.1121775358915329
0.11205121874809265
0.11194596439599991
0.1118752509355545
0.1118631362915039
0.11188322305679321
0.11192144453525543
0.11197584867477417
0.11203311383724213
0.11209053546190262
0.11211063712835312
0.11209194362163544
0.1120016872882843
0.11189217865467072
0.11177748441696167
0.11171509325504303
0.11169467866420746
0.11171074211597443
0.11174678057432175
0.11179996281862259
0.11187611520290375
0.1119561567902565
0.11203260719776154
0.11204887926578522
0.11200594902038574
0.11186759173870087
0.1117212101817131
0.11159674823284149
0.11155468225479126
0.11156683415174484
0.11161187291145325
0.11167727410793304
0.11174672842025757
0.11182130873203278
0.11186111718416214
0.11186187714338303
0.11178039759397507
0.11165893822908401
0.11151611804962158
0.11142595112323761
0.11138516664505005
0.11139319092035294
0.1114283949136734
0.11148535460233688
0.11156973242759705
0.11166869103908539
0.11178010702133179
0.11184095591306686
0.11183765530586243
0.11171391606330872
0.11153827607631683
0.1113549992442131
0.11126458644866943
0.11125561594963074
0.11130621284246445
0.1113811582326889
0.11146017163991928
0.11154558509588242
0.11159675568342209
0.11161217838525772
0.1115419864654541
0.11142284423112869
0.11126434057950974
0.11114934086799622
0.11108338832855225
0.11107984185218811
0.11110737919807434
0.11116285622119904
0.11124936491250992
0.11136554926633835
0.1115136444568634
0.1116415336728096
0.11171035468578339
0.11163786053657532
0.11145128309726715
0.11118880659341812
0.11102160811424255
0.11096411943435669
0.1110161691904068
0.11110971122980118
0.11120063066482544
0.11128155142068863
0.11130962520837784
0.11128399521112442
0.1111760064959526
0.1110435277223587
0.11090095341205597
0.11081565916538239
0.11077533662319183
0.11078064888715744
0.11081361025571823
0.11087525635957718
0.11098640412092209
0.11114846915006638
0.11137271672487259
0.11158697307109833
0.11172331124544144
0.11164551228284836
0.111374631524086
0.11099798232316971
0.1107635498046875
0.11072631180286407
0.1108466386795044
0.1110069677233696
0.1111128106713295
0.1111479327082634
0.1110672578215599
0.11092028021812439
0.11073122918605804
0.11059920489788055
0.11053398996591568
0.11054229736328125
0.11058732867240906
0.11066038906574249
0.11077650636434555
0.11092526465654373
0.1111164391040802
0.11127261072397232
0.11134433001279831
0.11122402548789978
0.1109691709280014
0.1106465607881546
0.11046351492404938
0.11044088006019592
0.11054044961929321
0.11067447066307068
0.11078137904405594
0.11085419356822968
0.11083453893661499
0.1107434332370758
0.11057250201702118
0.11041213572025299
0.11028755456209183
0.1102413609623909
0.11024384200572968
0.1102854311466217
0.1103622168302536
0.1104830801486969
0.11067668348550797
0.11092135310173035
0.11118797212839127
0.11134704202413559
0.11130449920892715
0.11098901927471161
0.11059112846851349
0.1102675050497055
0.11020838469266891
0.11032912135124207
0.11050452291965485
0.11065203696489334
0.1106884628534317
0.11062100529670715
0.11044028401374817
0.11024472862482071
0.11007696390151978
0.11000953614711761
0.11001028120517731
0.11005760729312897
0.11014515161514282
0.11026789993047714
0.11044779419898987
0.1106550320982933
0.11085785925388336
0.11094379425048828
0.11086619645357132
0.11057580262422562
0.11024106293916702
0.10997326672077179
0.10991889238357544
0.11000644415616989
0.11014910042285919
0.11028989404439926
0.11037304997444153
0.11038975417613983
0.11029331386089325
0.11013305187225342
0.1099332720041275
0.10979273170232773
0.10971496999263763
0.10971091687679291
0.10974676162004471
0.1098177507519722
0.1099414974451065
0.11012224853038788
0.11038520932197571
0.11066967993974686
0.11090199649333954
0.11092562228441238
0.11068607121706009
0.11022268980741501
0.1098429411649704
0.10967811942100525
0.10977263748645782
0.10997547209262848
0.11015638709068298
0.11027111113071442
0.1102411150932312
0.11009934544563293
0.10986025631427765
0.10965874791145325
0.10951970517635345
0.10948984324932098
0.10952278971672058
0.10959792137145996
0.10971912741661072
0.10988417267799377
0.1101168692111969
0.11036565899848938
0.11057508736848831
0.11060259491205215
0.11041657626628876
0.11000990122556686
0.1096380203962326
0.109430231153965
0.10946697741746902
0.10962404310703278
0.10979348421096802
0.10993781685829163
0.10997989028692245
0.10992858558893204
0.10975777357816696
0.10955054312944412
0.10934881120920181
0.10924512147903442
0.10921500623226166
0.10924741625785828
0.1093217134475708
0.10943827033042908
0.1096263974905014
0.10988244414329529
0.11020304262638092
0.11047760397195816
0.11058560758829117
0.11037930846214294
0.10994163155555725
0.10944804549217224
0.1092199981212616
0.1092471033334732
0.10943792760372162
0.10965273529291153
0.10978037863969803
0.10981529951095581
0.10969273746013641
0.10948032885789871
0.10922790318727493
0.10906735062599182
0.10899408161640167
0.10901255160570145
0.10908187180757523
0.10919123142957687
0.10936352610588074
0.10959669202566147
0.10989797115325928
0.11017420142889023
0.11032042652368546
0.11018737405538559
0.10982054471969604
0.10932163894176483
0.10902363061904907
0.10897109657526016
0.10912109911441803
0.10933078825473785
0.10948791354894638
0.10957632958889008
0.1095113456249237
0.1093473732471466
0.10909974575042725
0.10889992862939835
0.10876871645450592
0.1087457463145256
0.10877804458141327
0.10885109752416611
0.10898208618164062
0.10917817056179047
0.1094701886177063
0.10981268435716629
0.11014142632484436
0.11027530580759048
0.11009995639324188
0.10960511118173599
0.10909697413444519
0.10877025127410889
0.10878955572843552
0.10899205505847931
0.10922389477491379
0.10940717160701752
0.10943924635648727
0.10933304578065872
0.10907679796218872
0.10881616920232773
0.10860633105039597
0.10853929072618484
0.10856300592422485
0.10864657163619995
0.1087835431098938
0.10897176712751389
0.10923988372087479
0.10953384637832642
0.10979673266410828
0.10986214131116867
0.10966615378856659
0.10920792818069458
0.10877998173236847
0.10851064324378967
0.10852215439081192
0.10868778824806213
0.10889052599668503
0.10907533019781113
0.10915309190750122
0.10912992805242538
0.10895736515522003
0.10872554033994675
0.1084756851196289
0.10832923650741577
0.10826842486858368
0.10829106718301773
0.10836382955312729
0.1084822565317154
0.10868018865585327
0.10896088927984238
0.10933061689138412
0.10968974977731705
0.10989696532487869
0.10976600646972656
0.1093222051858902
0.10871731489896774
0.10836568474769592
0.10830682516098022
0.1084965392947197
0.10876371711492538
0.10897243767976761
0.10910502076148987
0.10905124247074127
0.10885678976774216
0.10853718966245651
0.10827627032995224
0.10811357945203781
0.10809526592493057
0.10816045105457306
0.10828081518411636
0.10847073793411255
0.10872716456651688
0.10907287150621414
0.10941611975431442
0.1096506118774414
0.10958525538444519
0.10920584201812744
0.10861626267433167
0.10821311175823212
0.10807136446237564
0.1082046777009964
0.1084524393081665
0.10868246853351593
0.10887526720762253
0.10890648514032364
0.10878786444664001
0.1084970012307167
0.10819987952709198
0.10795512050390244
0.10787035524845123
0.10788758844137192
0.10797561705112457
0.10812504589557648
0.1083381250500679
0.10866076499223709
0.10904843360185623
0.10944899916648865
0.10964594781398773
0.10949932783842087
0.1089545488357544
0.10836111009120941
0.10793653875589371
0.10792504996061325
0.1081467792391777
0.10842539370059967
0.1086784228682518
0.10877306014299393
0.10870734602212906
0.10843561589717865
0.10810539126396179
0.10780958831310272
0.10769014805555344
0.10768869519233704
0.10777761787176132
0.10792763531208038
0.10812465846538544
0.10840819031000137
0.10872411727905273
0.10901764780282974
0.10912872850894928
0.10896707326173782
0.10849863290786743
0.10802098363637924
0.10767269879579544
0.1076347753405571
0.10777676105499268
0.10798805207014084
0.10822543501853943
0.10838992893695831
0.10847271233797073
0.10837633907794952
0.1081639900803566
0.10783948004245758
0.1075902134180069
0.10743056237697601
0.10740755498409271
0.10746093839406967
0.10756945610046387
0.10775987803936005
0.10803002119064331
0.10842280089855194
0.10885662585496902
0.10920892655849457
0.10924925655126572
0.10889653861522675
0.1082216426730156
0.10769452899694443
0.10744384676218033
0.10756681114435196
0.10785208642482758
0.10812874883413315
0.10836521536111832
0.10840877890586853
0.10827868431806564
0.10794676840305328
0.10760466009378433
0.1073279157280922
0.10724719613790512
0.10727643966674805
0.1073872372508049
0.10757361352443695
0.10782118886709213
0.10818522423505783
0.10858667641878128
0.1089334636926651
0.10902062058448792
0.10874368250370026
0.10812470316886902
0.10757169127464294
0.10724747180938721
0.10730107128620148
0.1075364425778389
0.10781426727771759
0.10808782279491425
0.1082095056772232
0.1081896498799324
0.10793444514274597
0.10759693384170532
0.10724435746669769
0.10707185417413712
0.10703147947788239
0.10710303485393524
0.10724742710590363
0.10745194554328918
0.10777308791875839
0.10817074030637741
0.10861074924468994
0.10889196395874023
0.10885469615459442
0.10838156938552856
0.10778279602527618
0.10721872001886368
0.10707206279039383
0.10719345510005951
0.10745847225189209
0.10777342319488525
0.10800118744373322
0.10814379900693893
0.10806150734424591
0.10780254006385803
0.10738688707351685
0.10706432163715363
0.10686545073986053
0.10685529559850693
0.10694032907485962
0.10708726942539215
0.10732288658618927
0.10763050615787506
0.10803565382957458
0.1084209457039833
0.10864630341529846
0.10851263999938965
0.10804449766874313
0.10737287253141403
0.10696224868297577
0.10683441907167435
0.10699522495269775
0.10726895183324814
0.10753069072961807
0.1077745258808136
0.10785512626171112
0.10777568817138672
0.10746133327484131
0.10711289942264557
0.10678055882453918
0.10664577782154083
0.10662414133548737
0.10670341551303864
0.10685072839260101
0.10705409198999405
0.10737816244363785
0.10777179896831512
0.10819998383522034
0.10845645517110825
0.10838638246059418
0.1078869178891182
0.10728488862514496
0.10675744712352753
0.10663609206676483
0.10676947236061096
0.10703381896018982
0.1073441207408905
0.10757052153348923
0.10772375017404556
0.10763745754957199
0.10738372802734375
0.10696518421173096
0.10664815455675125
0.10643912106752396
0.10642427951097488
0.1065017580986023
0.10664361715316772
0.10688528418540955
0.1072092205286026
0.10766919702291489
0.10813475400209427
0.10845286399126053
0.10837189853191376
0.10790000855922699
0.10714433342218399
0.10665363073348999
0.10645787417888641
0.10661865770816803
0.10691520571708679
0.10721155256032944
0.10752089321613312
0.10763633251190186
0.10757922381162643
0.10724352300167084
0.10684291273355484
0.10644172132015228
0.1062847375869751
0.10627631843090057
0.10638971626758575
0.10658695548772812
0.10683590918779373
0.10720310360193253
0.10760797560214996
0.10798244178295135
0.10809458047151566
0.10786810517311096
0.10724472999572754
0.10667796432971954
0.10627856850624084
0.10627913475036621
0.1064675897359848
0.10673108696937561
0.10703285038471222
0.10722307115793228
0.10731978714466095
0.10717672109603882
0.10690055042505264
0.10648638755083084
0.10620687156915665
0.10602899640798569
0.10602033138275146
0.10608766227960587
0.10621754825115204
0.10644976794719696
0.10677644610404968
0.10727248340845108
0.10781823098659515
0.10826534777879715
0.10832426697015762
0.10792237520217896
0.10708606243133545
0.10646948218345642
0.10612557828426361
0.10625545680522919
0.10656735301017761
0.10689277201890945
0.10722354799509048
0.10733304917812347
0.10726581513881683
0.10689285397529602
0.10647216439247131
0.10607381910085678
0.10592658817768097
0.10591745376586914
0.1060270220041275
0.10622520744800568
0.10648921877145767
0.10690733790397644
0.10739623010158539
0.10787910223007202
0.10808764398097992
0.1078573614358902
0.1071414053440094
0.10648585855960846
0.10597669333219528
0.10597863793373108
0.10620960593223572
0.10652594268321991
0.106906458735466
0.10715945810079575
0.10728415846824646
0.10710853338241577
0.10675131529569626
0.10622717440128326
0.1059001162648201
0.10572104901075363
0.10574978590011597
0.10587719827890396
0.10607358813285828
0.10639828443527222
0.10681465268135071
0.10735001415014267
0.10779699683189392
0.10795317590236664
0.10756152868270874
0.10689489543437958
0.10611120611429214
0.10581088066101074
0.105820432305336
0.10608528554439545
0.10645568370819092
0.10676625370979309
0.1070697158575058
0.10710515081882477
0.10692440718412399
0.10644615441560745
0.10600335150957108
0.10563855618238449
0.1055498719215393
0.1056019589304924
0.1057557687163353
0.10600755363702774
0.10633222758769989
0.10679668188095093
0.10725767910480499
0.1075826957821846
0.10750048607587814
0.10703600943088531
0.10626135766506195
0.10575877130031586
0.10552413016557693
0.1056549996137619
0.10592556744813919
0.106214739382267
0.10654272139072418
0.10671302676200867
0.10675225406885147
0.10649071633815765
0.1061217188835144
0.10565968602895737
0.10541535168886185
0.1052941381931305
0.10533716529607773
0.10545562207698822
0.1056377962231636
0.10596050322055817
0.10638558864593506
0.10694582015275955
0.10745365917682648
0.10768868774175644
0.10735619068145752
0.10670572519302368
0.10585006326436996
0.10548686981201172
0.10543210804462433
0.10568276047706604
0.10604642331600189
0.10637160390615463
0.10671655088663101
0.10679556429386139
0.10667568445205688
0.10621914267539978
0.10575125366449356
0.10532665997743607
0.10520745068788528
0.10521536320447922
0.1053411141037941
0.1055678129196167
0.1058632954955101
0.10633286833763123
0.10684879869222641
0.10731635987758636
0.10744312405586243
0.10712386667728424
0.10631641000509262
0.10568128526210785
0.10524319112300873
0.10528527200222015
0.10552922636270523
0.10585484653711319
0.10626976191997528
0.1065814197063446
0.1067781075835228
0.10662771761417389
0.1062401533126831
0.10562901198863983
0.10525501519441605
0.10502347350120544
0.10506302118301392
0.10521230846643448
0.10543019324541092
0.1057995855808258
0.10622988641262054
0.10676814615726471
0.10715704411268234
0.10722630470991135
0.10676467418670654
0.10610820353031158
0.10535003244876862
0.1050921380519867
0.10510842502117157
0.10536175221204758
0.105729840695858
0.10607106238603592
0.10645714402198792
0.10660237073898315
0.10651324689388275
0.10603263974189758
0.10552928596735
0.10503023862838745
0.10488450527191162
0.10489055514335632
0.10504509508609772
0.1053047925233841
0.10562625527381897
0.10612469166517258
0.10661283135414124
0.10701688379049301
0.10698620975017548
0.10655149072408676
0.1057099774479866
0.10517863184213638
0.10485884547233582
0.1049637496471405
0.1052362322807312
0.10555986315011978
0.1059974804520607
0.10631817579269409
0.1065470278263092
0.10639627277851105
0.10598941892385483
0.10533161461353302
0.1049479991197586
0.10470028966665268
0.10474693030118942
0.10489029437303543
0.10510509461164474
0.10548161715269089
0.10591556131839752
0.1064741313457489
0.1068754717707634
0.10692489147186279
0.10641655325889587
0.10572196543216705
0.10495919734239578
0.10474183410406113
0.10476721823215485
0.10502132773399353
0.10538961738348007
0.10573378950357437
0.10616260021924973
0.10638266056776047
0.10637041181325912
0.10593460500240326
0.10541153699159622
0.10482211410999298
0.10461080819368362
0.10453999042510986
0.10465563833713531
0.10488225519657135
0.10518723726272583
0.10571013391017914
0.10631024092435837
0.10692205280065536
0.10716590285301208
0.10688748955726624
0.10601063817739487
0.10526491701602936
0.1046690046787262
0.10468509793281555
0.10490165650844574
0.1052611768245697
0.10576612502336502
0.10617747902870178
0.10656774044036865
0.10651811212301254
0.10615164041519165
0.10539859533309937
0.1048830896615982
0.10450007766485214
0.10452074557542801
0.10465116053819656
0.10488586127758026
0.10528122633695602
0.10570289939641953
0.10630739480257034
0.10674300044775009
0.10687361657619476
0.10638491809368134
0.10569779574871063
0.10484303534030914
0.10457134991884232
0.10449625551700592
0.10471577197313309
0.10507181286811829
0.10546039044857025
0.10605599731206894
0.10649513453245163
0.10676947236061096
0.10646654665470123
0.1058368980884552
0.10495239496231079
0.10456319153308868
0.1043870747089386
0.10455846786499023
0.1048540398478508
0.10522200167179108
0.10581154376268387
0.10629808902740479
0.10674045234918594
0.10664794594049454
0.10614638775587082
0.10521834343671799
0.10468035191297531
0.10432685911655426
0.10444854199886322
0.10469411313533783
0.10501415282487869
0.10550801455974579
0.10588628798723221
0.10626490414142609
0.10621268302202225
0.10581774264574051
0.10504739731550217
0.10454825311899185
0.10417674481868744
0.10421827435493469
0.10437554121017456
0.1046241745352745
0.10503710061311722
0.1054258644580841
0.10592905431985855
0.10615663975477219
0.10605848580598831
0.10543332248926163
0.10480289161205292
0.10416794568300247
0.1040630042552948
0.1041514053940773
0.10440073907375336
0.10477558523416519
0.10511211305856705
0.10552303493022919
0.10568437725305557
0.10559350252151489
0.10508231073617935
0.1045253723859787
0.10399089753627777
0.10386480391025543
0.10388980060815811
0.10406537353992462
0.10434147715568542
0.10462702810764313
0.1050594225525856
0.1053752452135086
0.10558724403381348
0.10536523908376694
0.10492400079965591
0.10424990952014923
0.10390382260084152
0.10370978713035583
0.1037975549697876
0.10397884994745255
0.10420970618724823
0.10458479821681976
0.1049148440361023
0.10526558756828308
0.10531780123710632
0.10511509329080582
0.10453718900680542
0.10408750921487808
0.10366696119308472
0.1036129966378212
0.10367193818092346
0.10383626818656921
0.10411855578422546
0.10442481935024261
0.10489028692245483
0.10528425127267838
0.10556089878082275
0.10538148880004883
0.10496249049901962
0.10420551896095276
0.10379816591739655
0.10355417430400848
0.10365234315395355
0.10384683310985565
0.10409604758024216
0.10449433326721191
0.10483577102422714
0.10521189123392105
0.10527680069208145
0.10506224632263184
0.10445410758256912
0.10396964848041534
0.10352778434753418
0.10346895456314087
0.10350868105888367
0.10367611050605774
0.1039826050400734
0.10436613857746124
0.10497041791677475
0.1055305004119873
0.10595852136611938
0.1058352068066597
0.1053021177649498
0.10435140132904053
0.10389436781406403
0.10355120897293091
0.10367456078529358
0.10388554632663727
0.10419970750808716
0.10475917160511017
0.10527759790420532
0.10597456991672516
0.10626702755689621
0.10614679753780365
0.1052989512681961
0.10455211997032166
0.10378741472959518
0.10377248376607895
0.10378876328468323
0.1040605679154396
0.1045028492808342
0.10499981045722961
0.1058950424194336
0.10655797272920609
0.10713544487953186
0.10678984224796295
0.10612949728965759
0.10481543093919754
0.10438424348831177
0.10392656922340393
0.10411858558654785
0.10431967675685883
0.10470688343048096
0.10551708936691284
0.10643480718135834
0.107852503657341
0.10875380039215088
0.1088840588927269
0.1074155792593956
0.1062011569738388
0.10466282814741135
0.10480725020170212
0.10472697764635086
0.10526078939437866
0.10605291277170181
0.10715163499116898
0.10927293449640274
0.11084779351949692
0.11218670010566711
0.11094716936349869
0.10935699194669724
0.10653738677501678
0.10644806921482086
0.10578589141368866
0.10646142065525055
0.10698016732931137
0.10840024799108505
0.1117815226316452
0.11635033786296844
0.12227994203567505
0.12414194643497467
0.12185204029083252
0.11528538167476654
0.11464406549930573
0.11145321279764175
0.11340531706809998
0.11242271959781647
0.11561326682567596
0.12312806397676468
0.14488103985786438
0.18512007594108582
0.17966040968894958
0.21405020356178284
0.1912543773651123
0.29772186279296875
0.27996864914894104
0.5365606546401978
0.3595845401287079
0.5449164509773254
0.38446909189224243
0.4674440324306488
0.36454325914382935
0.39758095145225525
0.33262479305267334
0.34172165393829346
0.2988177239894867
0.3039127290248871
0.2730714976787567
0.28268685936927795
0.2555960714817047
0.26103413105010986
0.23099687695503235
0.22229421138763428
0.20208990573883057
0.19376325607299805
0.18890619277954102
0.1840572953224182
0.18443244695663452
0.18004636466503143
0.18026190996170044
0.17254096269607544
0.16713441908359528
0.15871936082839966
0.1543239802122116
0.15278306603431702
0.15160547196865082
0.15072521567344666
0.14738290011882782
0.14407353103160858
0.14096805453300476
0.13917016983032227
0.13827137649059296
0.13710522651672363
0.1356290876865387
0.13361722230911255
0.1318739950656891
0.13065357506275177
0.12976792454719543
0.1288844645023346
0.12768761813640594
0.126460999250412
0.12542743980884552
0.12463613599538803
0.12393035739660263
0.12310528755187988
0.12223808467388153
0.1214628517627716
0.12082355469465256
0.1202445775270462
0.11961814761161804
0.11897613853216171
0.11839517951011658
0.1178896427154541
0.11741222441196442
0.11691821366548538
0.11642967164516449
0.11598867177963257
0.1155875101685524
0.11519776284694672
0.11480391025543213
0.11442772299051285
0.11408479511737823
0.11375902593135834
0.11343669146299362
0.11312215775251389
0.11282613128423691
0.11255043745040894
0.1122816726565361
0.11201818287372589
0.11176653206348419
0.11152853816747665
0.11130125820636749
0.11107859015464783
0.11086242645978928
0.11065725982189178
0.11046046018600464
0.11026907712221146
0.11008335649967194
0.10990472137928009
0.10973352938890457
0.10956794768571854
0.10940655320882797
0.1092502623796463
0.1090996041893959
0.10895427316427231
0.10881268978118896
0.10867492109537125
0.10854240506887436
0.10841364413499832
0.10828863084316254
0.10816705971956253
0.10804901272058487
0.10793393850326538
0.10782178491353989
0.10771315544843674
0.10760730504989624
0.10750409215688705
0.10740358382463455
0.10730595141649246
0.10721030086278915
0.1071176752448082
0.10702700167894363
0.10693857073783875
0.1068527102470398
0.10676779597997665
0.1066858172416687
0.1066056340932846
0.10652661323547363
0.10644987225532532
0.10637498646974564
0.10630154609680176
0.10622945427894592
0.10615915060043335
0.1060902550816536
0.10602321475744247
0.1059572845697403
0.10589274764060974
0.10582974553108215
0.10576777905225754
0.10570695251226425
0.105647511780262
0.10558879375457764
0.10553155094385147
0.10547548532485962
0.10542050004005432
0.10536639392375946
0.10531351715326309
0.10526163876056671
0.10521019995212555
0.10515950620174408
0.10511035472154617
0.10506188869476318
0.1050136461853981
0.1049666479229927
0.10492054373025894
0.10487435758113861
0.104829803109169
0.10478565841913223
0.10474219918251038
0.10469940304756165
0.10465706139802933
0.10461577773094177
0.10457484424114227
0.10453430563211441
0.10449488461017609
0.10445544123649597
0.10441680252552032
0.10437886416912079
0.10434138774871826
0.10430455207824707
0.10426811128854752
0.10423219949007034
0.10419654846191406
0.10416154563426971
0.10412698984146118
0.10409273207187653
0.10405897349119186
0.10402566194534302
0.10399311780929565
0.10396088659763336
0.10392838716506958
0.10389678925275803
0.10386572033166885
0.10383483022451401
0.10380435734987259
0.10377451777458191
0.10374458134174347
0.1037149429321289
0.10368627309799194
0.10365728288888931
0.10362877696752548
0.10360050201416016
0.10357294231653214
0.10354524105787277
0.10351821780204773
0.10349071025848389
0.10346436500549316
0.10343809425830841
0.10341192781925201
0.10338609665632248
0.10336033999919891
0.10333476960659027
0.10330961644649506
0.10328518599271774
0.10326045751571655
0.10323640704154968
0.10321228951215744
0.10318860411643982
0.1031649187207222
0.10314135253429413
0.10311827808618546
0.10309518873691559
0.10307243466377258
0.10304990410804749
0.10302725434303284
0.10300515592098236
0.10298338532447815
0.10296163707971573
0.10294021666049957
0.10291877388954163
0.10289771109819412
0.1028766855597496
0.10285559296607971
0.10283512622117996
0.10281486809253693
0.10279424488544464
0.1027740016579628
0.10275433957576752
0.10273420810699463
0.10271477699279785
0.10269542038440704
0.1026759073138237
0.10265634953975677
0.10263749957084656
0.10261841863393784
0.10259945690631866
0.10258100926876068
0.10256250202655792
0.10254457592964172
0.10252636671066284
0.10250858217477798
0.10249035060405731
0.10247259587049484
0.1024552583694458
0.10243768990039825
0.10242006182670593
0.1024029403924942
0.10238605737686157
0.1023690477013588
0.1023525595664978
0.1023358702659607
0.1023191288113594
0.10230249166488647
0.102286197245121
0.10227014124393463
0.1022537350654602
0.10223811864852905
0.10222214460372925
0.10220610350370407
0.10219031572341919
0.10217484831809998
0.10215943306684494
0.1021438017487526
0.10212875157594681
0.10211305320262909
0.10209803283214569
0.10208314657211304
0.10206851363182068
0.10205352306365967
0.1020386666059494
0.102024145424366
0.10200941562652588
0.10199496895074844
0.1019807904958725
0.10196664929389954
0.10195166617631912
0.10193812847137451
0.10192377865314484
0.1019100770354271
0.10189583897590637
0.10188224166631699
0.10186827927827835
0.10185502469539642
0.10184168070554733
0.10182739049196243
0.10181409865617752
0.10180079936981201
0.10178763419389725
0.10177429020404816
0.10176137089729309
0.10174838453531265
0.10173527151346207
0.10172224789857864
0.10170964896678925
0.10169630497694016
0.10168388485908508
0.10167118161916733
0.10165804624557495
0.10164567083120346
0.10163351148366928
0.10162085294723511
0.1016085296869278
0.10159611701965332
0.10158365219831467
0.10157141089439392
0.10155946016311646
0.10154709964990616
0.10153555124998093
0.10152305662631989
0.10151137411594391
0.10149914771318436
0.10148759186267853
0.10147589445114136
0.10146400332450867
0.10145263373851776
0.10144103318452835
0.10142961144447327
0.10141795873641968
0.101406529545784
0.10139534622430801
0.10138362646102905
0.10137243568897247
0.10136091709136963
0.10134989768266678
0.10133872926235199
0.10132787376642227
0.10131678730249405
0.10130566358566284
0.10129471123218536
0.10128360986709595
0.10127252340316772
0.10126157104969025
0.10125092417001724
0.10123996436595917
0.10122910141944885
0.10121824592351913
0.10120783746242523
0.10119768232107162
0.10118694603443146
0.10117648541927338
0.10116570442914963
0.10115514695644379
0.10114473104476929
0.1011340320110321
0.10112401843070984
0.10111363232135773
0.1011037677526474
0.10109347105026245
0.10108350217342377
0.10107347369194031
0.10106371343135834
0.10105355829000473
0.10104326903820038
0.10103360563516617
0.10102345794439316
0.10101378709077835
0.10100410878658295
0.10099417716264725
0.10098448395729065
0.10097503662109375
0.1009654849767685
0.10095679014921188
0.10094714909791946
0.1009380966424942
0.10092946887016296
0.10091990977525711
0.10091135650873184
0.10090317577123642
0.10089395195245743
0.10088527202606201
0.10087664425373077
0.10086815804243088
0.10085871815681458
0.10085032880306244
0.10084014385938644
0.10083207488059998
0.10082223266363144
0.10081358253955841
0.100803442299366
0.10079510509967804
0.1007857397198677
0.10077745467424393
0.10076846182346344
0.10076039284467697
0.10075145214796066
0.1007431373000145
0.100734181702137
0.10072582960128784
0.1007164716720581
0.10070832073688507
0.10069926828145981
0.1006917804479599
0.10068240761756897
0.1006753146648407
0.10066644847393036
0.10065913945436478
0.10065067559480667
0.10064269602298737
0.10063391923904419
0.10062592476606369
0.10061649233102798
0.1006082221865654
0.10059832036495209
0.10059059411287308
0.10058096051216125
0.10057370364665985
0.10056420415639877
0.1005573645234108
0.10054886341094971
0.10054190456867218
0.10053443908691406
0.10052797198295593
0.10052067041397095
0.10051430016756058
0.10050590336322784
0.10049904882907867
0.10048923641443253
0.10048144310712814
0.10047119855880737
0.10046279430389404
0.10045283287763596
0.10044454783201218
0.1004350483417511
0.1004275232553482
0.10041914135217667
0.10041249543428421
0.10040474683046341
0.10039970278739929
0.1003933697938919
0.10039070248603821
0.1003846749663353
0.10038190335035324
0.10037553310394287
0.10037019848823547
0.10036054998636246
0.10035153478384018
0.10033756494522095
0.10032834112644196
0.10031410306692123
0.10030488669872284
0.1002931296825409
0.10028457641601562
0.10027486830949783
0.10026891529560089
0.10026238858699799
0.1002591997385025
0.10025690495967865
0.10025893151760101
0.10026120394468307
0.10026812553405762
0.10026799142360687
0.10026879608631134
0.10025601089000702
0.1002434715628624
0.1002185046672821
0.10020174831151962
0.10018082708120346
0.10016787052154541
0.10015396028757095
0.10014419257640839
0.10013365745544434
0.10012510418891907
0.10011725127696991
0.10011130571365356
0.10010930895805359
0.10011184215545654
0.10012531280517578
0.10014687478542328
0.10017925500869751
0.10020646452903748
0.100229412317276
0.10021380335092545
0.10018614679574966
0.10012751817703247
0.10009146481752396
0.10005911439657211
0.10005120933055878
0.10004936158657074
0.10005649924278259
0.10007356107234955
0.10009516030550003
0.10013001412153244
0.10015211254358292
0.10017150640487671
0.10014744102954865
0.10011686384677887
0.10005278140306473
0.1000128760933876
0.0999777689576149
0.09996728599071503
0.09996495395898819
0.09997151792049408
0.0999913290143013
0.10001823306083679
0.10006232559680939
0.10009795427322388
0.10013140738010406
0.10011452436447144
0.10008162260055542
0.100002221763134
0.09994888305664062
0.09990230947732925
0.09989169985055923
0.0998934656381607
0.0999058336019516
0.09993357211351395
0.09996482729911804
0.10001332312822342
0.10004524886608124
0.10007332265377045
0.10004449635744095
0.10000544786453247
0.09992029517889023
0.0998673215508461
0.09981994330883026
0.09980897605419159
0.09981020539999008
0.0998222678899765
0.0998520627617836
0.09988847374916077
0.09994679689407349
0.09999146312475204
0.1000402420759201
0.10002103447914124
0.09998364746570587
0.09988187253475189
0.09981148689985275
0.09975145757198334
0.0997372716665268
0.09974252432584763
0.09976169466972351
0.09980084747076035
0.09984535723924637
0.09991136938333511
0.09995173662900925
0.09998688101768494
0.0999479591846466
0.09989504516124725
0.09978637844324112
0.09972064197063446
0.09966748207807541
0.09965784847736359
0.09966599941253662
0.09968829154968262
0.09973428398370743
0.09979084134101868
0.09987914562225342
0.09994566440582275
0.10000595450401306
0.09996847808361053
0.09990350902080536
0.09976238012313843
0.0996733084321022
0.09960708022117615
0.09960386157035828
0.09962514042854309
0.09966063499450684
0.09972549974918365
0.0997878909111023
0.09987334907054901
0.09991145879030228
0.09993258863687515
0.0998518317937851
0.09976892173290253
0.09963604062795639
0.09956791996955872
0.09952517598867416
0.09952761232852936
0.09955286979675293
0.09958987683057785
0.09966392815113068
0.09974411129951477
0.09986379742622375
0.09993530809879303
0.09998279809951782
0.0999026969075203
0.09979934990406036
0.09962321817874908
0.09953173249959946
0.09947465360164642
0.09948407858610153
0.09952515363693237
0.0995740070939064
0.09965872764587402
0.09973152726888657
0.09982556849718094
0.09985499829053879
0.09986073523759842
0.09974915534257889
0.09964370727539062
0.09949767589569092
0.099429652094841
0.09938964247703552
0.09939327090978622
0.09942615032196045
0.09947514533996582
0.0995723307132721
0.09968601912260056
0.09985046088695526
0.09996697306632996
0.10005296021699905
0.09995990246534348
0.09980833530426025
0.09955740720033646
0.09942720830440521
0.0993688702583313
0.0994076281785965
0.09948959946632385
0.09956661611795425
0.09966763854026794
0.0997161716222763
0.09976161271333694
0.09970194101333618
0.09963048249483109
0.0994788110256195
0.09937825798988342
0.09928399324417114
0.09925331920385361
0.09924773871898651
0.09926444292068481
0.09931623190641403
0.09939593821763992
0.0995541661977768
0.09974578022956848
0.10000775754451752
0.10017169266939163
0.10025034844875336
0.10003428161144257
0.09976626932621002
0.09942908585071564
0.09932713210582733
0.09934622794389725
0.09945537149906158
0.09960167109966278
0.09968208521604538
0.0997670590877533
0.09971752762794495
0.09964174032211304
0.09945902228355408
0.09932772815227509
0.09920612722635269
0.09916941821575165
0.09916442632675171
0.09918726980686188
0.09925159811973572
0.09934468567371368
0.09952352941036224
0.09973552823066711
0.10002024471759796
0.10018416494131088
0.10022765398025513
0.09995242953300476
0.09965089708566666
0.09930264949798584
0.09922045469284058
0.09926368296146393
0.09938445687294006
0.09954449534416199
0.0996287614107132
0.09971405565738678
0.09964453428983688
0.09955394268035889
0.09934701025485992
0.09921316802501678
0.0990864709019661
0.09905140846967697
0.09905276447534561
0.09908042103052139
0.09915629029273987
0.09926514327526093
0.09947477281093597
0.09973116964101791
0.10006693005561829
0.10026465356349945
0.10032106935977936
0.09998980164527893
0.09962283819913864
0.09922027587890625
0.09913557767868042
0.0992032140493393
0.09935617446899414
0.0995418131351471
0.09961205720901489
0.09965886920690536
0.09952805936336517
0.0993872806429863
0.0991671234369278
0.09904107451438904
0.0989542156457901
0.09894533455371857
0.09896872937679291
0.09901939332485199
0.09913299977779388
0.09928445518016815
0.09955079108476639
0.09982471168041229
0.10012486577033997
0.1001938134431839
0.10009709000587463
0.09965024888515472
0.09930789470672607
0.09902146458625793
0.0990329310297966
0.09916196763515472
0.0993146076798439
0.09949994087219238
0.09955795854330063
0.09958914667367935
0.09943999350070953
0.09927769005298615
0.09903956949710846
0.09891632944345474
0.09883008897304535
0.09882471710443497
0.09885794669389725
0.09891797602176666
0.09905283153057098
0.09923981875181198
0.09956713020801544
0.09991764277219772
0.10029224306344986
0.10037639737129211
0.1002562940120697
0.09969671070575714
0.09930135309696198
0.09897290915250778
0.09900307655334473
0.0991678386926651
0.09934979677200317
0.09955871105194092
0.09959901124238968
0.09960583597421646
0.09939155727624893
0.09919334948062897
0.09893405437469482
0.09881949424743652
0.0987580195069313
0.09877559542655945
0.09883323311805725
0.09891699254512787
0.09910054504871368
0.09932969510555267
0.09970645606517792
0.10004415363073349
0.10033595561981201
0.1002417653799057
0.09995009750127792
0.09933504462242126
0.09901586174964905
0.0988406091928482
0.09895343333482742
0.09915948659181595
0.09931942820549011
0.09951294958591461
0.09951269626617432
0.09948480874300003
0.09924127906560898
0.09904859960079193
0.09879940003156662
0.09869995713233948
0.09864431619644165
0.09865379333496094
0.09871260076761246
0.09880402684211731
0.0990118756890297
0.09930068254470825
0.09978070855140686
0.10025782138109207
0.10065781325101852
0.1005977913737297
0.1002398431301117
0.09943288564682007
0.09903385490179062
0.09883227944374084
0.0990101769566536
0.09927920997142792
0.09946393966674805
0.09965158998966217
0.09955200552940369
0.09942279756069183
0.09909412264823914
0.09887254983186722
0.09866711497306824
0.09861795604228973
0.09862613677978516
0.09867744147777557
0.09880833327770233
0.0989803671836853
0.09932027757167816
0.09971509873867035
0.10023079067468643
0.10050702840089798
0.10050368309020996
0.09993917495012283
0.09940486401319504
0.09882167726755142
0.09876552224159241
0.09889452159404755
0.0991218090057373
0.09941235184669495
0.09950916469097137
0.09960880130529404
0.09941329061985016
0.0992056280374527
0.0988495945930481
0.09866465628147125
0.09851802885532379
0.0985100120306015
0.09854453802108765
0.09861382842063904
0.09878277778625488
0.09899882972240448
0.09940513968467712
0.099847212433815
0.10033836960792542
0.10047577321529388
0.10033459216356277
0.09960802644491196
0.09910716116428375
0.09865391999483109
0.09870288521051407
0.09887907654047012
0.09909436851739883
0.09935805946588516
0.09940320253372192
0.09944643080234528
0.09921030700206757
0.09900061041116714
0.09866626560688019
0.09851399064064026
0.09839340299367905
0.09838270395994186
0.09841699153184891
0.09847930073738098
0.09864751994609833
0.09888727962970734
0.09934155642986298
0.09987135231494904
0.10048356652259827
0.10071727633476257
0.10057798027992249
0.09975537657737732
0.09916619956493378
0.09861452877521515
0.09868869185447693
0.09891290217638016
0.09917280822992325
0.09950406104326248
0.09955618530511856
0.09961550682783127
0.09931060671806335
0.09905834496021271
0.09865419566631317
0.09849122166633606
0.09837763011455536
0.09838823974132538
0.09845646470785141
0.098558209836483
0.09880852699279785
0.09911693632602692
0.09966086596250534
0.10018505156040192
0.10067310184240341
0.1006329283118248
0.1002480536699295
0.09929823875427246
0.09883896261453629
0.09852578490972519
0.09870482981204987
0.09896835684776306
0.09918958693742752
0.09947507828474045
0.09944872558116913
0.09943759441375732
0.09909624606370926
0.09883351624011993
0.09847601503133774
0.0983460322022438
0.09826067090034485
0.09827273339033127
0.09834536164999008
0.09845085442066193
0.09871535003185272
0.09906469285488129
0.09967274963855743
0.10025127232074738
0.10075651109218597
0.10062519460916519
0.10014373064041138
0.09911418706178665
0.09867648780345917
0.09846445173025131
0.09871168434619904
0.09906432032585144
0.09929166734218597
0.09956184029579163
0.09939968585968018
0.09926992654800415
0.09882032871246338
0.0985502079129219
0.098280169069767
0.09823425114154816
0.09822835773229599
0.09828135371208191
0.09842361509799957
0.09860274195671082
0.09900855273008347
0.0994732528924942
0.1001356691122055
0.100531205534935
0.10063004493713379
0.09996606409549713
0.09932007640600204
0.09850572049617767
0.0984472781419754
0.09852003306150436
0.09877920150756836
0.09912466257810593
0.09922216832637787
0.09942252188920975
0.0992065891623497
0.09905913472175598
0.09863688051700592
0.09841970354318619
0.09816637635231018
0.09811326116323471
0.09808680415153503
0.0981048047542572
0.09821444004774094
0.09837166965007782
0.09875323623418808
0.09927587956190109
0.1000710129737854
0.1007331907749176
0.10111944377422333
0.10060692578554153
0.09986810386180878
0.09872569143772125
0.09853020310401917
0.09848251193761826
0.09880944341421127
0.09920215606689453
0.09938564896583557
0.09972092509269714
0.09948234260082245
0.09937439858913422
0.0988462045788765
0.09856565296649933
0.09823482483625412
0.09818172454833984
0.09816254675388336
0.09820613265037537
0.09834635257720947
0.09851840138435364
0.09892340749502182
0.0993800163269043
0.10008540004491806
0.10053055733442307
0.10071904957294464
0.10008466243743896
0.0994548350572586
0.09850960969924927
0.09839660674333572
0.09838706254959106
0.09864626824855804
0.09900732338428497
0.09916956722736359
0.09948992729187012
0.09934815019369125
0.09928053617477417
0.09880746155977249
0.09850625693798065
0.09813044965267181
0.09804293513298035
0.09797985851764679
0.09801524877548218
0.09812389314174652
0.09826162457466125
0.09862162172794342
0.09905317425727844
0.09973101317882538
0.10025741904973984
0.10054237395524979
0.100075364112854
0.09947030246257782
0.09846805781126022
0.09824596345424652
0.09815661609172821
0.09841006994247437
0.09874971210956573
0.09895028173923492
0.09932246059179306
0.09923640638589859
0.09923350811004639
0.09880664944648743
0.09849517047405243
0.09806394577026367
0.09793838858604431
0.09784699976444244
0.09787707775831223
0.09797073900699615
0.0980963259935379
0.09840988367795944
