# adam, lr=0.01, alpha = 1000000, beta = 0.1
# best_iter: 2966, best_loss = 0.1573275625705719, imsave period = 300
7.445793151855469
4.539618968963623
3.1350624561309814
2.259509325027466
1.7886794805526733
1.5270938873291016
1.366416335105896
1.256036639213562
1.1673696041107178
1.0897471904754639
1.0194751024246216
0.9527151584625244
0.8903276324272156
0.834176778793335
0.7842661738395691
0.7404144406318665
0.7019453048706055
0.6676190495491028
0.6365540027618408
0.6083913445472717
0.5829687714576721
0.5598528385162354
0.5385488867759705
0.5190009474754333
0.5010414123535156
0.4845176339149475
0.46919938921928406
0.45494768023490906
0.44169187545776367
0.42943695187568665
0.4181908369064331
0.4078366458415985
0.39825546741485596
0.38941824436187744
0.3812284469604492
0.37360531091690063
0.3665286898612976
0.35992294549942017
0.35374587774276733
0.3479694724082947
0.3425690233707428
0.3374984860420227
0.3327326476573944
0.3282521963119507
0.3240317702293396
0.3200557231903076
0.3162959814071655
0.3127344846725464
0.3093632161617279
0.3061688542366028
0.3031344413757324
0.3002477288246155
0.2974966764450073
0.2948695123195648
0.29236024618148804
0.2899632453918457
0.2876684069633484
0.2854708433151245
0.28336405754089355
0.28134390711784363
0.2794065475463867
0.277543842792511
0.2757522463798523
0.274027943611145
0.27236878871917725
0.27077028155326843
0.2692292630672455
0.26774048805236816
0.26630133390426636
0.2649089992046356
0.263560026884079
0.2622510492801666
0.26098278164863586
0.25975489616394043
0.25856223702430725
0.2574046850204468
0.25628066062927246
0.25519120693206787
0.25413429737091064
0.2531183362007141
0.252158522605896
0.25133025646209717
0.25081127882003784
0.251290500164032
0.2537176311016083
0.26099035143852234
0.2629707455635071
0.2587193548679352
0.24612659215927124
0.25100672245025635
0.255088746547699
0.24470318853855133
0.24781163036823273
0.2503815293312073
0.2422565221786499
0.24616576731204987
0.24627892673015594
0.24017730355262756
0.24421533942222595
0.24253320693969727
0.23840852081775665
0.24177861213684082
0.23931774497032166
0.23666919767856598
0.23909448087215424
0.23671314120292664
0.23483458161354065
0.23649302124977112
0.23467037081718445
0.23294517397880554
0.23407286405563354
0.23300358653068542
0.23116987943649292
0.23173671960830688
0.23154914379119873
0.22975267469882965
0.22941923141479492
0.22978055477142334
0.2287573665380478
0.22761739790439606
0.22746065258979797
0.22743597626686096
0.22679689526557922
0.22583293914794922
0.2253548502922058
0.2252711057662964
0.22502949833869934
0.2245086282491684
0.223775714635849
0.22317522764205933
0.22280019521713257
0.2225695103406906
0.222394660115242
0.2221563160419464
0.2219117432832718
0.22153118252754211
0.22112733125686646
0.22059045732021332
0.22006440162658691
0.21953845024108887
0.2190847098827362
0.21869036555290222
0.21834497153759003
0.21803714334964752
0.2177797108888626
0.21765758097171783
0.2178409993648529
0.218938946723938
0.22148753702640533
0.22770002484321594
0.230806365609169
0.23096615076065063
0.2187284678220749
0.21765336394309998
0.22449317574501038
0.2197510004043579
0.21570806205272675
0.21908383071422577
0.2183426022529602
0.21507218480110168
0.21596917510032654
0.21683022379875183
0.21477019786834717
0.21388301253318787
0.21500056982040405
0.2145186811685562
0.21282580494880676
0.21286454796791077
0.21349166333675385
0.21262016892433167
0.21152479946613312
0.2114115208387375
0.21169942617416382
0.21148502826690674
0.21063169836997986
0.21000811457633972
0.20989568531513214
0.20998090505599976
0.20995573699474335
0.20957477390766144
0.2090650498867035
0.20852816104888916
0.20815818011760712
0.2079586386680603
0.20788069069385529
0.20793268084526062
0.20810022950172424
0.2086118459701538
0.20919957756996155
0.21021687984466553
0.2100808471441269
0.2092524766921997
0.20704948902130127
0.20593585073947906
0.20651818811893463
0.2073407620191574
0.20735815167427063
0.20613807439804077
0.20508147776126862
0.20496082305908203
0.2054367959499359
0.20581716299057007
0.20548616349697113
0.20483079552650452
0.20402684807777405
0.20362624526023865
0.2036588191986084
0.2038959264755249
0.2042756974697113
0.20454895496368408
0.2049490213394165
0.20474538207054138
0.20427840948104858
0.20311443507671356
0.2022220492362976
0.2020336091518402
0.2023935168981552
0.2029268443584442
0.20318542420864105
0.20334383845329285
0.2027871012687683
0.2019944190979004
0.2010917067527771
0.2007165253162384
0.20086511969566345
0.2012414187192917
0.20180365443229675
0.20224040746688843
0.2028914988040924
0.20270445942878723
0.20213951170444489
0.200599804520607
0.19956684112548828
0.19963961839675903
0.2003268003463745
0.20099076628684998
0.2009066939353943
0.20044180750846863
0.19939005374908447
0.1986343264579773
0.19851912558078766
0.1988752782344818
0.1994512975215912
0.19990044832229614
0.20053261518478394
0.20048382878303528
0.20013034343719482
0.19874821603298187
0.19761890172958374
0.19744771718978882
0.19802388548851013
0.19870486855506897
0.19890740513801575
0.19892026484012604
0.19815583527088165
0.19725379347801208
0.19652797281742096
0.19648613035678864
0.19690345227718353
0.1973923295736313
0.19817832112312317
0.1990000605583191
0.2004154771566391
0.20033788681030273
0.19934387505054474
0.19686290621757507
0.19594281911849976
0.19659970700740814
0.19710470736026764
0.19743338227272034
0.1973399668931961
0.19681943953037262
0.19539225101470947
0.1948956549167633
0.19552598893642426
0.1957787275314331
0.19585753977298737
0.19666579365730286
0.19875065982341766
0.19993773102760315
0.20152246952056885
0.20106174051761627
0.20067816972732544
0.19630426168441772
0.19438743591308594
0.19693493843078613
0.19789007306098938
0.19663560390472412
0.19551514089107513
0.19548654556274414
0.1943390965461731
0.19438955187797546
0.19575530290603638
0.19524279236793518
0.19476944208145142
0.19525405764579773
0.19520771503448486
0.19396129250526428
0.1938333809375763
0.19361327588558197
0.19271668791770935
0.19242161512374878
0.1926361322402954
0.192268967628479
0.19201785326004028
0.19244414567947388
0.19307109713554382
0.19539782404899597
0.20228269696235657
0.2229161560535431
0.23603555560112
0.24794915318489075
0.20312106609344482
0.2050189971923828
0.22977863252162933
0.21276652812957764
0.20506280660629272
0.2103288769721985
0.2073732614517212
0.20941248536109924
0.20545685291290283
0.20033679902553558
0.2073325216770172
0.2037985473871231
0.1987355500459671
0.20172840356826782
0.19866567850112915
0.19811227917671204
0.19988441467285156
0.1976097822189331
0.1984778344631195
0.19895711541175842
0.19731055200099945
0.19811087846755981
0.19626572728157043
0.19500219821929932
0.194306880235672
0.19338169693946838
0.19327449798583984
0.19348600506782532
0.19339248538017273
0.1934889256954193
0.19409111142158508
0.1934170126914978
0.19348753988742828
0.19263747334480286
0.1912979781627655
0.19078761339187622
0.19045104086399078
0.19026446342468262
0.19069930911064148
0.1909535527229309
0.19086866080760956
0.1910862922668457
0.19061227142810822
0.18996351957321167
0.18918338418006897
0.18874643743038177
0.18847855925559998
0.18849533796310425
0.18880175054073334
0.18898682296276093
0.18930211663246155
0.18956899642944336
0.18989357352256775
0.18931874632835388
0.18857735395431519
0.1876605600118637
0.1871677041053772
0.1872604936361313
0.1877007931470871
0.1880684345960617
0.18792884051799774
0.18767529726028442
0.18711747229099274
0.18657857179641724
0.18621428310871124
0.18621011078357697
0.18643741309642792
0.18666289746761322
0.18710920214653015
0.1877218782901764
0.18878021836280823
0.18906071782112122
0.18905404210090637
0.1875007450580597
0.18602590262889862
0.18556641042232513
0.186324343085289
0.18715810775756836
0.1867835521697998
0.1858038455247879
0.1850224733352661
0.1852138340473175
0.18570446968078613
0.185831218957901
0.1859264373779297
0.18570801615715027
0.18521106243133545
0.18455521762371063
0.18435299396514893
0.18451258540153503
0.18460941314697266
0.18474870920181274
0.18523019552230835
0.18649207055568695
0.1878804713487625
0.1904306411743164
0.1914757490158081
0.19234177470207214
0.18801498413085938
0.1844722032546997
0.1857200562953949
0.18826806545257568
0.18786582350730896
0.18501737713813782
0.18484577536582947
0.18590880930423737
0.18542827665805817
0.18526411056518555
0.18522067368030548
0.18426074087619781
0.18369466066360474
0.18440964818000793
0.1846581995487213
0.1839406043291092
0.1839568018913269
0.18425452709197998
0.18392950296401978
0.18344563245773315
0.18370987474918365
0.18370820581912994
0.18335038423538208
0.18333560228347778
0.18383033573627472
0.18387718498706818
0.18402817845344543
0.1844296157360077
0.18524298071861267
0.18484896421432495
0.18419264256954193
0.18328571319580078
0.18281486630439758
0.1823122203350067
0.1822510063648224
0.18293166160583496
0.18346363306045532
0.18369720876216888
0.18368276953697205
0.18419453501701355
0.1837638020515442
0.1827153116464615
0.1817232370376587
0.18180906772613525
0.18204006552696228
0.18192149698734283
0.1822301596403122
0.18307584524154663
0.1843566745519638
0.18517552316188812
0.18713682889938354
0.18829479813575745
0.1894223392009735
0.18498432636260986
0.18162290751934052
0.18280227482318878
0.18446877598762512
0.1843414008617401
0.18401972949504852
0.18487155437469482
0.18327927589416504
0.181461364030838
0.18197661638259888
0.18256136775016785
0.18201500177383423
0.18211068212985992
0.18335369229316711
0.18423712253570557
0.18654800951480865
0.18940693140029907
0.1942896544933319
0.19134408235549927
0.1863406002521515
0.18256330490112305
0.18455573916435242
0.18632517755031586
0.18599216639995575
0.18632292747497559
0.18289625644683838
0.18176397681236267
0.18411608040332794
0.1837971806526184
0.18322890996932983
0.18297624588012695
0.18246443569660187
0.18180756270885468
0.1812656968832016
0.18089818954467773
0.18116427958011627
0.18095651268959045
0.18079909682273865
0.1816132664680481
0.18288344144821167
0.18683534860610962
0.19341659545898438
0.20725643634796143
0.20515727996826172
0.19613367319107056
0.1823720484972
0.19028328359127045
0.19902916252613068
0.19102489948272705
0.1885693520307541
0.1879657655954361
0.18879061937332153
0.18867944180965424
0.18634632229804993
0.18851163983345032
0.18398472666740417
0.18378542363643646
0.1858426332473755
0.18367305397987366
0.1852911412715912
0.1852882206439972
0.18913069367408752
0.19144341349601746
0.1952466070652008
0.19265295565128326
0.18685881793498993
0.18229039013385773
0.18538786470890045
0.18819859623908997
0.18497443199157715
0.18151284754276276
0.18288108706474304
0.1839676797389984
0.18295696377754211
0.182317852973938
0.18179765343666077
0.1811639815568924
0.18098093569278717
0.18117430806159973
0.18160387873649597
0.18128237128257751
0.18049797415733337
0.18073010444641113
0.18048711121082306
0.18003062903881073
0.17954027652740479
0.1794438660144806
0.17944775521755219
0.1791134774684906
0.17882183194160461
0.17905686795711517
0.17921042442321777
0.1797945499420166
0.18083345890045166
0.18350449204444885
0.18643315136432648
0.19004589319229126
0.18585866689682007
0.18081536889076233
0.1793479025363922
0.18182232975959778
0.18298529088497162
0.18049795925617218
0.17982061207294464
0.18022306263446808
0.17971432209014893
0.180122971534729
0.17962321639060974
0.1785355508327484
0.17838650941848755
0.17892767488956451
0.17914611101150513
0.17812883853912354
0.17776620388031006
0.178041473031044
0.17758041620254517
0.177178755402565
0.17740803956985474
0.1775117814540863
0.1773575395345688
0.17770230770111084
0.17867562174797058
0.18081095814704895
0.18342894315719604
0.18841786682605743
0.1881830096244812
0.18485014140605927
0.17784792184829712
0.17941239476203918
0.18432097136974335
0.18141242861747742
0.17808797955513
0.17908628284931183
0.18004117906093597
0.17919865250587463
0.17840081453323364
0.1787789762020111
0.17829962074756622
0.177366241812706
0.17813298106193542
0.1782694011926651
0.17715731263160706
0.17696687579154968
0.17723485827445984
0.17684412002563477
0.17652881145477295
0.17642048001289368
0.17645151913166046
0.1763083040714264
0.17603498697280884
0.17616838216781616
0.17672468721866608
0.17765575647354126
0.1811227798461914
0.18822921812534332
0.2043132483959198
0.2035800814628601
0.19720041751861572
0.17978322505950928
0.18622317910194397
0.1983443945646286
0.1884315013885498
0.1823406219482422
0.18581262230873108
0.1873912811279297
0.18556857109069824
0.1824948936700821
0.184838205575943
0.18401095271110535
0.17965111136436462
0.1809978038072586
0.1825994849205017
0.18031537532806396
0.1811651736497879
0.18479661643505096
0.18754810094833374
0.19571976363658905
0.19575588405132294
0.1933463215827942
0.1817426085472107
0.18193745613098145
0.18827836215496063
0.18413446843624115
0.18062683939933777
0.18143406510353088
0.1814783364534378
0.181000754237175
0.18086937069892883
0.18030419945716858
0.1788407564163208
0.17812488973140717
0.17866115272045135
0.1781993806362152
0.1772678643465042
0.1781131476163864
0.17838795483112335
0.17874227464199066
0.18147200345993042
0.18415987491607666
0.18868568539619446
0.18601085245609283
0.18132878839969635
0.176965594291687
0.17967519164085388
0.18148157000541687
0.1791277378797531
0.17777016758918762
0.17730632424354553
0.17871318757534027
0.17839515209197998
0.17652100324630737
0.17650964856147766
0.1768568456172943
0.17708340287208557
0.17667457461357117
0.17558082938194275
0.17536073923110962
0.17568601667881012
0.1757354736328125
0.17565327882766724
0.175339937210083
0.17508751153945923
0.17472527921199799
0.1744498908519745
0.17432644963264465
0.17427852749824524
0.17433057725429535
0.17435362935066223
0.17465008795261383
0.175225168466568
0.1766543984413147
0.17861396074295044
0.18136578798294067
0.18083161115646362
0.17871275544166565
0.17455491423606873
0.1751234382390976
0.17767857015132904
0.17654208838939667
0.17475144565105438
0.17446012794971466
0.1754724085330963
0.1756611466407776
0.17439572513103485
0.17402827739715576
0.174432635307312
0.17452652752399445
0.17414884269237518
0.17377105355262756
0.1737947314977646
0.17357921600341797
0.1734188199043274
0.1735667884349823
0.17356817424297333
0.17352476716041565
0.17318658530712128
0.17289815843105316
0.172926664352417
0.17292705178260803
0.17279095947742462
0.17268860340118408
0.17258691787719727
0.17275360226631165
0.17317906022071838
0.17418184876441956
0.1763930469751358
0.18231874704360962
0.1888778954744339
0.19800472259521484
0.18609091639518738
0.17499591410160065
0.17787572741508484
0.18396449089050293
0.18265162408351898
0.17704707384109497
0.18000376224517822
0.18249469995498657
0.17630255222320557
0.17610350251197815
0.17958329617977142
0.17611587047576904
0.17520327866077423
0.17718863487243652
0.17553168535232544
0.17524772882461548
0.17666947841644287
0.17727211117744446
0.17954052984714508
0.18700534105300903
0.19086234271526337
0.19356811046600342
0.1805225908756256
0.17623206973075867
0.18194293975830078
0.18197134137153625
0.17866571247577667
0.17636562883853912
0.1781061291694641
0.1797606647014618
0.1775721311569214
0.17531637847423553
0.17528071999549866
0.1767805963754654
0.17678622901439667
0.17580541968345642
0.1750687062740326
0.17408423125743866
0.17466264963150024
0.17422153055667877
0.17402926087379456
0.17495150864124298
0.1745433509349823
0.17501744627952576
0.17509283125400543
0.17472633719444275
0.17434677481651306
0.1740439087152481
0.17323866486549377
0.1726277768611908
0.1724736988544464
0.1727198362350464
0.17296695709228516
0.17313504219055176
0.17325812578201294
0.17311112582683563
0.17332521080970764
0.17307712137699127
0.17268890142440796
0.17204898595809937
0.17153848707675934
0.17161796987056732
0.17182114720344543
0.17176246643066406
0.1718183308839798
0.17216315865516663
0.17276325821876526
0.17418846487998962
0.17526984214782715
0.17666664719581604
0.1758512705564499
0.17493575811386108
0.17348453402519226
0.17291045188903809
0.17305485904216766
0.17353789508342743
0.17366547882556915
0.17251606285572052
0.17174528539180756
0.17176049947738647
0.1724705696105957
0.17286133766174316
0.17190168797969818
0.17126567661762238
0.1713198721408844
0.17136766016483307
0.17123442888259888
0.17112448811531067
0.17140884697437286
0.1716691553592682
0.17175257205963135
0.17174026370048523
0.17228472232818604
0.17281249165534973
0.1733504831790924
0.17264069616794586
0.1717100888490677
0.17093227803707123
0.17079582810401917
0.1710551679134369
0.17111943662166595
0.17104116082191467
0.17131716012954712
0.17183005809783936
0.17137449979782104
0.17082202434539795
0.170718252658844
0.17079032957553864
0.1706167608499527
0.170425146818161
0.17018307745456696
0.17004820704460144
0.17008927464485168
0.17021925747394562
0.17020514607429504
0.17037184536457062
0.1714562624692917
0.17500142753124237
0.18195569515228271
0.19988355040550232
0.208133727312088
0.21856224536895752
0.18639838695526123
0.1809036284685135
0.19910967350006104
0.21048274636268616
0.2246638685464859
0.20247992873191833
0.20756228268146515
0.21157872676849365
0.19669580459594727
0.20002034306526184
0.20970290899276733
0.2426876425743103
0.25949251651763916
0.32866203784942627
0.23663324117660522
0.23696011304855347
0.2209148406982422
0.23736119270324707
0.284125953912735
0.2598685026168823
0.3199253976345062
0.22375847399234772
0.22695782780647278
0.23904350399971008
0.24231557548046112
0.2780762016773224
0.27552899718284607
0.3078925907611847
0.2272021472454071
0.23939494788646698
0.25290149450302124
0.2439117133617401
0.24994300305843353
0.2442632019519806
0.22240450978279114
0.22301644086837769
0.21921318769454956
0.2103775590658188
0.2098911702632904
0.20898091793060303
0.2029268741607666
0.20622090995311737
0.20876246690750122
0.2321697175502777
0.26959601044654846
0.3550008535385132
0.22395434975624084
0.22151035070419312
0.26952046155929565
0.21314838528633118
0.2239457070827484
0.23448938131332397
0.20876622200012207
0.21798112988471985
0.2155938297510147
0.20641711354255676
0.2080882042646408
0.20118479430675507
0.20393449068069458
0.19948723912239075
0.1954599916934967
0.19529762864112854
0.19465187191963196
0.19195511937141418
0.19362643361091614
0.18990084528923035
0.18981167674064636
0.18836289644241333
0.1866520345211029
0.18600185215473175
0.1854739934206009
0.1838071346282959
0.18378521502017975
0.18290048837661743
0.18222680687904358
0.18178853392601013
0.1818603128194809
0.18162119388580322
0.18345072865486145
0.18648916482925415
0.19442281126976013
0.1970209777355194
0.19611582159996033
0.18104952573776245
0.18172681331634521
0.18939976394176483
0.1814563125371933
0.17936933040618896
0.183874249458313
0.17970722913742065
0.1787036955356598
0.18056944012641907
0.17848911881446838
0.17796538770198822
0.1783507913351059
0.17743642628192902
0.17726583778858185
0.17669492959976196
0.17647147178649902
0.1766442209482193
0.17546170949935913
0.17544689774513245
0.1759035438299179
0.17477615177631378
0.17460447549819946
0.17479050159454346
0.1742067188024521
0.17421497404575348
0.17403210699558258
0.17348212003707886
0.17350555956363678
0.17343878746032715
0.173134446144104
0.17312704026699066
0.1729937493801117
0.17267964780330658
0.17259016633033752
0.1724703311920166
0.17222043871879578
0.17212912440299988
0.1720486432313919
0.17186443507671356
0.17174693942070007
0.171690434217453
0.17154955863952637
0.17141829431056976
0.17136411368846893
0.1712670624256134
0.17115317285060883
0.17111262679100037
0.17114819586277008
0.1713756024837494
0.17214606702327728
0.17450080811977386
0.17850318551063538
0.18621835112571716
0.1850566267967224
0.17878973484039307
0.17142190039157867
0.1768011450767517
0.17963868379592896
0.17230738699436188
0.17402170598506927
0.17741400003433228
0.1720830500125885
0.17320798337459564
0.17560476064682007
0.17154645919799805
0.17278729379177094
0.174249067902565
0.1710871309041977
0.1723935604095459
0.17319633066654205
0.17071889340877533
0.17193493247032166
0.17236986756324768
0.1704157143831253
0.17141713201999664
0.17172010242938995
0.17014603316783905
0.17088095843791962
0.1712016463279724
0.16992491483688354
0.1703498363494873
0.17074772715568542
0.16976141929626465
0.16984933614730835
0.17026890814304352
0.16962426900863647
0.16945557296276093
0.1697574257850647
0.16945494711399078
0.16920717060565948
0.16931995749473572
0.169207364320755
0.16901029646396637
0.1690433919429779
0.16900315880775452
0.16877731680870056
0.1687319278717041
0.1688132882118225
0.16869713366031647
0.16853627562522888
0.1685294359922409
0.16852499544620514
0.16839846968650818
0.1683063805103302
0.16830593347549438
0.16827392578125
0.16817721724510193
0.16811314225196838
0.1681022047996521
0.1680750548839569
0.16801461577415466
0.16799497604370117
0.16807731986045837
0.16834722459316254
0.168966144323349
0.17054012417793274
0.1728115975856781
0.1763574481010437
0.17516422271728516
0.17144031822681427
0.1682039201259613
0.17062684893608093
0.172615185379982
0.16961681842803955
0.1684996485710144
0.1704259067773819
0.1698845624923706
0.1683732271194458
0.16882334649562836
0.1693776696920395
0.1685917228460312
0.1681496649980545
0.16866421699523926
0.16856665909290314
0.16798922419548035
0.16810756921768188
0.1682296246290207
0.16784992814064026
0.16777464747428894
0.16791318356990814
0.16768328845500946
0.16743656992912292
0.1675681322813034
0.16762959957122803
0.16736625134944916
0.1672343760728836
0.16731838881969452
0.16726340353488922
0.16708199679851532
0.16704602539539337
0.1670970618724823
0.1670304238796234
0.16691873967647552
0.16691437363624573
0.1669851392507553
0.1670292317867279
0.16718776524066925
0.16768616437911987
0.1689157336950302
0.1704990267753601
0.17296868562698364
0.17274712026119232
0.17088830471038818
0.16762062907218933
0.16797798871994019
0.17021505534648895
0.1693720668554306
0.16738221049308777
0.1674519032239914
0.16873610019683838
0.16845645010471344
0.16704833507537842
0.1672145128250122
0.16810117661952972
0.16763201355934143
0.1668357104063034
0.16694220900535583
0.16735433042049408
0.16718727350234985
0.16670620441436768
0.16667014360427856
0.16686813533306122
0.16681233048439026
0.16663455963134766
0.16651013493537903
0.1664634793996811
0.1664215624332428
0.16641268134117126
0.1664745807647705
0.16644883155822754
0.16629354655742645
0.16610905528068542
0.16606272757053375
0.1660977602005005
0.16607677936553955
0.16601021587848663
0.16599394381046295
0.16610141098499298
0.16633132100105286
0.16681773960590363
0.16763237118721008
0.1693696528673172
0.17096179723739624
0.17267712950706482
0.17012691497802734
0.16690421104431152
0.1664782166481018
0.16851399838924408
0.16902104020118713
0.16715319454669952
0.16674187779426575
0.16767016053199768
0.16730625927448273
0.16649910807609558
0.16670086979866028
0.16707584261894226
0.16648858785629272
0.16603073477745056
0.1664835810661316
0.16654664278030396
0.16598083078861237
0.16591185331344604
0.16622987389564514
0.16601400077342987
0.16570396721363068
0.16584491729736328
0.1659722924232483
0.165789395570755
0.16581088304519653
0.16622906923294067
0.16697244346141815
0.16794346272945404
0.17017416656017303
0.1719401776790619
0.17313560843467712
0.16923479735851288
0.16611021757125854
0.16720642149448395
0.16867610812187195
0.16810569167137146
0.16727599501609802
0.16762439906597137
0.16685850918293
0.16611380875110626
0.16716137528419495
0.1672016829252243
0.165996253490448
0.1660618633031845
0.16651901602745056
0.16577696800231934
0.16566778719425201
0.16619199514389038
0.1658521145582199
0.16568435728549957
0.16612674295902252
0.16628238558769226
0.16625387966632843
0.1669331192970276
0.1673838347196579
0.16751718521118164
0.16693978011608124
0.1664326936006546
0.16562089323997498
0.16528084874153137
0.16570788621902466
0.16611436009407043
0.16612030565738678
0.16568148136138916
0.16539907455444336
0.16526257991790771
0.1651502102613449
0.16512127220630646
0.16531436145305634
0.16555534303188324
0.1655164211988449
0.16552214324474335
0.16565939784049988
0.1657739281654358
0.16541427373886108
0.16510099172592163
0.16501179337501526
0.16493229568004608
0.16472956538200378
0.16469036042690277
0.16484513878822327
0.1649821698665619
0.16519543528556824
0.16563023626804352
0.16664020717144012
0.16788841784000397
0.17007534205913544
0.17054566740989685
0.17019647359848022
0.1671731323003769
0.16577951610088348
0.16644985973834991
0.16727548837661743
0.16779367625713348
0.16674374043941498
0.16540741920471191
0.16542786359786987
0.1664608269929886
0.16657522320747375
0.16564956307411194
0.1653023064136505
0.16516496241092682
0.16525700688362122
0.16576677560806274
0.16557008028030396
0.16500899195671082
0.1648963987827301
0.16488876938819885
0.16465604305267334
0.16477566957473755
0.16503174602985382
0.16497495770454407
0.16512294113636017
0.1653006374835968
0.16529764235019684
0.16513478755950928
0.16516375541687012
0.16489534080028534
0.1645270437002182
0.16435417532920837
0.16433221101760864
0.16433727741241455
0.16449150443077087
0.16477343440055847
0.16498810052871704
0.16543233394622803
0.16599147021770477
0.16685156524181366
0.16686010360717773
0.16648641228675842
0.16518302261829376
0.16434085369110107
0.16452865302562714
0.16519205272197723
0.16550184786319733
0.16509279608726501
0.16491693258285522
0.16508516669273376
0.16517499089241028
0.164699524641037
0.16424298286437988
0.16427548229694366
0.16451570391654968
0.16461658477783203
0.16455385088920593
0.16477926075458527
0.1656343638896942
0.16776782274246216
0.17028744518756866
0.17540553212165833
0.17802628874778748
0.18143285810947418
0.17303457856178284
0.16638556122779846
0.16988033056259155
0.17500890791416168
0.17645764350891113
0.17235082387924194
0.17051821947097778
0.1691868007183075
0.17034991085529327
0.1706475466489792
0.16808804869651794
0.16978394985198975
0.16867557168006897
0.1660364717245102
0.16793346405029297
0.16766420006752014
0.16699278354644775
0.168038010597229
0.16828446090221405
0.17021825909614563
0.1739393174648285
0.17360714077949524
0.17446684837341309
0.16982722282409668
0.1667245775461197
0.16810248792171478
0.16866812109947205
0.1691788285970688
0.16751983761787415
0.16560213267803192
0.16676265001296997
0.16729159653186798
0.16683191061019897
0.1663973033428192
0.16529247164726257
0.16521380841732025
0.16588254272937775
0.16561298072338104
0.1656738817691803
0.16580091416835785
0.1653713583946228
0.16542446613311768
0.16487902402877808
0.16441166400909424
0.16451716423034668
0.16441187262535095
0.1644316017627716
0.16444917023181915
0.16430437564849854
0.16461977362632751
0.16538503766059875
0.1664350926876068
0.16899245977401733
0.17119677364826202
0.17405778169631958
0.171299010515213
0.1672525405883789
0.16542497277259827
0.16828885674476624
0.17002499103546143
0.1664906144142151
0.16475211083889008
0.16648530960083008
0.16719810664653778
0.16606533527374268
0.16447293758392334
0.16524389386177063
0.16639649868011475
0.1651991456747055
0.16426953673362732
0.1646474152803421
0.16493567824363708
0.1649179756641388
0.16433383524417877
0.16388250887393951
0.16417968273162842
0.1644030660390854
0.16424861550331116
0.16400986909866333
0.16373860836029053
0.163559228181839
0.16369694471359253
0.16381831467151642
0.1638234406709671
0.16394272446632385
0.1638994812965393
0.16374827921390533
0.16360649466514587
0.16346947848796844
0.16325432062149048
0.1631699651479721
0.16317349672317505
0.1631515771150589
0.16320912539958954
0.16337697207927704
0.16370615363121033
0.164341002702713
0.1657826453447342
0.16738544404506683
0.16968214511871338
0.16892623901367188
0.16648146510124207
0.1635114699602127
0.1645328551530838
0.16689622402191162
0.16597747802734375
0.16397127509117126
0.16370919346809387
0.16486556828022003
0.16521793603897095
0.16414034366607666
0.16344045102596283
0.16390617191791534
0.16439905762672424
0.1640622615814209
0.1633293628692627
0.16329509019851685
0.16363397240638733
0.16371813416481018
0.1635620892047882
0.16316568851470947
0.16301453113555908
0.16323724389076233
0.16335687041282654
0.1632480025291443
0.16307993233203888
0.16292868554592133
0.16277103126049042
0.1627926379442215
0.1629299521446228
0.16293959319591522
0.16292229294776917
0.16306352615356445
0.163691908121109
0.16534766554832458
0.17005980014801025
0.1760982871055603
0.18713608384132385
0.18198177218437195
0.177362322807312
0.17628905177116394
0.18852108716964722
0.18620720505714417
0.17172525823116302
0.1777912974357605
0.18417438864707947
0.1826978325843811
0.18858003616333008
0.21454408764839172
0.19464975595474243
0.18638786673545837
0.18376894295215607
0.17810145020484924
0.1759735643863678
0.1877627819776535
0.19896017014980316
0.1942380666732788
0.21314987540245056
0.19681072235107422
0.1780838519334793
0.1813403069972992
0.1840970367193222
0.17883765697479248
0.1878916621208191
0.20196327567100525
0.2046521157026291
0.23873573541641235
0.20979157090187073
0.18888884782791138
0.18478985130786896
0.19363801181316376
0.19574014842510223
0.1955752968788147
0.20027737319469452
0.17817485332489014
0.1871417760848999
0.1854913830757141
0.17991675436496735
0.18857431411743164
0.19089969992637634
0.2154518961906433
0.23464670777320862
0.2676540017127991
0.18965093791484833
0.19928033649921417
0.22037313878536224
0.2049235999584198
0.19797629117965698
0.19330880045890808
0.19175055623054504
0.1969812512397766
0.1927308738231659
0.1880548894405365
0.18772923946380615
0.18276239931583405
0.1841697245836258
0.18128935992717743
0.18138578534126282
0.18164511024951935
0.18734173476696014
0.1972980797290802
0.20812729001045227
0.22067536413669586
0.1881725788116455
0.1796272248029709
0.1936778426170349
0.18600890040397644
0.17746838927268982
0.1812817007303238
0.1812065839767456
0.1802169680595398
0.17448921501636505
0.17786887288093567
0.17846991121768951
0.17506442964076996
0.1736644208431244
0.17425014078617096
0.1730126440525055
0.17420411109924316
0.17220452427864075
0.17111605405807495
0.17097248136997223
0.17030414938926697
0.1704930067062378
0.17064863443374634
0.17023837566375732
0.17007902264595032
0.170152485370636
0.16918812692165375
0.16897962987422943
0.1682223230600357
0.16767163574695587
0.16748909652233124
0.16727083921432495
0.16703461110591888
0.16713473200798035
0.1672600507736206
0.16741588711738586
0.1681990921497345
0.1687847375869751
0.16998504102230072
0.1697375476360321
0.16859367489814758
0.1662818193435669
0.1658450961112976
0.16683118045330048
0.16717727482318878
0.16662602126598358
0.1654842495918274
0.16541050374507904
0.1659313291311264
0.16589778661727905
0.16548526287078857
0.1650744527578354
0.16485713422298431
0.16493409872055054
0.1651182323694229
0.16505764424800873
0.16475775837898254
0.16443324089050293
0.1642143279314041
0.1642211377620697
0.1643640398979187
0.16438962519168854
0.16439387202262878
0.16445587575435638
0.16454997658729553
0.16444185376167297
0.16427604854106903
0.16396495699882507
0.16372869908809662
0.16362643241882324
0.16359038650989532
0.16349467635154724
0.16344621777534485
0.16356369853019714
0.16375179588794708
0.16410313546657562
0.16459576785564423
0.1655854731798172
0.16640543937683105
0.16728127002716064
0.16605481505393982
0.1640825867652893
0.16319425404071808
0.16431939601898193
0.16516821086406708
0.16425825655460358
0.16341498494148254
0.16358505189418793
0.16386274993419647
0.16366294026374817
0.16335813701152802
0.16343063116073608
0.16342133283615112
0.1630604863166809
0.1629009246826172
0.1631503701210022
0.1632269024848938
0.16288727521896362
0.1627141386270523
0.16288051009178162
0.16292013227939606
0.16269069910049438
0.16264505684375763
0.16282987594604492
0.16300687193870544
0.16311445832252502
0.1635628491640091
0.16428342461585999
0.1654709428548813
0.1657865345478058
0.1654583364725113
0.16373619437217712
0.16290152072906494
0.16320592164993286
0.16350731253623962
0.16363438963890076
0.1634170413017273
0.16295182704925537
0.1624867469072342
0.1626918613910675
0.16315317153930664
0.16296514868736267
0.16250862181186676
0.16225099563598633
0.1622999757528305
0.16239717602729797
0.16237157583236694
0.16231319308280945
0.16236548125743866
0.1625598669052124
0.16249477863311768
0.16231466829776764
0.16233493387699127
0.1625654101371765
0.16247396171092987
0.1622665375471115
0.16217027604579926
0.1621958315372467
0.16207510232925415
0.16193918883800507
0.16181428730487823
0.16171665489673615
0.16170701384544373
0.16174519062042236
0.16166576743125916
0.16155105829238892
0.16158944368362427
0.16175514459609985
0.16202294826507568
0.16295598447322845
0.16554857790470123
0.1730516254901886
0.1824774444103241
0.1985061764717102
0.18225258588790894
0.16674065589904785
0.16905958950519562
0.1782219260931015
0.17624551057815552
0.16576522588729858
0.1704644113779068
0.17557157576084137
0.167682945728302
0.16686740517616272
0.1711287796497345
0.1679048240184784
0.1659601330757141
0.16768747568130493
0.1670301854610443
0.16590933501720428
0.16585595905780792
0.16566504538059235
0.16572065651416779
0.16510139405727386
0.1643899828195572
0.16489095985889435
0.16475214064121246
0.16376467049121857
0.1639074981212616
0.16424892842769623
0.16364479064941406
0.1634645313024521
0.16379888355731964
0.16398701071739197
0.16474315524101257
0.16674521565437317
0.16820746660232544
0.17030750215053558
0.16824498772621155
0.16444015502929688
0.16303330659866333
0.16566339135169983
0.16581672430038452
0.16328270733356476
0.16375474631786346
0.16434013843536377
0.1633077710866928
0.1634451150894165
0.16334722936153412
0.16299711167812347
0.16297252476215363
0.16244450211524963
0.16258539259433746
0.1627972424030304
0.1621021330356598
0.1621653437614441
0.1624588668346405
0.1619550585746765
0.16193874180316925
0.16205942630767822
0.16182033717632294
0.16190803050994873
0.16200849413871765
0.16193580627441406
0.1624053567647934
0.16287222504615784
0.1633613109588623
0.16368749737739563
0.1637958437204361
0.16256073117256165
0.1616445779800415
0.16159702837467194
0.161965474486351
0.1624264270067215
0.16217848658561707
0.16145315766334534
0.1611657440662384
0.16148728132247925
0.16165190935134888
0.16158084571361542
0.1614900678396225
0.16119611263275146
0.16108408570289612
0.1611826866865158
0.16110379993915558
0.16100557148456573
0.16108998656272888
0.16117487847805023
0.1611728072166443
0.16124047338962555
0.16118267178535461
0.16105477511882782
0.16104891896247864
0.16121354699134827
0.1612125188112259
0.16112472116947174
0.1609671264886856
0.16081184148788452
0.1607213318347931
0.1608228236436844
0.1608736366033554
0.1607469618320465
0.1606004238128662
0.1606208235025406
0.1607387661933899
0.16101408004760742
0.16151586174964905
0.16262772679328918
0.1643364429473877
0.16807974874973297
0.17046159505844116
0.17127034068107605
0.1641479879617691
0.16138803958892822
0.1652332991361618
0.16575774550437927
0.16379310190677643
0.1634257584810257
0.16450026631355286
0.16389033198356628
0.1620856523513794
0.16238905489444733
0.16330087184906006
0.1622084379196167
0.1615915447473526
0.16245099902153015
0.16209596395492554
0.16136670112609863
0.16196635365486145
0.1622878611087799
0.161868616938591
0.16269078850746155
0.163971409201622
0.16506458818912506
0.16492383182048798
0.16472795605659485
0.16256102919578552
0.16124098002910614
0.16208167374134064
0.16282999515533447
0.16248759627342224
0.1613897681236267
0.16105446219444275
0.16159148514270782
0.16172057390213013
0.16128012537956238
0.16118621826171875
0.16146984696388245
0.16103869676589966
0.1605883538722992
0.16071096062660217
0.16077780723571777
0.16062688827514648
0.16056714951992035
0.16055551171302795
0.1606350988149643
0.16096679866313934
0.16134396195411682
0.1622980535030365
0.1640007495880127
0.16694171726703644
0.1671333611011505
0.1655602902173996
0.16202835738658905
0.16176635026931763
0.16332656145095825
0.16319426894187927
0.16229814291000366
0.16179774701595306
0.1621571183204651
0.16186609864234924
0.1611701250076294
0.16177412867546082
0.1618661731481552
0.16083763539791107
0.16077440977096558
0.16115471720695496
0.16079534590244293
0.16072407364845276
0.1608233004808426
0.1606350690126419
0.16088911890983582
0.1610792875289917
0.16115844249725342
0.16179418563842773
0.16290538012981415
0.16302132606506348
0.1631348431110382
0.16213130950927734
0.16094082593917847
0.160559743642807
0.16103875637054443
0.16123178601264954
0.16121965646743774
0.16129492223262787
0.1605880856513977
0.16016502678394318
0.16045905649662018
0.16054004430770874
0.16058653593063354
0.16074398159980774
0.16059750318527222
0.1601743847131729
0.1600860357284546
0.16001519560813904
0.15991167724132538
0.1599806845188141
0.1599658727645874
0.15992435812950134
0.16015344858169556
0.16061878204345703
0.16115975379943848
0.1624777466058731
0.16393980383872986
0.1659119874238968
0.1651906967163086
0.16363786160945892
0.16139495372772217
0.161534383893013
0.16344060003757477
0.1637578159570694
0.16274254024028778
0.16088809072971344
0.1609080284833908
0.16187238693237305
0.16197016835212708
0.16148290038108826
0.16049350798130035
0.16046804189682007
0.16121718287467957
0.16108758747577667
0.16046136617660522
0.16038429737091064
0.16058214008808136
0.16033729910850525
0.16028957068920135
0.16038155555725098
0.16002941131591797
0.15975770354270935
0.1599627137184143
0.1600063443183899
0.15987956523895264
0.159951850771904
0.160172238945961
0.1607637256383896
0.1629352867603302
0.16697737574577332
0.17563730478286743
0.17964376509189606
0.18130290508270264
0.16829882562160492
0.16787369549274445
0.17687508463859558
0.1729113906621933
0.16861289739608765
0.17012722790241241
0.1720178723335266
0.17010825872421265
0.17228880524635315
0.17242860794067383
0.1753673106431961
0.1801624596118927
0.18581801652908325
0.17298287153244019
0.17232859134674072
0.1706632524728775
0.16615527868270874
0.17140869796276093
0.17029902338981628
0.1712774932384491
0.1727719008922577
0.17166687548160553
0.17216843366622925
0.17272093892097473
0.16721059381961823
0.168714240193367
0.1655924767255783
0.1660204529762268
0.17001867294311523
0.16867512464523315
0.17279905080795288
0.17066733539104462
0.1701187938451767
0.16732212901115417
0.1636996865272522
0.16548150777816772
0.16611701250076294
0.16663573682308197
0.16567477583885193
0.16318170726299286
0.16302698850631714
0.1634620577096939
0.16354969143867493
0.16376321017742157
0.16330769658088684
0.16374219954013824
0.16464222967624664
0.1636282354593277
0.16311632096767426
0.16214001178741455
0.16181287169456482
0.16234563291072845
0.16184063255786896
0.16130834817886353
0.16122198104858398
0.1611398607492447
0.16133767366409302
0.1609729528427124
0.16056421399116516
0.16076931357383728
0.16072800755500793
0.16055114567279816
0.16056598722934723
0.16073673963546753
0.1618502140045166
0.16596011817455292
0.17515790462493896
0.19951367378234863
0.20192542672157288
0.19321200251579285
0.1651735156774521
0.17986801266670227
0.20072191953659058
0.1785372793674469
0.17039251327514648
0.17872776091098785
0.1820375621318817
0.18015936017036438
0.16898544132709503
0.1717890501022339
0.17756426334381104
0.1758042871952057
0.17864558100700378
0.173082172870636
0.1714504361152649
0.17643743753433228
0.17428283393383026
0.1736244410276413
0.1714378297328949
0.17340204119682312
0.17703281342983246
0.17947812378406525
0.17449934780597687
0.17253358662128448
0.17073573172092438
0.1707376390695572
0.16805893182754517
0.16658413410186768
0.16797754168510437
0.16817554831504822
0.16682475805282593
0.16735634207725525
0.1698346585035324
0.17050737142562866
0.1725706160068512
0.17075058817863464
0.17033429443836212
0.16557306051254272
0.1640276461839676
0.1666596233844757
0.16633723676204681
0.16553828120231628
0.16337285935878754
0.16361549496650696
0.16437727212905884
0.16362625360488892
0.16401733458042145
0.16324886679649353
0.1630803495645523
0.16250760853290558
0.16189388930797577
0.16219866275787354
0.162103533744812
0.1621607542037964
0.16187784075737
0.16202104091644287
0.16255486011505127
0.16302531957626343
0.16322851181030273
0.16359905898571014
0.16320320963859558
0.16252484917640686
0.1612548977136612
0.160966157913208
0.16134531795978546
0.16179540753364563
0.16169065237045288
0.16089875996112823
0.16053210198879242
0.1604822725057602
0.16078339517116547
0.160859614610672
0.16051533818244934
0.16049590706825256
0.16049540042877197
0.16040705144405365
0.16013400256633759
0.1598530411720276
0.1598934382200241
0.1599477231502533
0.15989018976688385
0.1598304808139801
0.15978316962718964
0.15991002321243286
0.16036581993103027
0.1612766981124878
0.16343240439891815
0.165947824716568
0.16986724734306335
0.16821636259555817
0.16396033763885498
0.16072526574134827
0.1639087200164795
0.1662013977766037
0.16209676861763
0.16044893860816956
0.16302751004695892
0.16276171803474426
0.16064319014549255
0.1608286201953888
0.16193680465221405
0.16121548414230347
0.1602466106414795
0.16068655252456665
0.16103217005729675
0.16043773293495178
0.16006872057914734
0.16023974120616913
0.16025087237358093
0.1600886881351471
0.15989094972610474
0.1596999168395996
0.15973693132400513
0.1598464697599411
0.15965747833251953
0.15937747061252594
0.15939223766326904
0.15951935946941376
0.15944266319274902
0.15925447642803192
0.15919753909111023
0.1591929942369461
0.15911352634429932
0.15911397337913513
0.15924757719039917
0.15942460298538208
0.15987037122249603
0.1607549488544464
0.16280585527420044
0.16470834612846375
0.16661378741264343
0.16328875720500946
0.15994742512702942
0.1602446734905243
0.16221407055854797
0.16222961246967316
0.1604025661945343
0.16048365831375122
0.1615004688501358
0.16106829047203064
0.16009840369224548
0.15981629490852356
0.16029351949691772
0.1605212390422821
0.1597955971956253
0.15951065719127655
0.15998171269893646
0.16003040969371796
0.1594252586364746
0.1592857986688614
0.15976320207118988
0.16000154614448547
0.1597907543182373
0.1600887030363083
0.1605098396539688
0.16073086857795715
0.160192608833313
0.15955772995948792
0.1591728925704956
0.15934458374977112
0.15933559834957123
0.15897132456302643
0.15895316004753113
0.1592170149087906
0.15932515263557434
0.15933728218078613
0.15963853895664215
0.15993866324424744
0.16057272255420685
0.16101737320423126
0.16104251146316528
0.15983420610427856
0.15922674536705017
0.15939615666866302
0.15925976634025574
0.15906792879104614
0.1592923104763031
0.15954376757144928
0.15944147109985352
0.1594095528125763
0.15912872552871704
0.1587843894958496
0.15866951644420624
0.15874168276786804
0.15869805216789246
0.15861870348453522
0.15855129063129425
0.15843917429447174
0.15844596922397614
0.15862666070461273
0.1588658094406128
0.1593407541513443
0.1610649675130844
0.16458900272846222
0.17262165248394012
0.17745596170425415
0.18232527375221252
0.168107271194458
0.16089951992034912
0.16707980632781982
0.17227110266685486
0.17114673554897308
0.16323785483837128
0.16461582481861115
0.17074213922023773
0.17018091678619385
0.16857799887657166
0.16506534814834595
0.16603001952171326
0.1734209954738617
0.1732637584209442
0.17082859575748444
0.16748444736003876
0.16718712449073792
0.16715838015079498
0.16801421344280243
0.1671670824289322
0.16386257112026215
0.16475893557071686
0.16420087218284607
0.16415740549564362
0.16576415300369263
0.1646488904953003
0.16494150459766388
0.1627759039402008
0.1619122177362442
0.16210699081420898
0.16121572256088257
0.1617363542318344
0.16149818897247314
0.16162145137786865
0.16238093376159668
0.16316556930541992
0.16464626789093018
0.16693156957626343
0.16582798957824707
0.16370247304439545
0.1604284793138504
0.16139933466911316
0.16297045350074768
0.16198241710662842
0.1610947698354721
0.16026344895362854
0.1610364019870758
0.16120071709156036
0.16031306982040405
0.1601865589618683
0.15978452563285828
0.16007554531097412
0.1601414531469345
0.15962395071983337
0.15966996550559998
0.15949009358882904
0.15996262431144714
0.16064909100532532
0.16144061088562012
0.16323618590831757
0.1672137975692749
0.16911643743515015
0.16968944668769836
0.16269853711128235
0.16099737584590912
0.16477268934249878
0.16427724063396454
0.1621476411819458
0.16074489057064056
0.16183210909366608
0.1626349240541458
0.16104242205619812
0.1606084704399109
0.1606237292289734
0.16084465384483337
0.16099634766578674
0.15980567038059235
0.15973882377147675
0.16008317470550537
0.1600399911403656
0.15993976593017578
0.15917183458805084
0.15930216014385223
0.15940985083580017
0.15910279750823975
0.15926238894462585
0.15907013416290283
0.15894454717636108
0.15878964960575104
0.1586475521326065
0.1588524729013443
0.15879277884960175
0.15882885456085205
0.15927216410636902
0.15956605970859528
0.16030532121658325
0.16106948256492615
0.16257897019386292
0.16328442096710205
0.1637706160545349
0.16218453645706177
0.16186776757240295
0.16219563782215118
0.16265647113323212
0.1631544530391693
0.16086366772651672
0.15943452715873718
0.16018709540367126
0.16129182279109955
0.16087278723716736
0.15894781053066254
0.15922167897224426
0.1602182239294052
0.15974710881710052
0.15938031673431396
0.1589946150779724
0.1588495671749115
0.15902401506900787
0.15900872647762299
0.1590282917022705
0.1586776077747345
0.15842348337173462
0.15846826136112213
0.15834683179855347
0.1583632379770279
0.15837454795837402
0.1582941710948944
0.15849289298057556
0.15874066948890686
0.15892383456230164
0.15967337787151337
0.16038134694099426
0.16115015745162964
0.1605384647846222
0.1594797968864441
0.15848799049854279
0.15853947401046753
0.15909405052661896
0.1595967710018158
0.1596229374408722
0.15869000554084778
0.15843994915485382
0.1589953601360321
0.15927466750144958
0.15917257964611053
0.1585770845413208
0.15819239616394043
0.15811984241008759
0.1582426130771637
0.15845684707164764
0.15831595659255981
0.15798252820968628
0.15790361166000366
0.15789443254470825
0.15783311426639557
0.15798419713974
0.15809455513954163
0.15806320309638977
0.15825212001800537
0.15934497117996216
0.1619880348443985
0.16874317824840546
0.1762286126613617
0.18780452013015747
0.17494720220565796
0.16253811120986938
0.1636696755886078
0.17356407642364502
0.1803506314754486
0.17397722601890564
0.17013169825077057
0.16872282326221466
0.1786622405052185
0.20153935253620148
0.19605465233325958
0.19544512033462524
0.1801396757364273
0.18447187542915344
0.22212320566177368
0.2436152994632721
0.2895205020904541
0.19842150807380676
0.1953117847442627
0.2031755894422531
0.20842453837394714
0.30757129192352295
0.3756328225135803
0.616405725479126
0.25327354669570923
0.2838413715362549
0.4102586507797241
0.5239102244377136
0.9146497249603271
0.38121047616004944
0.5274996757507324
0.6626051664352417
0.4748074412345886
0.7707207798957825
0.4960002601146698
0.49634477496147156
0.4778611660003662
0.4986748695373535
0.4747701585292816
0.6828228235244751
0.4203518331050873
0.41224879026412964
0.37157198786735535
0.40154629945755005
0.4425143599510193
0.3737359642982483
0.3964773416519165
0.31243646144866943
0.3120328187942505
0.3372144401073456
0.3150453269481659
0.33350664377212524
0.28204572200775146
0.2747066020965576
0.2609287202358246
0.25422054529190063
0.26773911714553833
0.2548023760318756
0.2645743191242218
0.25363457202911377
0.2438110113143921
0.22908329963684082
0.22312912344932556
0.22160185873508453
0.22593459486961365
0.2279389202594757
0.22223153710365295
0.21760201454162598
0.20778226852416992
0.20509809255599976
0.20625039935112
0.20605683326721191
0.20793642103672028
0.20500439405441284
0.2009143829345703
0.19723354279994965
0.19452643394470215
0.1932118982076645
0.1941949427127838
0.19520622491836548
0.1944497525691986
0.19468003511428833
0.19186049699783325
0.18875032663345337
0.18672412633895874
0.18602055311203003
0.18587854504585266
0.1865038424730301
0.18708756566047668
0.18587824702262878
0.18491046130657196
0.18303915858268738
0.18138232827186584
0.18078963458538055
0.1809043139219284
0.18103724718093872
0.18113289773464203
0.18150316178798676
0.18068945407867432
0.17992942035198212
0.17867150902748108
0.17755909264087677
0.1769254505634308
0.1769707351922989
0.17717412114143372
0.17721539735794067
0.17751720547676086
0.17723098397254944
0.17675235867500305
0.17580942809581757
0.17498478293418884
0.1743052899837494
0.17412009835243225
0.1743069291114807
0.1744690239429474
0.174725741147995
0.1748065948486328
0.17483755946159363
0.1741921603679657
0.17345531284809113
0.17261303961277008
0.1721380054950714
0.1721382439136505
0.17240417003631592
0.17267471551895142
0.17266249656677246
0.17258743941783905
0.1720789223909378
0.17145726084709167
0.17089129984378815
0.1706618070602417
0.1706777960062027
0.17080339789390564
0.17105591297149658
0.17122656106948853
0.17143775522708893
0.1712992936372757
0.1710495501756668
0.17034274339675903
0.16966092586517334
0.169341579079628
0.16944821178913116
0.16971814632415771
0.1699022352695465
0.17006751894950867
0.1698905974626541
0.16955295205116272
0.16898059844970703
0.16856467723846436
0.16840046644210815
0.16844774782657623
0.16864220798015594
0.16886329650878906
0.1691567450761795
0.16925892233848572
0.16935841739177704
0.1689639836549759
0.16837984323501587
0.16771896183490753
0.16750779747962952
0.16771486401557922
0.1679793745279312
0.1681898832321167
0.16813619434833527
0.16793519258499146
0.167451411485672
0.1670290231704712
0.16686828434467316
0.16693568229675293
0.16709336638450623
0.16727812588214874
0.16759556531906128
0.16779404878616333
0.1679971069097519
0.16773217916488647
0.16729792952537537
0.16662408411502838
0.1662253588438034
0.16630326211452484
0.16663990914821625
0.16692766547203064
0.1668495535850525
0.16660338640213013
0.1661820411682129
0.16585271060466766
0.1657201498746872
0.1658201515674591
0.16606095433235168
0.16625557839870453
0.1664835810661316
0.1665608286857605
0.16663342714309692
0.16627687215805054
0.1657361090183258
0.1652602255344391
0.16521471738815308
0.16543243825435638
0.16562160849571228
0.16581837832927704
0.16587494313716888
0.16583555936813354
0.16542908549308777
0.16501647233963013
0.16480882465839386
0.16480673849582672
0.16484616696834564
0.16493694484233856
0.16521339118480682
0.165536567568779
0.16597121953964233
0.1662117838859558
0.16658975183963776
0.16628916561603546
0.1655699908733368
0.16452136635780334
0.16437509655952454
0.1649642139673233
0.16523252427577972
0.16512906551361084
0.16478373110294342
0.16451086103916168
0.16419236361980438
0.16411374509334564
0.16440655291080475
0.16464078426361084
0.16465196013450623
0.16451111435890198
0.16454766690731049
0.1643781214952469
0.16400720179080963
0.16369324922561646
0.1636974960565567
0.16373276710510254
0.16365185379981995
0.16371501982212067
0.16402745246887207
0.16459013521671295
0.16540268063545227
0.16733241081237793
0.1694507896900177
0.17257055640220642
0.170326828956604
0.16639243066310883
0.16399450600147247
0.1661418378353119
0.1678168773651123
0.16584430634975433
0.16469788551330566
0.1651453673839569
0.16518791019916534
0.16501852869987488
0.16452652215957642
0.16402935981750488
0.16423730552196503
0.1645984649658203
0.16403821110725403
0.1632777899503708
0.16372449696063995
0.16408893465995789
0.1635236144065857
0.16334030032157898
0.16339899599552155
0.16305366158485413
0.16296452283859253
0.16323944926261902
0.16319476068019867
0.16298413276672363
0.1631155163049698
0.163145512342453
0.16296140849590302
0.16286298632621765
0.16293932497501373
0.16279061138629913
0.16258980333805084
0.16255125403404236
0.16255275905132294
0.16239655017852783
0.1622890830039978
0.16231471300125122
0.16233330965042114
0.16229450702667236
0.16241109371185303
0.16278749704360962
0.16361424326896667
0.1648808717727661
0.16765668988227844
0.1698535829782486
0.17230305075645447
0.16768500208854675
0.16303104162216187
0.16347526013851166
0.1662455052137375
0.16617994010448456
0.1634553074836731
0.16348296403884888
0.16470278799533844
0.16393563151359558
0.1633182168006897
0.16333112120628357
0.16311077773571014
0.163119375705719
0.16312621533870697
0.16259346902370453
0.1622644066810608
0.16276386380195618
0.16279925405979156
0.16204437613487244
0.16199591755867004
0.16227585077285767
0.1619877964258194
0.1619052290916443
0.16211040318012238
0.16192884743213654
0.16162101924419403
0.1616867184638977
0.16167020797729492
0.1614297330379486
0.1613709181547165
0.1614435911178589
0.1613377332687378
0.1612042337656021
0.16122066974639893
0.1612248569726944
0.16112136840820312
0.1610589623451233
0.16109029948711395
0.16115224361419678
0.16134805977344513
0.16225895285606384
0.16494712233543396
0.173090398311615
0.18391260504722595
0.20241567492485046
0.18291312456130981
0.16530847549438477
0.17075973749160767
0.17822322249412537
0.1718788743019104
0.1653551459312439
0.17260707914829254
0.1728576123714447
0.16524972021579742
0.16912028193473816
0.17142125964164734
0.16514815390110016
0.16721560060977936
0.16934101283550262
0.16470901668071747
0.16611506044864655
0.16749536991119385
0.16401734948158264
0.16540253162384033
0.1660580039024353
0.1634179651737213
0.16481393575668335
0.16482219099998474
0.16295836865901947
0.16419941186904907
0.1637950986623764
0.16259698569774628
0.1635802537202835
0.16297335922718048
0.1623101383447647
0.16297045350074768
0.1623443067073822
0.16203534603118896
0.1624191850423813
0.16186191141605377
0.16178014874458313
0.16192281246185303
0.16152194142341614
0.16151310503482819
0.1615137755870819
0.16125597059726715
0.16125287115573883
0.16118675470352173
0.16102775931358337
0.16101649403572083
0.16092315316200256
0.16082176566123962
0.1608201563358307
0.1607293039560318
0.1606760323047638
0.1607600897550583
0.16086113452911377
0.16114139556884766
0.16202247142791748
0.1631687879562378
0.16509348154067993
0.16543933749198914
0.16466587781906128
0.16136659681797028
0.1607060730457306
0.16261112689971924
0.16256092488765717
0.16115376353263855
0.16060228645801544
0.1613694578409195
0.16170945763587952
0.1608249843120575
0.16032348573207855
0.16085946559906006
0.1610262393951416
0.16044598817825317
0.1601276695728302
0.16042692959308624
0.1605408787727356
0.16030287742614746
0.160081148147583
0.15995514392852783
0.160068541765213
0.16020897030830383
0.1600135862827301
0.1597914695739746
0.15975184738636017
0.15975217521190643
0.15978014469146729
0.1598469614982605
0.15983566641807556
0.1597111076116562
0.1596352756023407
0.15956461429595947
0.1594662070274353
0.1594095379114151
0.15941323339939117
0.15941056609153748
0.15941672027111053
0.15950942039489746
0.1596902459859848
0.16005158424377441
0.16060644388198853
0.16160106658935547
0.16214469075202942
0.16230922937393188
0.16085968911647797
0.15955789387226105
0.15958505868911743
0.16047047078609467
0.16084235906600952
0.1600050926208496
0.15929868817329407
0.15957465767860413
0.1600460708141327
0.15996335446834564
0.15944793820381165
0.15925389528274536
0.15941990911960602
0.15957467257976532
0.15955238044261932
0.15929287672042847
0.15912529826164246
0.15917044878005981
0.1592232882976532
0.15919137001037598
0.1591697484254837
0.15921679139137268
0.1591646820306778
0.15902560949325562
0.1589021235704422
0.15885858237743378
0.15884938836097717
0.15885600447654724
0.1588577926158905
0.15882864594459534
0.15885528922080994
0.15906397998332977
0.15964990854263306
0.1607418954372406
0.16333332657814026
0.1663239598274231
0.17103925347328186
0.16834762692451477
0.16282358765602112
0.15987825393676758
0.16383981704711914
0.16627982258796692
0.1619507223367691
0.1602916121482849
0.16267551481723785
0.16235075891017914
0.16059213876724243
0.1606084704399109
0.1614956557750702
0.16085954010486603
0.15982291102409363
0.16051185131072998
0.16077344119548798
0.15967954695224762
0.1597030907869339
0.16028162837028503
0.15970592200756073
0.15927109122276306
0.15959292650222778
0.15956628322601318
0.15918156504631042
0.15911705791950226
0.15926796197891235
0.1591339111328125
0.15890175104141235
0.1589600294828415
0.1589745283126831
0.1588086634874344
0.15876388549804688
0.15876351296901703
0.15871475636959076
0.15874579548835754
0.1587839424610138
0.15894262492656708
0.15946592390537262
0.1606486588716507
0.1620774120092392
0.1647205948829651
0.16501131653785706
0.16359436511993408
0.15951809287071228
0.15953543782234192
0.1621483415365219
0.1614609658718109
0.15950751304626465
0.15922190248966217
0.1603851467370987
0.16055947542190552
0.15925320982933044
0.15893414616584778
0.15971100330352783
0.15968137979507446
0.15900838375091553
0.15867704153060913
0.15902896225452423
0.1592949628829956
0.15888160467147827
0.15848231315612793
0.15858663618564606
0.15874820947647095
0.15869967639446259
0.15857726335525513
0.15843254327774048
0.15826132893562317
0.15831534564495087
0.15843465924263
0.15834537148475647
0.15829133987426758
0.1583271324634552
0.15829837322235107
0.15823066234588623
0.15823590755462646
0.1581670641899109
0.1580488383769989
0.1579931378364563
0.158003568649292
0.15802304446697235
0.15806612372398376
0.1581232249736786
0.15828494727611542
0.15864300727844238
0.15956762433052063
0.1609979122877121
0.16365298628807068
0.16460299491882324
0.16402971744537354
0.15996624529361725
0.15898194909095764
0.1609976589679718
0.1610257774591446
0.15974166989326477
0.15914051234722137
0.15983819961547852
0.15994545817375183
0.15881173312664032
0.15869250893592834
0.1594250500202179
0.15897628664970398
0.15832637250423431
0.158666729927063
0.15880244970321655
0.15839999914169312
0.15832079946994781
0.1585603654384613
0.15855321288108826
0.15844683349132538
0.1585940718650818
0.15917657315731049
0.1595914661884308
0.16007745265960693
0.1602575033903122
0.16041885316371918
0.15915697813034058
0.1579754650592804
0.15815652906894684
0.15882296860218048
0.15895739197731018
0.15865302085876465
0.15851713716983795
0.15837925672531128
0.1582435965538025
0.1579168289899826
0.15783563256263733
0.15815193951129913
0.1582232415676117
0.1580704152584076
0.15810856223106384
0.15839403867721558
0.1584976315498352
0.15856510400772095
0.15841180086135864
0.15839385986328125
0.1583806574344635
0.15816307067871094
0.15763767063617706
0.15751416981220245
0.15773795545101166
0.1577492654323578
0.1577104926109314
0.15785184502601624
0.15815721452236176
0.1584877371788025
0.1590508669614792
0.1593601256608963
0.1598837971687317
0.1599031239748001
0.1596333384513855
0.15837889909744263
0.15763713419437408
0.15799255669116974
0.15864649415016174
0.1590069979429245
0.15857993066310883
0.15805859863758087
0.1579270362854004
0.15798892080783844
0.15774737298488617
0.15768764913082123
0.15806809067726135
0.15812274813652039
0.15793085098266602
0.1577640324831009
0.1576867252588272
0.1576336920261383
0.15767712891101837
0.15752486884593964
0.1573275625705719
0.15733495354652405
0.15738216042518616
0.15734907984733582
0.15736165642738342
0.1573871672153473
0.15761937201023102
0.15837445855140686
0.1602812558412552
0.16351518034934998
0.17154742777347565
0.1781146228313446
0.1880996972322464
0.172404482960701
0.16102485358715057
0.16419874131679535
0.172378271818161
0.17694801092147827
0.1689450740814209
0.16621935367584229
0.1701611429452896
0.17032566666603088
0.1674896776676178
0.16331222653388977
0.1646941900253296
0.16624365746974945
0.16420531272888184
0.16278541088104248
0.1633194386959076
0.16472956538200378
0.1625380963087082
0.16214744746685028
0.16472095251083374
0.16586065292358398
