# lbfgs, lr=0.8, alpha = 1000000, beta = 0.1
# best_iter: 99, best_loss = 0.12755030393600464, imsave period = 10
15.082174301147461
1.7166668176651
0.8089842200279236
0.5920686721801758
0.49154800176620483
0.41933149099349976
0.361539363861084
0.30932533740997314
0.26317286491394043
0.22574648261070251
0.1957247257232666
0.17402733862400055
0.15952444076538086
0.15016616880893707
0.1437438726425171
0.1403135508298874
0.13814891874790192
0.13663502037525177
0.13547690212726593
0.1345561146736145
0.13383564352989197
0.13325195014476776
0.13277338445186615
0.13238130509853363
0.13204325735569
0.13174311816692352
0.13147756457328796
0.13123950362205505
0.13102729618549347
0.13083361089229584
0.13065849244594574
0.13049818575382233
0.13035057485103607
0.13021528720855713
0.1300903856754303
0.12997271120548248
0.12986214458942413
0.12976115942001343
0.12966807186603546
0.12957969307899475
0.12949594855308533
0.1294170618057251
0.12934187054634094
0.12926913797855377
0.1291995346546173
0.12913285195827484
0.12906838953495026
0.12900704145431519
0.1289471834897995
0.12889018654823303
0.12883692979812622
0.12878555059432983
0.12873660027980804
0.12868937849998474
0.1286429911851883
0.12859880924224854
0.1285559982061386
0.12851543724536896
0.12847578525543213
0.12843790650367737
0.12840096652507782
0.1283647119998932
0.12832991778850555
0.12829622626304626
0.12826426327228546
0.12823358178138733
0.12820369005203247
0.12817436456680298
0.12814611196517944
0.12811793386936188
0.12809109687805176
0.12806525826454163
0.12803998589515686
0.1280152052640915
0.1279909908771515
0.12796789407730103
0.12794409692287445
0.12792202830314636
0.1279003620147705
0.12787958979606628
0.12785914540290833
0.12783929705619812
0.12781982123851776
0.12780052423477173
0.1277819573879242
0.12776395678520203
0.12774649262428284
0.12772928178310394
0.12771263718605042
0.12769655883312225
0.12768049538135529
0.12766502797603607
0.12764976918697357
0.12763474881649017
0.12762010097503662
0.12760566174983978
0.12759162485599518
0.12757761776447296
0.12756383419036865
0.12755030393600464
