# lbfgs, lr=0.8, alpha = 1000000, beta = 0.1
# best_iter: 98, best_loss = 0.025549735873937607, imsave period = 10
3.8140125274658203
0.2682677209377289
0.13286016881465912
0.08657018840312958
0.05811266228556633
0.04492511600255966
0.03998726233839989
0.0373423807322979
0.035583145916461945
0.034206219017505646
0.032970063388347626
0.03190481290221214
0.031073391437530518
0.03042822703719139
0.029890986159443855
0.029418237507343292
0.02897615171968937
0.028591889888048172
0.028262535110116005
0.027965668588876724
0.02770359255373478
0.027490999549627304
0.027311041951179504
0.02714735083281994
0.02701313979923725
0.026888519525527954
0.02677508071064949
0.026671577244997025
0.026580635458230972
0.026493748649954796
0.026417115703225136
0.02634819597005844
0.026286935433745384
0.026232056319713593
0.0261820200830698
0.02613808773458004
0.026098353788256645
0.02606203965842724
0.02603009343147278
0.02600139193236828
0.025975417345762253
0.02595166116952896
0.025929659605026245
0.025910696014761925
0.02588800899684429
0.025871580466628075
0.025855720043182373
0.02584090828895569
0.025826934725046158
0.025813646614551544
0.02580121159553528
0.025789448991417885
0.02577843703329563
0.025767816230654716
0.025758318603038788
0.02575509622693062
0.02573707327246666
0.025729261338710785
0.02572106383740902
0.025713877752423286
0.025706753134727478
0.025699850171804428
0.025693172588944435
0.02568676881492138
0.025680620223283768
0.02567572146654129
0.02566712722182274
0.025662148371338844
0.025656649842858315
0.025651833042502403
0.025646943598985672
0.025642359629273415
0.02563769556581974
0.02563340775668621
0.02562900073826313
0.025624796748161316
0.025620970875024796
0.025616923347115517
0.025611747056245804
0.025607697665691376
0.025604257360100746
0.025600383058190346
0.02559724822640419
0.025593744590878487
0.02559036761522293
0.02558699995279312
0.025583896785974503
0.025580763816833496
0.025577716529369354
0.02557479962706566
0.025577619671821594
0.025567516684532166
0.025565143674612045
0.025561990216374397
0.0255594365298748
0.025557098910212517
0.025554584339261055
0.02555229887366295
0.025549735873937607
0.025550365447998047
