# adam, lr=0.01, alpha = 1000000, beta = 0.1
# best_iter: 2996, best_loss = 0.9090129137039185, imsave period = 300
278.85546875
253.9132537841797
228.38140869140625
203.2821044921875
180.2405548095703
159.8086395263672
141.59715270996094
125.35450744628906
111.08788299560547
98.74414825439453
88.16726684570312
79.20075988769531
71.71072387695312
65.52359771728516
60.438568115234375
56.229217529296875
52.68031311035156
49.59257507324219
46.81354522705078
44.24170684814453
41.82361602783203
39.541656494140625
37.40385818481445
35.41682434082031
33.58452224731445
31.908615112304688
30.378908157348633
28.98369026184082
27.712026596069336
26.548158645629883
25.475305557250977
24.483768463134766
23.564382553100586
22.70892333984375
21.909080505371094
21.158117294311523
20.45186996459961
19.78635025024414
19.158775329589844
18.56581687927246
18.004150390625
17.471271514892578
16.965225219726562
16.48511505126953
16.029165267944336
15.595505714416504
15.182637214660645
14.788727760314941
14.41325569152832
14.055063247680664
13.713451385498047
13.387125015258789
13.074492454528809
12.77546501159668
12.489062309265137
12.214190483093262
11.950570106506348
11.697521209716797
11.454339981079102
11.22088623046875
10.996768951416016
10.780972480773926
10.573077201843262
10.372879028320312
10.180283546447754
9.99471378326416
9.815803527832031
9.643105506896973
9.476330757141113
9.315476417541504
9.160357475280762
9.010427474975586
8.865391731262207
8.725091934204102
8.589164733886719
8.457671165466309
8.330286979675293
8.206666946411133
8.086801528930664
7.970625877380371
7.857972145080566
7.748644828796387
7.642637252807617
7.539494037628174
7.439220905303955
7.341836452484131
7.247060298919678
7.154697895050049
7.064888000488281
6.9774274826049805
6.892221927642822
6.809341907501221
6.728508949279785
6.649777889251709
6.5730743408203125
6.498080730438232
6.424868583679199
6.353410243988037
6.283685684204102
6.215626239776611
6.149074077606201
6.084028720855713
6.020471572875977
5.958439826965332
5.8977813720703125
5.838397026062012
5.780404567718506
5.72373628616333
5.668209552764893
5.613828182220459
5.560564041137695
5.508383750915527
5.457252025604248
5.4071879386901855
5.3580641746521
5.309866905212402
5.262629985809326
5.216263294219971
5.170849800109863
5.1262993812561035
5.08259391784668
5.039675712585449
4.997416973114014
4.955922603607178
4.915119171142578
4.875103950500488
4.835777282714844
4.797199726104736
4.759303092956543
4.722008228302002
4.685304164886475
4.649202346801758
4.613760471343994
4.578935146331787
4.544663906097412
4.5109357833862305
4.477744102478027
4.4451093673706055
4.4130048751831055
4.38142728805542
4.3503336906433105
4.319759845733643
4.289659023284912
4.2600321769714355
4.230854034423828
4.2021355628967285
4.173898220062256
4.146062850952148
4.118661403656006
4.091618537902832
4.065013408660889
4.0388054847717285
4.01296329498291
3.9875569343566895
3.9625213146209717
3.9377994537353516
3.9134206771850586
3.8894457817077637
3.865800142288208
3.8424792289733887
3.8195114135742188
3.7968151569366455
3.7744295597076416
3.7523910999298096
3.7306406497955322
3.7091634273529053
3.687994956970215
3.667086362838745
3.646477699279785
3.6261487007141113
3.606065034866333
3.586263418197632
3.566756010055542
3.547480344772339
3.5284841060638428
3.509735584259033
3.491213798522949
3.4729394912719727
3.4548916816711426
3.4370639324188232
3.4194891452789307
3.402144432067871
3.3849782943725586
3.3680622577667236
3.3513500690460205
3.3348474502563477
3.3185603618621826
3.302481174468994
3.286616086959839
3.270911931991577
3.2553884983062744
3.2400357723236084
3.224886417388916
3.2099156379699707
3.1951162815093994
3.1805038452148438
3.1660335063934326
3.151714324951172
3.1375677585601807
3.1235828399658203
3.109755754470825
3.0960745811462402
3.0825438499450684
3.06917667388916
3.055952310562134
3.0428543090820312
3.0298995971679688
3.0170867443084717
3.004417896270752
2.991882801055908
2.979480743408203
2.967207193374634
2.9550905227661133
2.943089485168457
2.9312071800231934
2.9194753170013428
2.9078519344329834
2.8963541984558105
2.8850042819976807
2.8737270832061768
2.862560987472534
2.851515054702759
2.840574026107788
2.829763650894165
2.8190577030181885
2.808438301086426
2.7979273796081543
2.7875046730041504
2.7771928310394287
2.76698899269104
2.756889581680298
2.746882438659668
2.7369840145111084
2.727158784866333
2.717447519302368
2.7078194618225098
2.698279857635498
2.6888227462768555
2.6794562339782715
2.6701812744140625
2.6609909534454346
2.651890516281128
2.642864227294922
2.633927345275879
2.625072479248047
2.616302013397217
2.607597827911377
2.598984956741333
2.590421199798584
2.5819437503814697
2.573549747467041
2.5652236938476562
2.5569539070129395
2.5487637519836426
2.540630578994751
2.5325775146484375
2.5245859622955322
2.516663074493408
2.5088231563568115
2.5010488033294678
2.4933457374572754
2.485694408416748
2.478114128112793
2.470593214035034
2.4631335735321045
2.455746650695801
2.4484353065490723
2.4411892890930176
2.434004306793213
2.4268736839294434
2.4198009967803955
2.4127962589263916
2.405836820602417
2.3989365100860596
2.392101764678955
2.3853211402893066
2.3786089420318604
2.371946334838867
2.3653388023376465
2.358781337738037
2.3522791862487793
2.345836639404297
2.3394336700439453
2.333083152770996
2.3268017768859863
2.3205604553222656
2.314364433288574
2.308234691619873
2.3021581172943115
2.296118974685669
2.2901298999786377
2.2841880321502686
2.278291702270508
2.272437810897827
2.266636848449707
2.260870933532715
2.2551498413085938
2.249466896057129
2.243830919265747
2.238234281539917
2.2326767444610596
2.2271580696105957
2.2216837406158447
2.2162466049194336
2.2108652591705322
2.205519437789917
2.200208902359009
2.1949353218078613
2.1896982192993164
2.1845009326934814
2.179333209991455
2.174203395843506
2.1691179275512695
2.164069414138794
2.159055709838867
2.154078245162964
2.14914608001709
2.144243001937866
2.139375686645508
2.1345438957214355
2.129753828048706
2.12500262260437
2.1202759742736816
2.115581512451172
2.110928773880005
2.106304883956909
2.101696014404297
2.097132444381714
2.0926027297973633
2.08809232711792
2.0836167335510254
2.079181671142578
2.074775218963623
2.07039737701416
2.066042184829712
2.0617244243621826
2.057431221008301
2.05316424369812
2.048922538757324
2.044706106185913
2.040526866912842
2.0363736152648926
2.0322396755218506
2.028136968612671
2.0240535736083984
2.020002603530884
2.0159716606140137
2.011965751647949
2.0079808235168457
2.0040292739868164
2.0000967979431152
1.996185064315796
1.9923006296157837
1.9884449243545532
1.9846197366714478
1.9808112382888794
1.97703218460083
1.9732743501663208
1.9695395231246948
1.965829849243164
1.9621481895446777
1.9584922790527344
1.9548474550247192
1.9512341022491455
1.947640061378479
1.9440668821334839
1.9405149221420288
1.9369935989379883
1.9334832429885864
1.9300012588500977
1.9265352487564087
1.9230945110321045
1.9196717739105225
1.916267991065979
1.9128938913345337
1.909533977508545
1.9061858654022217
1.902869701385498
1.8995646238327026
1.896280288696289
1.8930141925811768
1.889768123626709
1.8865389823913574
1.8833320140838623
1.88014817237854
1.8769848346710205
1.8738346099853516
1.8707104921340942
1.8675992488861084
1.8645039796829224
1.8614273071289062
1.8583654165267944
1.8553175926208496
1.8522887229919434
1.8492763042449951
1.846280574798584
1.84330415725708
1.8403414487838745
1.8373959064483643
1.834463357925415
1.8315516710281372
1.8286592960357666
1.8257758617401123
1.8229105472564697
1.8200623989105225
1.8172342777252197
1.8144140243530273
1.8116129636764526
1.8088226318359375
1.8060486316680908
1.8032917976379395
1.8005506992340088
1.7978260517120361
1.7951140403747559
1.7924106121063232
1.7897288799285889
1.7870590686798096
1.784407138824463
1.7817662954330444
1.7791411876678467
1.77652907371521
1.7739267349243164
1.7713466882705688
1.7687737941741943
1.7662255764007568
1.7636806964874268
1.7611501216888428
1.7586376667022705
1.7561345100402832
1.7536460161209106
1.7511725425720215
1.7487059831619263
1.7462542057037354
1.7438158988952637
1.7413893938064575
1.7389767169952393
1.7365741729736328
1.7341866493225098
1.7318062782287598
1.7294387817382812
1.7270848751068115
1.724740982055664
1.7224066257476807
1.7200899124145508
1.7177791595458984
1.7154805660247803
1.7131991386413574
1.7109240293502808
1.7086565494537354
1.7064061164855957
1.7041687965393066
1.7019402980804443
1.6997272968292236
1.697522759437561
1.6953269243240356
1.6931439638137817
1.6909675598144531
1.6888058185577393
1.6866507530212402
1.6845099925994873
1.682387351989746
1.6802664995193481
1.6781526803970337
1.676056146621704
1.6739652156829834
1.6718847751617432
1.669816493988037
1.6677563190460205
1.6657029390335083
1.6636641025543213
1.6616322994232178
1.6596050262451172
1.6575875282287598
1.6555821895599365
1.6535847187042236
1.6515977382659912
1.649622917175293
1.6476540565490723
1.645693063735962
1.643742322921753
1.6418039798736572
1.6398766040802002
1.6379555463790894
1.636045217514038
1.634144902229309
1.6322484016418457
1.6303627490997314
1.6284903287887573
1.6266212463378906
1.6247563362121582
1.6229088306427002
1.6210696697235107
1.6192376613616943
1.617414951324463
1.6155916452407837
1.6137855052947998
1.6119866371154785
1.6101901531219482
1.6084015369415283
1.6066255569458008
1.6048545837402344
1.6030912399291992
1.601334571838379
1.5995852947235107
1.5978443622589111
1.5961122512817383
1.5943796634674072
1.592657446861267
1.5909444093704224
1.5892407894134521
1.587541103363037
1.5858521461486816
1.5841681957244873
1.5824928283691406
1.5808274745941162
1.5791714191436768
1.5775187015533447
1.5758737325668335
1.5742406845092773
1.5726113319396973
1.5709888935089111
1.5693714618682861
1.5677626132965088
1.566161870956421
1.564568042755127
1.5629785060882568
1.5613994598388672
1.559823989868164
1.5582561492919922
1.5566962957382202
1.555141568183899
1.5535943508148193
1.5520533323287964
1.550514578819275
1.548987865447998
1.5474653244018555
1.5459470748901367
1.5444374084472656
1.5429329872131348
1.5414390563964844
1.5399458408355713
1.5384588241577148
1.5369818210601807
1.535509467124939
1.5340420007705688
1.5325813293457031
1.531125545501709
1.5296779870986938
1.528239130973816
1.5268046855926514
1.5253705978393555
1.5239464044570923
1.5225285291671753
1.5211126804351807
1.5197052955627441
1.5183048248291016
1.5169053077697754
1.5155160427093506
1.5141329765319824
1.5127503871917725
1.5113728046417236
1.5100030899047852
1.5086379051208496
1.5072782039642334
1.5059237480163574
1.504570484161377
1.5032185316085815
1.5018792152404785
1.5005437135696411
1.4992084503173828
1.497879981994629
1.4965622425079346
1.495241403579712
1.493931770324707
1.4926280975341797
1.4913315773010254
1.4900346994400024
1.488741397857666
1.4874563217163086
1.4861769676208496
1.4849026203155518
1.4836324453353882
1.482365608215332
1.4811044931411743
1.4798474311828613
1.4785945415496826
1.4773492813110352
1.476106882095337
1.474867820739746
1.4736361503601074
1.4724091291427612
1.4711822271347046
1.4699630737304688
1.4687490463256836
1.467538833618164
1.4663339853286743
1.465132713317871
1.4639347791671753
1.462745189666748
1.4615594148635864
1.4603791236877441
1.459202527999878
1.45802903175354
1.4568630456924438
1.4556999206542969
1.4545384645462036
1.4533833265304565
1.4522299766540527
1.4510818719863892
1.4499393701553345
1.4487953186035156
1.447657585144043
1.4465219974517822
1.4453929662704468
1.4442660808563232
1.4431445598602295
1.4420268535614014
1.4409112930297852
1.4398002624511719
1.4386930465698242
1.437589406967163
1.436490774154663
1.4353930950164795
1.4343011379241943
1.4332119226455688
1.4321292638778687
1.43104887008667
1.4299731254577637
1.428899884223938
1.4278311729431152
1.4267659187316895
1.425703525543213
1.4246455430984497
1.4235916137695312
1.4225413799285889
1.4214942455291748
1.4204509258270264
1.419407844543457
1.4183709621429443
1.4173388481140137
1.4163124561309814
1.4152894020080566
1.414266586303711
1.4132473468780518
1.4122328758239746
1.4112236499786377
1.4102182388305664
1.409212350845337
1.4082133769989014
1.4072167873382568
1.4062249660491943
1.4052352905273438
1.4042489528656006
1.4032652378082275
1.4022855758666992
1.4013097286224365
1.4003361463546753
1.399367332458496
1.3984020948410034
1.3974366188049316
1.3964775800704956
1.3955206871032715
1.3945667743682861
1.393617868423462
1.3926708698272705
1.3917264938354492
1.3907883167266846
1.3898508548736572
1.3889174461364746
1.387986183166504
1.3870582580566406
1.3861335515975952
1.3852124214172363
1.384293794631958
1.3833794593811035
1.3824677467346191
1.3815557956695557
1.3806498050689697
1.3797463178634644
1.3788440227508545
1.377943992614746
1.3770496845245361
1.3761553764343262
1.3752655982971191
1.3743772506713867
1.37349271774292
1.3726093769073486
1.371728539466858
1.3708536624908447
1.3699791431427002
1.369110345840454
1.368241310119629
1.367375373840332
1.3665130138397217
1.3656535148620605
1.3647940158843994
1.3639378547668457
1.3630861043930054
1.3622382879257202
1.3613896369934082
1.3605459928512573
1.3597028255462646
1.358863115310669
1.3580262660980225
1.3571910858154297
1.3563580513000488
1.3555290699005127
1.3547009229660034
1.3538743257522583
1.3530499935150146
1.3522303104400635
1.3514111042022705
1.3505959510803223
1.3497815132141113
1.3489675521850586
1.3481578826904297
1.347352147102356
1.346547245979309
1.3457444906234741
1.3449420928955078
1.34414541721344
1.3433499336242676
1.3425569534301758
1.341766595840454
1.3409770727157593
1.3401906490325928
1.339406967163086
1.3386225700378418
1.3378431797027588
1.3370662927627563
1.3362886905670166
1.3355143070220947
1.3347418308258057
1.3339717388153076
1.3332064151763916
1.332442045211792
1.3316771984100342
1.330915927886963
1.3301588296890259
1.3294035196304321
1.328649640083313
1.3278977870941162
1.3271470069885254
1.326399803161621
1.3256559371948242
1.324911117553711
1.3241708278656006
1.3234338760375977
1.3226964473724365
1.3219611644744873
1.3212285041809082
1.3204994201660156
1.3197684288024902
1.3190410137176514
1.3183164596557617
1.3175926208496094
1.316869854927063
1.3161495923995972
1.3154319524765015
1.314717173576355
1.3140028715133667
1.3132919073104858
1.312579870223999
1.3118728399276733
1.3111655712127686
1.3104606866836548
1.3097589015960693
1.3090571165084839
1.3083583116531372
1.3076621294021606
1.3069663047790527
1.3062734603881836
1.3055813312530518
1.3048909902572632
1.3042049407958984
1.3035169839859009
1.3028314113616943
1.3021498918533325
1.3014674186706543
1.3007868528366089
1.300110101699829
1.2994341850280762
1.298758864402771
1.2980849742889404
1.2974152565002441
1.2967467308044434
1.2960771322250366
1.2954130172729492
1.2947500944137573
1.2940881252288818
1.2934277057647705
1.2927699089050293
1.2921136617660522
1.2914586067199707
1.290806770324707
1.290155291557312
1.2895056009292603
1.2888569831848145
1.2882111072540283
1.2875690460205078
1.28692626953125
1.2862868309020996
1.2856472730636597
1.2850096225738525
1.28437340259552
1.2837411165237427
1.2831089496612549
1.2824801206588745
1.2818504571914673
1.2812215089797974
1.2805956602096558
1.2799713611602783
1.2793461084365845
1.2787235975265503
1.2781037092208862
1.2774832248687744
1.2768659591674805
1.2762503623962402
1.2756335735321045
1.2750195264816284
1.2744089365005493
1.273799180984497
1.2731910943984985
1.2725830078125
1.2719775438308716
1.2713749408721924
1.2707709074020386
1.270169734954834
1.2695717811584473
1.26897394657135
1.2683783769607544
1.2677842378616333
1.2671904563903809
1.2665996551513672
1.2660086154937744
1.2654201984405518
1.2648322582244873
1.2642459869384766
1.2636640071868896
1.2630798816680908
1.2624986171722412
1.2619215250015259
1.2613431215286255
1.2607667446136475
1.2601933479309082
1.2596211433410645
1.2590504884719849
1.2584795951843262
1.2579119205474854
1.2573459148406982
1.2567801475524902
1.256216049194336
1.255653738975525
1.2550917863845825
1.2545303106307983
1.2539719343185425
1.253414273262024
1.2528568506240845
1.2523014545440674
1.2517460584640503
1.2511924505233765
1.25063955783844
1.2500898838043213
1.2495399713516235
1.248992681503296
1.248445749282837
1.247901201248169
1.2473585605621338
1.2468171119689941
1.2462756633758545
1.245736837387085
1.2451980113983154
1.2446626424789429
1.244126319885254
1.2435928583145142
1.2430593967437744
1.242526888847351
1.2419952154159546
1.2414668798446655
1.240938425064087
1.2404112815856934
1.2398862838745117
1.2393606901168823
1.238839030265808
1.238316535949707
1.2377947568893433
1.2372753620147705
1.2367585897445679
1.2362403869628906
1.2357256412506104
1.2352120876312256
1.234700322151184
1.2341880798339844
1.2336773872375488
1.2331688404083252
1.232661247253418
1.2321538925170898
1.2316489219665527
1.2311441898345947
1.230641484260559
1.2301385402679443
1.2296369075775146
1.2291356325149536
1.2286382913589478
1.2281403541564941
1.2276415824890137
1.2271448373794556
1.2266488075256348
1.226155161857605
1.225661039352417
1.2251684665679932
1.2246778011322021
1.224188208580017
1.2236987352371216
1.2232086658477783
1.2227222919464111
1.2222347259521484
1.2217493057250977
1.2212647199630737
1.2207807302474976
1.2202986478805542
1.2198171615600586
1.2193372249603271
1.2188581228256226
1.2183791399002075
1.2179031372070312
1.2174263000488281
1.2169504165649414
1.2164766788482666
1.2160027027130127
1.215529441833496
1.215057134628296
1.214586615562439
1.214117407798767
1.2136491537094116
1.213179111480713
1.2127124071121216
1.2122459411621094
1.211780309677124
1.211315393447876
1.2108523845672607
1.2103896141052246
1.2099305391311646
1.2094700336456299
1.209010362625122
1.2085521221160889
1.2080955505371094
1.2076396942138672
1.207183599472046
1.2067298889160156
1.2062773704528809
1.2058238983154297
1.2053728103637695
1.2049224376678467
1.2044745683670044
1.204026699066162
1.2035785913467407
1.2031320333480835
1.2026866674423218
1.202242136001587
1.2017977237701416
1.20135498046875
1.2009133100509644
1.2004725933074951
1.2000318765640259
1.1995925903320312
1.199155569076538
1.1987165212631226
1.1982805728912354
1.197845458984375
1.1974107027053833
1.1969764232635498
1.1965450048446655
1.1961133480072021
1.1956819295883179
1.19525146484375
1.1948235034942627
1.1943941116333008
1.1939663887023926
1.193541407585144
1.193116307258606
1.1926920413970947
1.1922681331634521
1.1918461322784424
1.1914246082305908
1.1910028457641602
1.1905816793441772
1.1901628971099854
1.1897445917129517
1.189326286315918
1.1889092922210693
1.188493251800537
1.188077449798584
1.1876614093780518
1.1872483491897583
1.1868349313735962
1.1864230632781982
1.1860119104385376
1.1856024265289307
1.1851937770843506
1.184784173965454
1.1843773126602173
1.18397057056427
1.1835640668869019
1.1831583976745605
1.182753324508667
1.1823490858078003
1.181944489479065
1.1815416812896729
1.1811392307281494
1.180739164352417
1.1803388595581055
1.1799386739730835
1.1795389652252197
1.1791412830352783
1.1787443161010742
1.178345799446106
1.1779494285583496
1.1775540113449097
1.1771595478057861
1.1767663955688477
1.1763726472854614
1.175979733467102
1.1755883693695068
1.1751986742019653
1.1748085021972656
1.17441987991333
1.174032211303711
1.1736451387405396
1.1732592582702637
1.1728730201721191
1.1724863052368164
1.1721023321151733
1.1717185974121094
1.171334981918335
1.170953392982483
1.1705714464187622
1.1701897382736206
1.1698081493377686
1.1694282293319702
1.1690499782562256
1.1686707735061646
1.1682937145233154
1.167917251586914
1.1675403118133545
1.1671662330627441
1.1667927503585815
1.1664178371429443
1.1660451889038086
1.165674090385437
1.16530179977417
1.1649329662322998
1.1645622253417969
1.1641935110092163
1.163825273513794
1.163459062576294
1.1630921363830566
1.1627264022827148
1.1623605489730835
1.1619969606399536
1.1616343259811401
1.161271572113037
1.1609083414077759
1.1605472564697266
1.1601874828338623
1.1598281860351562
1.159471035003662
1.1591124534606934
1.1587560176849365
1.1583988666534424
1.158042550086975
1.1576879024505615
1.1573340892791748
1.1569797992706299
1.1566275358200073
1.156274676322937
1.1559233665466309
1.155572772026062
1.1552221775054932
1.1548728942871094
1.154524326324463
1.1541754007339478
1.1538282632827759
1.1534810066223145
1.1531345844268799
1.152788758277893
1.1524431705474854
1.1520990133285522
1.1517549753189087
1.151412010192871
1.1510690450668335
1.1507270336151123
1.1503854990005493
1.1500446796417236
1.1497044563293457
1.1493656635284424
1.1490256786346436
1.1486867666244507
1.1483490467071533
1.1480119228363037
1.1476755142211914
1.1473395824432373
1.1470040082931519
1.1466693878173828
1.146334171295166
1.1460009813308716
1.1456687450408936
1.1453357934951782
1.1450040340423584
1.1446725130081177
1.1443421840667725
1.144012689590454
1.143682599067688
1.1433544158935547
1.1430261135101318
1.1426981687545776
1.1423710584640503
1.1420459747314453
1.1417193412780762
1.1413938999176025
1.141068458557129
1.1407442092895508
1.1404201984405518
1.1400967836380005
1.1397727727890015
1.139449954032898
1.1391276121139526
1.1388070583343506
1.1384865045547485
1.1381652355194092
1.1378459930419922
1.1375263929367065
1.1372076272964478
1.1368896961212158
1.1365717649459839
1.136253833770752
1.1359364986419678
1.1356213092803955
1.1353057622909546
1.1349899768829346
1.1346755027770996
1.1343623399734497
1.1340489387512207
1.1337345838546753
1.1334221363067627
1.1331106424331665
1.1327983140945435
1.1324882507324219
1.132177710533142
1.1318680047988892
1.1315584182739258
1.1312488317489624
1.1309412717819214
1.1306326389312744
1.1303263902664185
1.130019187927246
1.1297125816345215
1.1294071674346924
1.129102110862732
1.1287975311279297
1.1284947395324707
1.1281908750534058
1.1278883218765259
1.1275858879089355
1.1272830963134766
1.126981496810913
1.1266820430755615
1.1263809204101562
1.1260807514190674
1.125781536102295
1.1254823207855225
1.1251827478408813
1.1248847246170044
1.1245875358581543
1.1242907047271729
1.123993158340454
1.1236963272094727
1.123401165008545
1.1231049299240112
1.122809886932373
1.1225147247314453
1.1222200393676758
1.1219277381896973
1.1216342449188232
1.1213412284851074
1.121048927307129
1.1207574605941772
1.1204661130905151
1.120175838470459
1.1198862791061401
1.1195967197418213
1.1193076372146606
1.1190190315246582
1.1187307834625244
1.1184430122375488
1.1181572675704956
1.1178693771362305
1.117584228515625
1.1172988414764404
1.1170127391815186
1.1167287826538086
1.116445541381836
1.1161623001098633
1.1158788204193115
1.1155962944030762
1.115314245223999
1.1150323152542114
1.1147511005401611
1.1144704818725586
1.114190936088562
1.1139099597930908
1.113629698753357
1.1133508682250977
1.1130716800689697
1.1127941608428955
1.112516164779663
1.1122390031814575
1.111963152885437
1.111687421798706
1.1114113330841064
1.1111360788345337
1.110861897468567
1.1105875968933105
1.1103132963180542
1.1100400686264038
1.1097679138183594
1.1094961166381836
1.1092243194580078
1.1089528799057007
1.1086827516555786
1.1084128618240356
1.1081422567367554
1.1078739166259766
1.1076064109802246
1.1073381900787354
1.1070702075958252
1.1068034172058105
1.1065359115600586
1.1062686443328857
1.106002688407898
1.105737328529358
1.1054716110229492
1.1052072048187256
1.1049432754516602
1.1046792268753052
1.1044161319732666
1.1041538715362549
1.103891134262085
1.1036293506622314
1.1033679246902466
1.1031068563461304
1.1028456687927246
1.1025854349136353
1.102325201034546
1.1020662784576416
1.1018059253692627
1.1015475988388062
1.1012897491455078
1.10103178024292
1.1007744073867798
1.1005184650421143
1.1002612113952637
1.1000066995620728
1.0997521877288818
1.0994986295700073
1.0992432832717896
1.0989913940429688
1.0987367630004883
1.098484992980957
1.0982308387756348
1.0979793071746826
1.0977240800857544
1.0974726676940918
1.0972180366516113
1.09696626663208
1.0967137813568115
1.096462607383728
1.0962116718292236
1.0959627628326416
1.0957114696502686
1.0954641103744507
1.0952154397964478
1.094970464706421
1.0947227478027344
1.0944794416427612
1.0942353010177612
1.093994379043579
1.0937496423721313
1.0935087203979492
1.0932645797729492
1.0930227041244507
1.092775821685791
1.0925335884094238
1.092285394668579
1.092040777206421
1.0917918682098389
1.0915470123291016
1.0913000106811523
1.0910567045211792
1.090811848640442
1.0905719995498657
1.090329647064209
1.0900912284851074
1.0898549556732178
1.0896210670471191
1.0893880128860474
1.0891635417938232
1.0889369249343872
1.088719129562378
1.088494062423706
1.0882723331451416
1.0880358219146729
1.0877964496612549
1.0875396728515625
1.0872844457626343
1.0870245695114136
1.086774468421936
1.0865294933319092
1.0862916707992554
1.0860581398010254
1.0858278274536133
1.085606336593628
1.085390567779541
1.0851905345916748
1.0850038528442383
1.0848462581634521
1.08469557762146
1.0845623016357422
1.0843950510025024
1.0841882228851318
1.0838940143585205
1.0835598707199097
1.0831983089447021
1.0828869342803955
1.0826328992843628
1.0824337005615234
1.082268238067627
1.0821071863174438
1.0819566249847412
1.081787109375
1.081610918045044
1.0813817977905273
1.081117033958435
1.0807968378067017
1.080476999282837
1.080169439315796
1.0799107551574707
1.0796914100646973
1.079498529434204
1.079328179359436
1.079162359237671
1.079020380973816
1.0788840055465698
1.0787650346755981
1.0786174535751343
1.0784485340118408
1.0781961679458618
1.0778847932815552
1.0775041580200195
1.0771420001983643
1.076827883720398
1.0765985250473022
1.076430320739746
1.076284646987915
1.076151728630066
1.0760043859481812
1.0758610963821411
1.0756793022155762
1.0754753351211548
1.0752043724060059
1.07490074634552
1.07456374168396
1.074254035949707
1.0739809274673462
1.0737608671188354
1.073575496673584
1.0734105110168457
1.0732711553573608
1.0731500387191772
1.073075294494629
1.0730218887329102
1.0730092525482178
1.0729645490646362
1.0728754997253418
1.072625756263733
1.0722522735595703
1.0717298984527588
1.0712339878082275
1.0708541870117188
1.0706562995910645
1.0705742835998535
1.0705105066299438
1.0704293251037598
1.0702815055847168
1.0700918436050415
1.0698119401931763
1.0694966316223145
1.0691355466842651
1.0688053369522095
1.0685185194015503
1.0682955980300903
1.0681179761886597
1.067966341972351
1.0678443908691406
1.0677440166473389
1.067701816558838
1.067704439163208
1.0677809715270996
1.0678589344024658
1.0679352283477783
1.0678400993347168
1.0675628185272217
1.066992998123169
1.0663137435913086
1.0656712055206299
1.0653120279312134
1.0652287006378174
1.0652563571929932
1.0652557611465454
1.0651246309280396
1.0648906230926514
1.0645296573638916
1.0641398429870605
1.0637531280517578
1.0634565353393555
1.0632479190826416
1.0631029605865479
1.063000202178955
1.0629109144210815
1.0628583431243896
1.062821865081787
1.0628327131271362
1.062827706336975
1.0628094673156738
1.062666654586792
1.0623974800109863
1.0619211196899414
1.061376690864563
1.06084406375885
1.060495376586914
1.0603392124176025
1.0602948665618896
1.06028151512146
1.0602302551269531
1.06014883518219
1.05998694896698
1.0597736835479736
1.0594581365585327
1.0591034889221191
1.058711051940918
1.0583736896514893
1.0581090450286865
1.0579242706298828
1.057794451713562
1.05769681930542
1.0576491355895996
1.0576579570770264
1.0577837228775024
1.058027982711792
1.0584526062011719
1.0589392185211182
1.059427261352539
1.0595003366470337
1.059097409248352
1.0579326152801514
1.0565876960754395
1.0555733442306519
1.0553663969039917
1.0557079315185547
1.0560085773468018
1.0559720993041992
1.05551016330719
1.0548619031906128
1.0542429685592651
1.0539178848266602
1.0538650751113892
1.0539016723632812
1.0538922548294067
1.0537452697753906
1.0535004138946533
1.0531450510025024
1.0527704954147339
1.052409052848816
1.0521347522735596
1.051939606666565
1.0518020391464233
1.0517067909240723
1.051629900932312
1.051608681678772
1.0516400337219238
1.0517781972885132
1.051992654800415
1.052311897277832
1.0525563955307007
1.0526642799377441
1.0523295402526855
1.051645040512085
1.0506157875061035
1.0497363805770874
1.0492792129516602
1.0492993593215942
1.0495185852050781
1.0496222972869873
1.0495436191558838
1.0492182970046997
1.048767328262329
1.0482474565505981
1.0478382110595703
1.0475924015045166
1.047492504119873
1.04746413230896
1.047431230545044
1.0473963022232056
1.0473248958587646
1.0472522974014282
1.0471141338348389
1.0469379425048828
1.0466607809066772
1.046324372291565
1.04591703414917
1.0455427169799805
1.0452287197113037
1.045017957687378
1.0448849201202393
1.0447978973388672
1.044761061668396
1.0447739362716675
1.044898271560669
1.0451534986495972
1.0456366539001465
1.0462861061096191
1.0471322536468506
1.0477721691131592
1.048088788986206
1.0473051071166992
1.045849323272705
1.043965458869934
1.042802333831787
1.0427300930023193
1.0433216094970703
1.0438168048858643
1.043717384338379
1.0431245565414429
1.0422375202178955
1.041562557220459
1.0413241386413574
1.0414196252822876
1.0415654182434082
1.041529893875122
1.041314959526062
1.0409142971038818
1.0404739379882812
1.0400614738464355
1.0397840738296509
1.039632797241211
1.0395556688308716
1.0395214557647705
1.0394878387451172
1.0394859313964844
1.0394917726516724
1.039546251296997
1.0395832061767578
1.039625644683838
1.0395281314849854
1.0393065214157104
1.038834571838379
1.0382561683654785
1.0376471281051636
1.0372300148010254
1.0370447635650635
1.0370293855667114
1.0370845794677734
1.0371222496032715
1.037156343460083
1.0371389389038086
1.0370922088623047
1.03691828250885
1.0366528034210205
1.0362352132797241
1.035780906677246
1.0353304147720337
1.0350093841552734
1.0348234176635742
1.034740686416626
1.0347217321395874
1.0347316265106201
1.0348141193389893
1.0349795818328857
1.035295009613037
1.035740852355957
1.0363433361053467
1.036839246749878
1.037152886390686
1.0367531776428223
1.035804033279419
1.0342974662780762
1.0330767631530762
1.0325849056243896
1.0328251123428345
1.0332958698272705
1.033520221710205
1.0333977937698364
1.0328794717788696
1.0322121381759644
1.0315794944763184
1.0312347412109375
1.0311775207519531
1.0312535762786865
1.0313352346420288
1.0313341617584229
1.0312776565551758
1.0311057567596436
1.0308700799942017
1.0305262804031372
1.0301494598388672
1.0297490358352661
1.0294246673583984
1.0291881561279297
1.0290426015853882
1.0289604663848877
1.0289196968078613
1.0289616584777832
1.0291223526000977
1.029547929763794
1.0303609371185303
1.0318365097045898
1.0340683460235596
1.0372347831726074
1.0401649475097656
1.0422823429107666
1.0402333736419678
1.0356841087341309
1.0299639701843262
1.0275810956954956
1.0291370153427124
1.031806230545044
1.0328983068466187
1.0313069820404053
1.0286531448364258
1.0268895626068115
1.0271942615509033
1.0283844470977783
1.028687834739685
1.027830958366394
1.02645742893219
1.0257102251052856
1.0258562564849854
1.0262656211853027
1.0263006687164307
1.0257686376571655
1.0250566005706787
1.0245262384414673
1.0243829488754272
1.0244677066802979
1.0244982242584229
1.0243762731552124
1.0240623950958252
1.0236817598342896
1.023292899131775
1.0230014324188232
1.0228114128112793
1.022698163986206
1.0226316452026367
1.0225720405578613
1.0225417613983154
1.0225176811218262
1.022541880607605
1.0225615501403809
1.0226093530654907
1.022583246231079
1.0224930047988892
1.0222145318984985
1.0218136310577393
1.0212738513946533
1.0207725763320923
1.0203893184661865
1.020201563835144
1.0201594829559326
1.0201753377914429
1.0202118158340454
1.0202319622039795
1.020264744758606
1.020254373550415
1.020222544670105
1.020082712173462
1.0198578834533691
1.0194841623306274
1.019049882888794
1.018587350845337
1.0182386636734009
1.0180275440216064
1.0179415941238403
1.017932415008545
1.017958641052246
1.0180548429489136
1.0182291269302368
1.0185680389404297
1.0190610885620117
1.019783854484558
1.020538091659546
1.0212849378585815
1.0214310884475708
1.0209782123565674
1.0194836854934692
1.017714500427246
1.016322374343872
1.0160328149795532
1.0165725946426392
1.017173409461975
1.01740300655365
1.017054557800293
1.0163425207138062
1.0154870748519897
1.014939785003662
1.014829397201538
1.0149849653244019
1.015152096748352
1.015148401260376
1.0149893760681152
1.0146615505218506
1.0142731666564941
1.013856291770935
1.0135281085968018
1.013301968574524
1.0131785869598389
1.0131248235702515
1.0131109952926636
1.013177752494812
1.013352632522583
1.0137696266174316
1.014503002166748
1.0157676935195923
1.0174977779388428
1.0198527574539185
1.0218274593353271
1.0231919288635254
1.0216922760009766
1.018312692642212
1.013878583908081
1.0117031335830688
1.012511134147644
1.0145270824432373
1.015725016593933
1.0150479078292847
1.0132187604904175
1.011347770690918
1.0108425617218018
1.0115330219268799
1.012208104133606
1.0121395587921143
1.0112850666046143
1.0103181600570679
1.0097746849060059
1.0098227262496948
1.0101072788238525
1.0101966857910156
1.0100048780441284
1.0095436573028564
1.0090394020080566
1.0086232423782349
1.0084104537963867
1.0083589553833008
1.008366346359253
1.0083885192871094
1.0083709955215454
1.0083551406860352
1.0082961320877075
1.0082279443740845
1.0080705881118774
1.0078628063201904
1.0075410604476929
1.007187843322754
1.0068062543869019
1.0064924955368042
1.0062583684921265
1.0061159133911133
1.0060385465621948
1.0060007572174072
1.0060317516326904
1.0061627626419067
1.0065127611160278
1.0071985721588135
1.0084885358810425
1.0105129480361938
1.013649582862854
1.0170449018478394
1.020542860031128
1.0206671953201294
1.0180104970932007
1.0112988948822021
1.00605309009552
1.0053027868270874
1.008164882659912
1.011038064956665
1.0111080408096313
1.0088030099868774
1.0056188106536865
1.0043699741363525
1.0053932666778564
1.0066725015640259
1.0066630840301514
1.0052740573883057
1.003862738609314
1.0034228563308716
1.0038857460021973
1.0043511390686035
1.0041425228118896
1.003442645072937
1.0026642084121704
1.0022943019866943
1.0023434162139893
1.0024969577789307
1.0025091171264648
1.0022555589675903
1.0018671751022339
1.0014333724975586
1.0011131763458252
1.0009350776672363
1.0008667707443237
1.000851035118103
1.0008225440979004
1.0007970333099365
1.0007431507110596
1.0006980895996094
1.0006129741668701
1.0005241632461548
1.0003643035888672
1.0001705884933472
0.9998951554298401
0.9996023178100586
0.999273955821991
0.9989838004112244
0.9987356662750244
0.9985561966896057
0.9984275102615356
0.998335063457489
0.9982879161834717
0.9982998371124268
0.9984575510025024
0.9988637566566467
0.9997998476028442
1.00159752368927
1.00486421585083
1.0096112489700317
1.0162503719329834
1.0206879377365112
1.0221993923187256
1.0143380165100098
1.004319667816162
0.9980567693710327
1.000212550163269
1.006046175956726
1.008679986000061
1.006715178489685
1.0011789798736572
0.9977760314941406
0.9988820552825928
1.001511573791504
1.0019872188568115
0.9996219873428345
0.9972560405731201
0.9970257878303528
0.9982484579086304
0.998778760433197
0.9977473616600037
0.9963572025299072
0.9958082437515259
0.9962031841278076
0.996617317199707
0.9963239431381226
0.9955748319625854
0.9948891401290894
0.9946912527084351
0.9948368072509766
0.994920551776886
0.9947755336761475
0.9943772554397583
0.9939430952072144
0.9935953617095947
0.9934242963790894
0.9933776259422302
0.9933503866195679
0.9933032393455505
0.9931799173355103
0.9930166006088257
0.9927887916564941
0.9925531148910522
0.9923018217086792
0.9920772314071655
0.9918726086616516
0.9917002320289612
0.9915485978126526
0.9914113879203796
0.9912921786308289
0.9911892414093018
0.9911302328109741
0.9911433458328247
0.9913278818130493
0.9918128252029419
0.9929366111755371
0.9950383901596069
0.9987913370132446
1.0037682056427002
1.009902000427246
1.0123405456542969
1.010460615158081
1.000827670097351
0.9924355149269104
0.9912306070327759
0.9960026741027832
0.9999035596847534
0.9983300566673279
0.9937496781349182
0.9905045628547668
0.9914852380752563
0.993950605392456
0.9940195083618164
0.9918919801712036
0.9898722171783447
0.9899386763572693
0.9911049604415894
0.991307258605957
0.9902867078781128
0.989048957824707
0.988734245300293
0.9891749620437622
0.9894357323646545
0.9891083240509033
0.9883667826652527
0.9878122806549072
0.9876850247383118
0.9878150820732117
0.9878979325294495
0.9877297282218933
0.9873861074447632
0.9869639277458191
0.9866467714309692
0.9864736795425415
0.9864151477813721
0.9864025712013245
0.9863607287406921
0.9862979054450989
0.9861783385276794
0.9860444068908691
0.9858601093292236
0.9856666922569275
0.9854401350021362
0.9852246046066284
0.9850056171417236
0.9848123788833618
0.9846344590187073
0.984480619430542
0.9843406081199646
0.9842121601104736
0.9840937256813049
0.9839882850646973
0.9839176535606384
0.9839093089103699
0.9840672612190247
0.9845584630966187
0.9858224391937256
0.988536536693573
0.9941024780273438
1.0030517578125
1.016350507736206
1.0250170230865479
1.0263309478759766
1.007021188735962
0.988714337348938
0.9861370921134949
0.9971468448638916
1.005832314491272
1.0012363195419312
0.9905295968055725
0.9852067828178406
0.989935040473938
0.9950371980667114
0.9925094246864319
0.9867439270019531
0.9848361015319824
0.9876883625984192
0.9895039796829224
0.9872198104858398
0.9842821359634399
0.9840990304946899
0.985669732093811
0.9859504699707031
0.9842895865440369
0.982852041721344
0.9829670190811157
0.9836827516555786
0.9835870265960693
0.9825679063796997
0.9817390441894531
0.9816792011260986
0.9819666147232056
0.9819386005401611
0.9814079999923706
0.9808163642883301
0.9805101752281189
0.9805152416229248
0.980566143989563
0.9804099202156067
0.9800872802734375
0.9797049164772034
0.97943115234375
0.979292631149292
0.9792304039001465
0.9791755676269531
0.9790526628494263
0.9788820743560791
0.9786567091941833
0.978431224822998
0.9782103300094604
0.9780252575874329
0.9778664112091064
0.9777321815490723
0.9776175022125244
0.9775131344795227
0.9774271249771118
0.9773572683334351
0.9773352146148682
0.9773527383804321
0.9774643778800964
0.9776630401611328
0.9780100584030151
0.9784363508224487
0.9789558053016663
0.9793007373809814
0.9794119000434875
0.9789132475852966
0.9780023097991943
0.9768053293228149
0.9759365916252136
0.9756656885147095
0.9759088754653931
0.9763010740280151
0.9764877557754517
0.9764131307601929
0.976027250289917
0.9755125045776367
0.9750033617019653
0.9747025966644287
0.9746295213699341
0.9746932983398438
0.9747943878173828
0.9748467803001404
0.9748663306236267
0.9748049378395081
0.9746972322463989
0.974496603012085
0.9742552638053894
0.9739504456520081
0.9736576080322266
0.9733887314796448
0.9731948971748352
0.9730638265609741
0.9729844927787781
0.9729482531547546
0.9729538559913635
0.973063051700592
0.9733334183692932
0.9739634394645691
0.9751555919647217
0.9773671627044678
0.9807618856430054
0.9857734441757202
0.9903404712677002
0.9939069747924805
0.9908279180526733
0.9839687347412109
0.9754195213317871
0.972729504108429
0.9761052131652832
0.980311393737793
0.9814360737800598
0.9782415628433228
0.9741304516792297
0.9724588394165039
0.9739721417427063
0.9759042859077454
0.9756841063499451
0.97381591796875
0.9720196723937988
0.9718468189239502
0.9727716445922852
0.9732560515403748
0.9727576375007629
0.9716441631317139
0.9708853363990784
0.9708648920059204
0.9712170362472534
0.9713969230651855
0.9711183309555054
0.970584511756897
0.9700417518615723
0.969761848449707
0.9697384834289551
0.9698131084442139
0.9698580503463745
0.969774067401886
0.9696058034896851
0.9693365097045898
0.969052791595459
0.9687674641609192
0.9685435891151428
0.968376874923706
0.9682649970054626
0.9681921005249023
0.9681437611579895
0.9681404829025269
0.9681890606880188
0.9683600664138794
0.9686847925186157
0.969300389289856
0.9702141880989075
0.971564531326294
0.9730079770088196
0.9744189977645874
0.9745283126831055
0.973468542098999
0.97074294090271
0.9681275486946106
0.9669034481048584
0.9674928784370422
0.9688000679016113
0.9694905877113342
0.9692214727401733
0.968039870262146
0.9668155908584595
0.9662190675735474
0.9664250612258911
0.9669350385665894
0.967164158821106
0.9669918417930603
0.9664456844329834
0.9658491015434265
0.9654170870780945
0.9652895927429199
0.9653760194778442
0.9655075073242188
0.9656135439872742
0.9656246900558472
0.9655826091766357
0.9654335975646973
0.9652320742607117
0.9649434685707092
0.964647114276886
0.9643425941467285
0.9641011357307434
0.9639205932617188
0.9638047814369202
0.9637373089790344
0.9637081027030945
0.9637494683265686
0.9639062881469727
0.9643529653549194
0.9653427600860596
0.9675107002258301
0.9716557860374451
0.9792656302452087
0.9893832802772522
1.0025994777679443
1.0067611932754517
1.0033403635025024
0.9831024408340454
0.9675240516662598
0.9666402339935303
0.9770506620407104
0.9871273636817932
0.9871821999549866
0.978874146938324
0.9678682088851929
0.9660937786102295
0.972147524356842
0.9759024977684021
0.9734423756599426
0.9673547148704529
0.9650220274925232
0.9675540924072266
0.9699088335037231
0.9689147472381592
0.9656704664230347
0.9640482068061829
0.965053915977478
0.9663307666778564
0.9659810066223145
0.9642374515533447
0.9630315899848938
0.9631909132003784
0.9638605117797852
0.9639202356338501
0.9631049036979675
0.9621948003768921
0.9618111848831177
0.9619749188423157
0.9622023105621338
0.9620583653450012
0.961618185043335
0.9610753059387207
0.9607251882553101
0.9606198072433472
0.9606443643569946
0.9606667160987854
0.9605692625045776
0.9603822827339172
0.9600986838340759
0.9598132967948914
0.9595454931259155
0.9593457579612732
0.9592030644416809
0.9591044783592224
0.9590369462966919
0.9589797258377075
0.9589534401893616
0.958942711353302
0.9589894413948059
0.9590702056884766
0.9592363834381104
0.9594276547431946
0.9596929550170898
0.959876537322998
0.9599866271018982
0.959784746170044
0.9593625068664551
0.9586493968963623
0.9579387307167053
0.9573943018913269
0.9571933746337891
0.9572702646255493
0.9574519395828247
0.9576324820518494
0.9577125310897827
0.9577205777168274
0.9575788974761963
0.9573444128036499
0.9569854736328125
0.9566138982772827
0.9562726020812988
0.9560491442680359
0.9559407234191895
0.9559187889099121
0.955957293510437
0.956038236618042
0.9562187790870667
0.956527829170227
0.9570802450180054
0.9578959941864014
0.9591356515884399
0.9605711698532104
0.9622141718864441
0.9630000591278076
0.9628741145133972
0.9607345461845398
0.9579365253448486
0.9555360078811646
0.954994797706604
0.9560075402259827
0.9572708010673523
0.9579083323478699
0.9574323296546936
0.9562751054763794
0.9549539089202881
0.9543324112892151
0.9545349478721619
0.9550687074661255
0.9554207921028137
0.9553066492080688
0.9548550248146057
0.9542045593261719
0.9536880254745483
0.9534516930580139
0.9534888863563538
0.9536586403846741
0.9538171291351318
0.9539543986320496
0.9540143013000488
0.9540495872497559
0.9539711475372314
0.9538298845291138
0.9535382986068726
0.9531921744346619
0.952779233455658
0.9524309635162354
0.9521749019622803
0.9520454406738281
0.9520102739334106
0.9520364999771118
0.9521462321281433
0.9523760080337524
0.9528924226760864
0.9538890719413757
0.9558075666427612
0.9589600563049316
0.9641324281692505
0.9702620506286621
0.9770697355270386
0.9780792593955994
0.9742136001586914
0.962600827217102
0.9538911581039429
0.9531038403511047
0.9585358500480652
0.9643275737762451
0.9655307531356812
0.9622845649719238
0.9558923840522766
0.95245361328125
0.95391845703125
0.9570662975311279
0.9582142233848572
0.956123948097229
0.9531503915786743
0.9517210125923157
0.9525768756866455
0.954018771648407
0.954181432723999
0.9531004428863525
0.9515568017959595
0.950810432434082
0.9510782957077026
0.9516640901565552
0.9518985748291016
0.9514878988265991
0.950767457485199
0.9500669240951538
0.9497452974319458
0.949790894985199
0.9499689340591431
0.9501017332077026
0.9500440955162048
0.9498555064201355
0.9495218992233276
0.9491643905639648
0.9488167762756348
0.9485697746276855
0.948415994644165
0.948342502117157
0.9483283162117004
0.9483519792556763
0.9484577178955078
0.9486608505249023
0.9490823149681091
0.9497665166854858
0.9509261250495911
0.9524624943733215
0.9545038938522339
0.9561113119125366
0.95704585313797
0.9555750489234924
0.952725350856781
0.9491438865661621
0.947357714176178
0.947935938835144
0.949614942073822
0.9508508443832397
0.9506415128707886
0.9493685960769653
0.9476773738861084
0.9467809796333313
0.9469965696334839
0.9477075338363647
0.948174238204956
0.9479809403419495
0.9473429918289185
0.9465436339378357
0.9460405707359314
0.9459642171859741
0.9461662769317627
0.9464236497879028
0.946558952331543
0.9465878009796143
0.9464380741119385
0.9461888074874878
0.9458155035972595
0.9454442262649536
0.945104718208313
0.9448829889297485
0.9447675347328186
0.9447354674339294
0.9447716474533081
0.9448725581169128
0.9451285600662231
0.9456449151039124
0.9467267394065857
0.9486657977104187
0.9521613121032715
0.9571831226348877
0.9643225073814392
0.9695453643798828
0.9721924066543579
0.9646210074424744
0.9537972211837769
0.9455968737602234
0.9467175602912903
0.9533312320709229
0.9581477642059326
0.9587749242782593
0.9535263776779175
0.9475145936012268
0.9451453685760498
0.947465717792511
0.9507200717926025
0.9511874318122864
0.9490220546722412
0.9458242058753967
0.9444994926452637
0.9454712867736816
0.9469370245933533
0.9473349452018738
0.9462341070175171
0.9446768760681152
0.9436701536178589
0.9437403082847595
0.9443800449371338
0.9447685480117798
0.9446568489074707
0.9440150260925293
0.9432640671730042
0.9426973462104797
0.9425322413444519
0.9426618218421936
0.9428552985191345
0.9430044293403625
0.9429922103881836
0.9428858160972595
0.9426297545433044
0.9423145055770874
0.9419339895248413
0.94160395860672
0.9413375854492188
0.9411742091178894
0.9410881996154785
0.9410558938980103
0.941085696220398
0.9411871433258057
0.9414623975753784
0.9420036673545837
0.9430897831916809
0.9448950290679932
0.947890043258667
0.9516322016716003
0.9560567140579224
0.9577655792236328
0.95628821849823
0.9493842124938965
0.942834198474884
0.9407090544700623
0.9434686899185181
0.9472960829734802
0.9483866095542908
0.9466037750244141
0.9428499937057495
0.9405502080917358
0.941054105758667
0.9428690671920776
0.9438528418540955
0.9429957866668701
0.9412740468978882
0.9399328231811523
0.9399119019508362
0.9407033324241638
0.9412221908569336
0.9410797357559204
0.940300703048706
0.9394631385803223
0.9389817714691162
0.9390122890472412
0.9393048286437988
0.9395219683647156
0.9395719766616821
0.9393751621246338
0.9390544295310974
0.9386309385299683
0.9382608532905579
0.937989354133606
0.9378598928451538
0.9378353953361511
0.9378718137741089
0.9379822015762329
0.9381747245788574
0.9385682940483093
0.9392275214195251
0.9403921961784363
0.9420446157455444
0.9443936347961426
0.9465929865837097
0.9484604597091675
0.9477826356887817
0.9451542496681213
0.9406560659408569
0.9376059770584106
0.937461256980896
0.9393822550773621
0.9413602948188782
0.9418318271636963
0.9408166408538818
0.9386762976646423
0.9370439052581787
0.9367998242378235
0.9376280307769775
0.9385188817977905
0.9386948347091675
0.9381908774375916
0.9371749758720398
0.936323344707489
0.9359831213951111
0.9361571073532104
0.9365388751029968
0.936819851398468
0.9369504451751709
0.9368310570716858
0.9365631341934204
0.9361093640327454
0.9356460571289062
0.935238242149353
0.9350029230117798
0.9349249601364136
0.9349585175514221
0.935082197189331
0.9352889657020569
0.9356977939605713
0.9364034533500671
0.9376939535140991
0.9396830797195435
0.9428091049194336
0.9463473558425903
0.9501550197601318
0.9508056640625
0.9486220479011536
0.9420239925384521
0.936403751373291
0.9347547888755798
0.9371573328971863
0.9408413767814636
0.9429906606674194
0.9430335164070129
0.940120279788971
0.936573326587677
0.9345075488090515
0.9350854158401489
0.9369438886642456
0.9380629658699036
0.937913179397583
0.9364652633666992
0.9348196983337402
0.9338138103485107
0.9338948130607605
0.9346013069152832
0.9352015256881714
0.9354523420333862
0.9351562261581421
0.9345510005950928
0.9337383508682251
0.933101236820221
0.9327792525291443
0.9327920079231262
0.9330029487609863
0.9332589507102966
0.9335713386535645
0.9338868856430054
0.9343014359474182
0.9346703290939331
0.9350308179855347
0.935052752494812
0.9347935914993286
0.9339870810508728
0.9330118894577026
0.9320737719535828
0.9315974116325378
0.9316127896308899
0.9319257140159607
0.9323460459709167
0.932732343673706
0.9331315159797668
0.933415949344635
0.9336416125297546
0.9335523843765259
0.9332174062728882
0.9324870109558105
0.931684136390686
0.9309654235839844
0.9306125640869141
0.9306184649467468
0.9308462738990784
0.9312037229537964
0.9316366910934448
0.9322842359542847
0.9331223964691162
0.9343727827072144
0.9357351660728455
0.9373036623001099
0.938014030456543
0.9379007816314697
0.9358845949172974
0.9332126379013062
0.9307535886764526
0.929973840713501
0.9307527542114258
0.9321140646934509
0.933381974697113
0.9339817762374878
0.9339652061462402
0.9329203367233276
0.931458592414856
0.9300371408462524
0.9294048547744751
0.92960524559021
0.9302345514297485
0.9309446811676025
0.9314866662025452
0.9319294691085815
0.932036280632019
0.9318712949752808
0.9311816692352295
0.9302791357040405
0.9292921423912048
0.9286614060401917
0.9284873008728027
0.9286820888519287
0.9290738105773926
0.9295309782028198
0.9301447868347168
0.9309039115905762
0.9319893717765808
0.9331347942352295
0.9344505667686462
0.9350861310958862
0.9351968169212341
0.9337402582168579
0.9316008687019348
0.9291775226593018
0.927892804145813
0.9280192852020264
0.9290359616279602
0.9303162693977356
0.9313727617263794
0.9322192668914795
0.9322681427001953
0.931668758392334
0.930156409740448
0.9285476207733154
0.927388072013855
0.9271746277809143
0.9276798963546753
0.9284207820892334
0.929218053817749
0.9298993349075317
0.9305720329284668
0.9309008717536926
0.930912971496582
0.9301846027374268
0.9290609359741211
0.9276540875434875
0.9266631603240967
0.9263277649879456
0.9265929460525513
0.9271714687347412
0.9278106689453125
0.9285715818405151
0.9293509721755981
0.9302921295166016
0.9309625625610352
0.931427001953125
0.9309435486793518
0.9298747777938843
0.9280707836151123
0.9264954328536987
0.925628125667572
0.9257210493087769
0.9264196753501892
0.9272795915603638
0.9282631874084473
0.9291729927062988
0.930137574672699
0.9305689334869385
0.9305826425552368
0.9295021295547485
0.9279177784919739
0.9261053800582886
0.9250466823577881
0.9249857664108276
0.925624668598175
0.9265202879905701
0.9273451566696167
0.9281798601150513
0.9287350177764893
0.9290632605552673
0.9286408424377441
0.927725076675415
0.9262472987174988
0.9249643087387085
0.9242309331893921
0.9242420792579651
0.9247462749481201
0.9254201054573059
0.9262532591819763
0.92717045545578
0.9283643960952759
0.9294846057891846
0.9306142330169678
0.9308362007141113
0.9303478598594666
0.9283778667449951
0.9261012077331543
0.9241503477096558
0.923546314239502
0.9241504073143005
0.925286591053009
0.9265809655189514
0.9277253150939941
0.9287892580032349
0.929101824760437
0.9288066029548645
0.927320122718811
0.925460696220398
0.923711359500885
0.9229560494422913
0.9232203960418701
0.9240384101867676
0.925057590007782
0.9260454177856445
0.9271146059036255
0.9279254674911499
0.9285227656364441
0.9281123876571655
0.9270161390304565
0.9250392317771912
0.923284649848938
0.9223142266273499
0.9224286079406738
0.9232264161109924
0.9241880178451538
0.9252784252166748
0.9263049364089966
0.9273762106895447
0.9278264045715332
0.9277253150939941
0.9263825416564941
0.9245559573173523
0.9226484894752502
0.921676516532898
0.9217754602432251
0.9225461483001709
0.9236102104187012
0.9247082471847534
0.9259760975837708
0.9269759058952332
0.9277589917182922
0.9274010062217712
0.926242470741272
0.9240647554397583
0.9220986366271973
0.9210377931594849
0.9212281107902527
0.9221764802932739
0.9232603311538696
0.9243740439414978
0.9252407550811768
0.9259232878684998
0.9257935881614685
0.9250593185424805
0.9234374165534973
0.9217694997787476
0.9205780029296875
0.9203472137451172
0.9208593368530273
0.921661913394928
0.9226007461547852
0.9235469698905945
0.9246048331260681
0.9253548383712769
0.9258570671081543
0.9253179430961609
0.9240456223487854
0.9220027327537537
0.9203514456748962
0.9196663498878479
0.9200289845466614
0.9209436774253845
0.9219193458557129
0.9229426383972168
0.923747181892395
0.924415647983551
0.9243195056915283
0.9236551523208618
0.9221370220184326
0.9205362796783447
0.919323205947876
0.9190200567245483
0.9194591045379639
0.9202088713645935
0.9211252927780151
0.9220879077911377
0.9232628345489502
0.924275279045105
0.9251668453216553
0.9250538945198059
0.9241824746131897
0.9221072793006897
0.9200072288513184
0.9186071157455444
0.9185020327568054
0.9193242788314819
0.9204420447349548
0.9216843247413635
0.9227932691574097
0.9238960146903992
0.9243112802505493
0.9241125583648682
0.9226268529891968
0.9206843376159668
0.918761670589447
0.9178782105445862
0.9180983304977417
0.9189671874046326
0.9201251268386841
0.9213316440582275
0.9227979183197021
0.9240988492965698
0.9252787828445435
0.9252017736434937
0.9242051243782043
0.9216576814651489
0.9191362857818604
0.9175174236297607
0.9174894094467163
0.9185694456100464
0.9199938774108887
0.9215952754020691
0.9230233430862427
0.9244173765182495
0.9247831702232361
0.9242514967918396
0.922049343585968
0.919474720954895
0.9173679351806641
0.9168375134468079
0.9176381826400757
0.9189599752426147
0.9204464554786682
0.9217993021011353
0.9231305122375488
0.9236376285552979
0.9233536720275879
0.9214459657669067
0.9190989136695862
0.9169934988021851
0.9162554740905762
0.916793942451477
0.9179412126541138
0.9193099141120911
0.9206007719039917
0.9219582676887512
0.9226982593536377
0.9228439927101135
0.9214920997619629
0.9194262623786926
0.9170849919319153
0.9157996773719788
0.9158552289009094
0.9167948365211487
0.9180538654327393
0.9192110896110535
0.92030930519104
0.9208520650863647
0.920905590057373
0.9198147654533386
0.9181668758392334
0.9162857532501221
0.9151855707168579
0.9151028394699097
0.9157533645629883
0.9167511463165283
0.9178018569946289
0.9190505146980286
0.9201924800872803
0.9213321208953857
0.9216079711914062
0.9211013317108154
0.9191741347312927
0.9168859720230103
0.9149734377861023
0.9144304394721985
0.9150740504264832
0.9162214994430542
0.9175156950950623
0.9186651706695557
0.9197549819946289
0.9201436042785645
0.9199284315109253
0.9184746742248535
0.9165790677070618
0.9147266149520874
0.9138799905776978
0.9141029715538025
0.9149501919746399
0.9160809516906738
0.9172643423080444
0.9186912178993225
0.9199110269546509
0.9210140109062195
0.9209671020507812
0.9199501276016235
0.9175087213516235
0.915046215057373
0.9134863018989563
0.9135056734085083
0.9145947694778442
0.9159661531448364
0.9173824787139893
0.9184377193450928
0.9192473888397217
0.9189569354057312
0.9179239869117737
0.9158974289894104
0.9140100479125977
0.9128783941268921
0.9128872752189636
0.9136742353439331
0.9147436022758484
0.9160658121109009
0.9174933433532715
0.9192482233047485
0.9205741882324219
0.9214761853218079
0.9205912351608276
0.9185242652893066
0.9152668714523315
0.9129235744476318
0.9123362302780151
0.913325846195221
0.9150350689888
0.9167367815971375
0.9185463190078735
0.9197905659675598
0.9204902648925781
0.9192994832992554
0.9170798063278198
0.9141051769256592
0.9122112989425659
0.911968469619751
0.9130098819732666
0.9146406054496765
0.9163259863853455
0.9182634949684143
0.9197860956192017
0.9208818078041077
0.9200665950775146
0.917901873588562
0.9144906997680664
0.9120256304740906
0.9114581942558289
0.9125510454177856
0.9143592119216919
0.916048526763916
0.9175998568534851
0.9182635545730591
0.9180941581726074
0.9162662029266357
0.9138621091842651
0.9116530418395996
0.9108744859695435
0.9114747643470764
0.91270512342453
0.914072573184967
0.9151883125305176
0.9161440134048462
0.9163199663162231
0.9158322215080261
0.9141820669174194
0.9122750759124756
0.9106956124305725
0.910226047039032
0.9107179641723633
0.9116398692131042
0.9127534627914429
0.9138632416725159
0.9151206016540527
0.9159715175628662
0.9164323806762695
0.9155969023704529
0.9139472842216492
0.9116376638412476
0.9100297093391418
0.909636914730072
0.9103010296821594
0.9114460945129395
0.9125636219978333
0.9136979579925537
0.9144631624221802
0.9149199724197388
0.914358377456665
0.9131011962890625
0.9111698865890503
0.9096359610557556
0.9090129137039185
0.9093549847602844
0.9102451205253601
0.9112875461578369
