# adam, lr=0.01, alpha = 1000000, beta = 0.1
# best_iter: 2982, best_loss = 0.040542155504226685, imsave period = 300
6.687419891357422
4.59287166595459
3.641383409500122
3.149454116821289
2.84696888923645
2.6181371212005615
2.4181580543518066
2.231262683868408
2.05381441116333
1.886765718460083
1.7317769527435303
1.5899956226348877
1.4614228010177612
1.3452264070510864
1.2403565645217896
1.1455868482589722
1.0600552558898926
0.9824662208557129
0.9119281768798828
0.8477620482444763
0.7892590165138245
0.7359293699264526
0.6873717308044434
0.6427832245826721
0.6019681096076965
0.5648004412651062
0.5307874083518982
0.49957653880119324
0.4709499478340149
0.4447307884693146
0.4205924868583679
0.3984394669532776
0.3780312240123749
0.35924071073532104
0.34195375442504883
0.32598817348480225
0.31119582056999207
0.2974879741668701
0.28477713465690613
0.27295559644699097
0.26196524500846863
0.2517763674259186
0.24228128790855408
0.2334287166595459
0.22519010305404663
0.2175038754940033
0.21032583713531494
0.20361660420894623
0.1973303258419037
0.19143328070640564
0.18589505553245544
0.18069656193256378
0.17580769956111908
0.17120611667633057
0.16687792539596558
0.16279810667037964
0.15894940495491028
0.15531319379806519
0.15187229216098785
0.14860975742340088
0.14551615715026855
0.1425807625055313
0.13979053497314453
0.137131005525589
0.13459748029708862
0.13217954337596893
0.12986908853054047
0.12765897810459137
0.12554603815078735
0.12352263182401657
0.12158185988664627
0.11971863359212875
0.11792989075183868
0.11621204018592834
0.11455817520618439
0.11296547949314117
0.11143273115158081
0.10995440185070038
0.10852785408496857
0.10715128481388092
0.10582128912210464
0.10453536361455917
0.10329107940196991
0.10208777338266373
0.10092245042324066
0.09979292750358582
0.09869732707738876
0.09763380885124207
0.09660115838050842
0.09559858590364456
0.09462423622608185
0.09367655962705612
0.09275516867637634
0.09185849130153656
0.09098565578460693
0.09013504534959793
0.08930604159832001
0.08849823474884033
0.0877101942896843
0.08694136142730713
0.08619040250778198
0.08545725047588348
0.08474128693342209
0.08404213190078735
0.08335930109024048
0.08269210904836655
0.08204004913568497
0.08140228688716888
0.08077836781740189
0.08016812801361084
0.07957083731889725
0.07898638397455215
0.07841451466083527
0.07785475254058838
0.07730649411678314
0.07676953077316284
0.07624350488185883
0.07572806626558304
0.07522284984588623
0.07472793757915497
0.07424270361661911
0.07376706600189209
0.07330096513032913
0.07284434884786606
0.0723966509103775
0.07195742428302765
0.07152655720710754
0.0711040273308754
0.07068933546543121
0.0702827051281929
0.0698835700750351
0.06949195265769958
0.06910768151283264
0.06873048841953278
0.06836020946502686
0.06799688190221786
0.06764025241136551
0.06729021668434143
0.06694673001766205
0.06660986691713333
0.06627920269966125
0.06595464795827866
0.0656360387802124
0.06532320380210876
0.06501589715480804
0.06471404433250427
0.06441767513751984
0.06412665545940399
0.06384068727493286
0.0635596215724945
0.06328358501195908
0.06301242858171463
0.0627458468079567
0.06248410418629646
0.06222698837518692
0.06197427958250046
0.06172599270939827
0.061482079327106476
0.06124245375394821
0.061006978154182434
0.060775600373744965
0.06054820120334625
0.06032479926943779
0.060105327516794205
0.05988965556025505
0.05967770516872406
0.0594693124294281
0.05926443636417389
0.05906299874186516
0.058864936232566833
0.05867035686969757
0.05847899243235588
0.05829079449176788
0.05810574069619179
0.05792364850640297
0.057744476944208145
0.05756828188896179
0.05739505589008331
0.057224586606025696
0.05705688148736954
0.056891970336437225
0.056729719042778015
0.05656997859477997
0.056412745267152786
0.05625798925757408
0.056105658411979675
0.0559556782245636
0.05580805614590645
0.05566272884607315
0.055519696325063705
0.05537884682416916
0.05524011328816414
0.05510352551937103
0.05496901646256447
0.054836589843034744
0.054706260561943054
0.05457790568470955
0.05445149540901184
0.05432702228426933
0.05420447885990143
0.05408373475074768
0.05396473407745361
0.05384747311472893
0.053732022643089294
0.05361822247505188
0.05350609868764877
0.0533955879509449
0.05328673496842384
0.05317942053079605
0.05307360365986824
0.0529693141579628
0.052866529673337936
0.052765242755413055
0.052665386348962784
0.05256696045398712
0.05246992036700249
0.05237416550517082
0.05227981507778168
0.05218684673309326
0.05209506303071976
0.05200452357530594
0.05191529542207718
0.05182722583413124
0.051740311086177826
0.051654499024152756
0.051569875329732895
0.051486361771821976
0.0514039546251297
0.05132260173559189
0.051242273300886154
0.05116300284862518
0.05108477920293808
0.05100759118795395
0.050931416451931
0.05085616186261177
0.050781745463609695
0.050708211958408356
0.050635628402233124
0.05056387931108475
0.05049300193786621
0.05042305588722229
0.050353940576314926
0.05028558894991875
0.05021807923913002
0.050151389092206955
0.05008547008037567
0.05002028867602348
0.049955908209085464
0.04989226162433624
0.04982936382293701
0.04976716637611389
0.049705687910318375
0.04964492842555046
0.049584947526454926
0.04952557384967804
0.049466945230960846
0.049408920109272
0.049351491034030914
0.049294695258140564
0.049238599836826324
0.04918314144015312
0.04912826046347618
0.0490739569067955
0.049020279198884964
0.04896719753742218
0.048914700746536255
0.048862721771001816
0.048811350017786026
0.04876050353050232
0.04871015623211861
0.04866034910082817
0.04861107096076012
0.04856223985552788
0.04851393774151802
0.04846615716814995
0.048418883234262466
0.048372041434049606
0.048325683921575546
0.04827980697154999
0.04823438450694084
0.04818940907716751
0.04814489930868149
0.04810085892677307
0.04805724695324898
0.048014085739851
0.04797133803367615
0.04792898893356323
0.047887105494737625
0.04784560948610306
0.047804564237594604
0.04776391014456749
0.04772362858057022
0.04768378660082817
0.047644298523664474
0.047605179250240326
0.047566428780555725
0.047528039664030075
0.04748998582363129
0.04745228961110115
0.04741494730114937
0.04737793654203415
0.047341298311948776
0.047304920852184296
0.04726891964673996
0.04723324999213219
0.04719790071249008
0.04716280475258827
0.047128044068813324
0.04709363356232643
0.04705946147441864
0.04702558368444443
0.04699203372001648
0.04695873335003853
0.046925682574510574
0.046893008053302765
0.046860579401254654
0.04682843014597893
0.046796541661024094
0.04676490277051926
0.04673352837562561
0.04670243710279465
0.04667156562209129
0.046640969812870026
0.04661061614751816
0.0465804859995842
0.04655065760016441
0.046521060168743134
0.046491675078868866
0.0464625246822834
0.04643360152840614
0.046404879540205
0.04637640714645386
0.04634815827012062
0.04632008448243141
0.04629221186041832
0.04626459255814552
0.04623718559741974
0.04620996117591858
0.04618296027183533
0.04615616798400879
0.04612955078482628
0.046103183180093765
0.04607701301574707
0.046051014214754105
0.04602520540356636
0.04599960520863533
0.04597427323460579
0.0459490604698658
0.04592401534318924
0.045899223536252975
0.045874591916799545
0.04585012421011925
0.04582584649324417
0.04580172896385193
0.04577779769897461
0.04575406387448311
0.045730508863925934
0.04570711404085159
0.04568389803171158
0.04566081613302231
0.04563791677355766
0.04561517760157585
0.045592594891786575
0.04557020589709282
0.04554799571633339
0.04552590101957321
0.045503951609134674
0.045482177287340164
0.045460570603609085
0.045439086854457855
0.04541774094104767
0.04539661109447479
0.04537562280893326
0.04535474628210068
0.04533406347036362
0.04531348496675491
0.04529305174946785
0.04527273774147034
0.045252565294504166
0.04523254930973053
0.04521266371011734
0.045192901045084
0.045173294842243195
0.045153770595788956
0.045134399086236954
0.045115139335393906
0.0450960211455822
0.04507701098918915
0.04505812004208565
0.045039355754852295
0.04502071440219879
0.04500221833586693
0.044983819127082825
0.044965557754039764
0.04494738206267357
0.04492934048175812
0.044911451637744904
0.04489365592598915
0.044875990599393845
0.0448584146797657
0.04484095796942711
0.04482359439134598
0.04480639472603798
0.044789280742406845
0.04477228224277496
0.04475541040301323
0.04473862797021866
0.044721923768520355
0.04470531642436981
0.04468877986073494
0.044672392308712006
0.044656090438365936
0.04463987052440643
0.044623736292123795
0.04460772126913071
0.044591791927814484
0.04457592964172363
0.044560205191373825
0.044544484466314316
0.04452891647815704
0.04451344534754753
0.044498056173324585
0.04448278993368149
0.044467583298683167
0.0444524921476841
0.04443745315074921
0.044422559440135956
0.0444076843559742
0.0443929098546505
0.04437822476029396
0.044363632798194885
0.044349126517772675
0.04433466121554375
0.04432027414441109
0.04430602490901947
0.044291868805885315
0.044277727603912354
0.044263727962970734
0.044249799102544785
0.04423591494560242
0.0442221499979496
0.04420843347907066
0.0441947877407074
0.04418129846453667
0.04416784644126892
0.04415443539619446
0.044141147285699844
0.04412791132926941
0.044114768505096436
0.044101692736148834
0.0440886914730072
0.04407570883631706
0.04406286031007767
0.044050056487321854
0.0440373457968235
0.04402465373277664
0.04401204362511635
0.04399954527616501
0.043987032026052475
0.04397464916110039
0.04396232217550278
0.043950069695711136
0.04393785819411278
0.043925751000642776
0.04391366243362427
0.04390164837241173
0.043889690190553665
0.043877825140953064
0.04386600852012634
0.04385419189929962
0.043842509388923645
0.043830856680870056
0.04381924867630005
0.0438077449798584
0.04379628226161003
0.04378484934568405
0.04377354681491852
0.043762266635894775
0.043751027435064316
0.04373985901474953
0.043728772550821304
0.043717753142118454
0.043706730008125305
0.0436958409845829
0.04368501529097557
0.04367418587207794
0.04366341605782509
0.04365270584821701
0.04364209994673729
0.043631527572870255
0.043621037155389786
0.04361052066087723
0.043600086122751236
0.043589767068624496
0.043579403311014175
0.04356915131211281
0.04355892539024353
0.04354880750179291
0.04353872686624527
0.043528664857149124
0.04351867362856865
0.043508730828762054
0.043498825281858444
0.0434889979660511
0.04347921535372734
0.04346948117017746
0.04345979914069176
0.04345010966062546
0.04344049468636513
0.04343094676733017
0.0434214323759079
0.04341192916035652
0.04340251535177231
0.04339313879609108
0.04338382929563522
0.043374545872211456
0.04336532950401306
0.04335611313581467
0.04334697127342224
0.0433378741145134
0.043328773230314255
0.04331974312663078
0.043310780078172684
0.04330188408493996
0.04329293966293335
0.04328412562608719
0.04327532649040222
0.04326651990413666
0.04325781762599945
0.043249160051345825
0.0432405062019825
0.04323191195726395
0.04322335869073868
0.04321480542421341
0.0432063564658165
0.0431978739798069
0.043189480900764465
0.043181151151657104
0.043172840029001236
0.04316457733511925
0.04315638169646263
0.043148186057806015
0.043140068650245667
0.04313194379210472
0.04312393069267273
0.043115872889757156
0.043107904493808746
0.04309999570250511
0.043092031031847
0.04308418184518814
0.04307635501027107
0.0430685356259346
0.0430607795715332
0.0430530309677124
0.0430452898144722
0.043037597090005875
0.043029990047216415
0.04302236810326576
0.0430147647857666
0.043007221072912216
0.04299972206354141
0.0429922379553318
0.04298476502299309
0.042977362871170044
0.04296993464231491
0.04296257719397545
0.04295527935028076
0.04294799640774727
0.04294072464108467
0.042933493852615356
0.042926300317049026
0.04291908070445061
0.04291193187236786
0.042904846370220184
0.04289775714278221
0.04289066791534424
0.042883627116680145
0.042876653373241425
0.0428696945309639
0.04286271333694458
0.04285579174757004
0.04284892976284027
0.042842064052820206
0.04283526912331581
0.042828433215618134
0.042821645736694336
0.0428149439394474
0.04280820116400719
0.04280148819088936
0.04279480502009392
0.042788151651620865
0.042781516909599304
0.04277496784925461
0.04276837408542633
0.04276183992624283
0.042755331844091415
0.04274884983897209
0.04274240508675575
0.04273596405982971
0.04272957146167755
0.04272318631410599
0.04271683841943741
0.042710501700639725
0.04270419105887413
0.04269791394472122
0.0426916778087616
0.04268547520041466
0.04267926886677742
0.04267311468720436
0.04266693815588951
0.042660847306251526
0.04265478625893593
0.04264870658516884
0.04264267161488533
0.0426366962492466
0.04263070970773697
0.04262474924325943
0.04261881113052368
0.04261290654540062
0.04260700196027756
0.04260116070508957
0.04259534925222397
0.042589522898197174
0.04258376359939575
0.04257795214653015
0.04257224127650261
0.042566534131765366
0.04256081581115723
0.042555127292871475
0.042549487203359604
0.04254388064146042
0.042538244277238846
0.042532674968242645
0.04252716526389122
0.042521603405475616
0.042516082525253296
0.04251061752438545
0.042505111545324326
0.042499661445617676
0.042494237422943115
0.04248884692788124
0.04248345270752907
0.04247807711362839
0.0424727201461792
0.04246736317873001
0.042462073266506195
0.042456790804862976
0.042451512068510056
0.04244624823331833
0.04244103282690048
0.042435817420482635
0.042430609464645386
0.042425431311130524
0.04242026433348656
0.04241512715816498
0.04240996763110161
0.04240484908223152
0.042399704456329346
0.04239463433623314
0.04238960146903992
0.0423845499753952
0.04237951710820198
0.04237450286746025
0.04236952215433121
0.04236457869410515
0.042359642684459686
0.042354702949523926
0.04234980046749115
0.04234490171074867
0.04234003648161888
0.042335208505392075
0.04233037680387497
0.04232559725642204
0.042320795357227325
0.042316000908613205
0.04231124743819237
0.042306527495384216
0.04230182245373726
0.0422971211373806
0.04229242727160454
0.04228772222995758
0.04228304699063301
0.04227844998240471
0.042273811995983124
0.04226921126246452
0.04226462543010712
0.04226003587245941
0.042255502194166183
0.042250946164131165
0.042246442288160324
0.042241938412189484
0.04223746061325073
0.04223296791315079
0.04222847521305084
0.04222406446933746
0.04221966490149498
0.042215269058942795
0.04221084713935852
0.04220646619796753
0.042202118784189224
0.042197778820991516
0.042193442583084106
0.04218917340040207
0.04218485206365585
0.042180560529232025
0.042176276445388794
0.042172010987997055
0.04216776043176651
0.042163535952568054
0.04215933755040169
0.04215511679649353
0.042150963097810745
0.04214675351977348
0.04214261844754219
0.042138490825891495
0.042134352028369904
0.0421302430331707
0.042126189917325974
0.04212208092212677
0.04211801290512085
0.04211396351456642
0.042109936475753784
0.04210595786571503
0.042101893573999405
0.04209785535931587
0.0420939177274704
0.04208989813923836
0.04208589345216751
0.04208192974328995
0.04207800701260567
0.04207402467727661
0.04207012802362442
0.042066220194101334
0.04206231236457825
0.04205843433737755
0.04205457866191864
0.042050763964653015
0.042046889662742615
0.04204306751489639
0.04203924909234047
0.04203541576862335
0.04203162342309952
0.04202789440751076
0.04202411323785782
0.042020283639431
0.04201659932732582
0.04201282933354378
0.04200911894440651
0.042005401104688644
0.04200167581439018
0.041997965425252914
0.041994333267211914
0.041990648955106735
0.04198702052235603
0.04198337346315384
0.04197977855801582
0.04197613149881363
0.04197249561548233
0.04196890816092491
0.041965339332818985
0.04196173697710037
0.041958145797252655
0.04195458069443703
0.04195110499858856
0.04194752871990204
0.041944026947021484
0.04194052144885063
0.041936978697776794
0.041933465749025345
0.04192999005317688
0.04192648455500603
0.041923023760318756
0.04191959649324417
0.0419161356985569
0.04191265627741814
0.04190927743911743
0.04190585017204285
0.04190241917967796
0.041899051517248154
0.04189569503068924
0.04189231991767883
0.041888948529958725
0.0418856106698513
0.04188227653503418
0.041878968477249146
0.04187558963894844
0.04187232255935669
0.041869014501571655
0.0418657548725605
0.041862472891807556
0.041859276592731476
0.041855983436107635
0.041852887719869614
0.04184962064027786
0.04184659942984581
0.041843391954898834
0.04184045270085335
0.04183729737997055
0.0418345108628273
0.04183126613497734
0.041828759014606476
0.04182559251785278
0.04182330518960953
0.04182005301117897
0.04181797057390213
0.04181458428502083
0.04181259870529175
0.04180911183357239
0.04180716723203659
0.041803520172834396
0.04180155321955681
0.041797712445259094
0.041795555502176285
0.04179176688194275
0.041789669543504715
0.041785866022109985
0.04178379476070404
0.04178004339337349
0.04177799075841904
0.041774239391088486
0.04177229851484299
0.041768670082092285
0.0417669303715229
0.04176325350999832
0.041761621832847595
0.041757818311452866
0.0417562797665596
0.04175245016813278
0.04175089672207832
0.041747018694877625
0.041745420545339584
0.04174133390188217
0.04173975810408592
0.041735704988241196
0.041733913123607635
0.041729941964149475
0.04172826558351517
0.04172440990805626
0.041722867637872696
0.041719064116477966
0.04171797260642052
0.04171435162425041
0.04171360656619072
0.0417097732424736
0.041709139943122864
0.0417049303650856
0.04170385003089905
0.04169931635260582
0.041697945445775986
0.041693538427352905
0.041692137718200684
0.041687920689582825
0.04168685898184776
0.041683051735162735
0.04168259724974632
0.04167894646525383
0.041678883135318756
0.041674837470054626
0.04167465493083
0.04167011380195618
0.041669733822345734
0.04166506975889206
0.04166419059038162
0.04165944457054138
0.04165860638022423
0.0416540652513504
0.0416538342833519
0.04164981096982956
0.041649989783763885
0.04164605587720871
0.04164697229862213
0.041642941534519196
0.04164380580186844
0.04163878411054611
0.04163870960474014
0.04163287580013275
0.041631877422332764
0.04162611439824104
0.04162480682134628
0.041619814932346344
0.04161885753273964
0.04161490127444267
0.041615597903728485
0.04161279648542404
0.04161582514643669
0.04161332547664642
0.04161727428436279
0.04161224514245987
0.04161316528916359
0.041605010628700256
0.04160327464342117
0.04159555211663246
0.0415930449962616
0.041587185114622116
0.04158511012792587
0.04158089682459831
0.041580930352211
0.041578952223062515
0.041583701968193054
0.04158402979373932
0.04159338027238846
0.041591085493564606
0.04159669950604439
0.04158541560173035
0.04158347472548485
0.04157155007123947
0.04156765341758728
0.04155967757105827
0.04155566543340683
0.041550084948539734
0.04154644533991814
0.041542112827301025
0.041540175676345825
0.04153776541352272
0.04154101759195328
0.041544169187545776
0.04156007617712021
0.041568201035261154
0.04159119725227356
0.04158337041735649
0.0415884293615818
0.04156341776251793
0.041555944830179214
0.041541628539562225
0.041536010801792145
0.041530996561050415
0.04152613505721092
0.041527461260557175
0.04152820259332657
0.04154479131102562
0.041556280106306076
0.041590891778469086
0.04158855974674225
0.04160523787140846
0.041569747030735016
0.04155823960900307
0.04153496399521828
0.04152863472700119
0.04152423143386841
0.04152026027441025
0.04152879863977432
0.041533462703228
0.041568487882614136
0.041582141071558
0.04163070395588875
0.041608743369579315
0.041611816734075546
0.04155796021223068
0.041544463485479355
0.04152994975447655
0.04152635857462883
0.04153197258710861
0.04153349995613098
0.04156758636236191
0.041581250727176666
0.04164566472172737
0.04163036495447159
0.041655488312244415
0.04158893972635269
0.041575051844120026
0.04154051095247269
0.04153428599238396
0.041532669216394424
0.04152822867035866
0.041547514498233795
0.04155552387237549
0.04161703214049339
0.041625961661338806
0.0416894257068634
0.041630640625953674
0.041635412722826004
0.04156320169568062
0.041554126888513565
0.04153549671173096
0.041528984904289246
0.041530199348926544
0.04152422025799751
0.0415533110499382
0.041572365909814835
0.04166337102651596
0.04166880622506142
0.04174354672431946
0.041638195514678955
0.04163135215640068
0.04156161844730377
0.04155978187918663
0.04154665768146515
0.04153789207339287
0.04154258221387863
0.04153630509972572
0.04158462584018707
0.04161643236875534
0.04175871983170509
0.04175576567649841
0.04187697544693947
0.041704338043928146
0.041726771742105484
0.041625555604696274
0.04163762181997299
0.04161522164940834
0.04160378873348236
0.04159146547317505
0.04156645014882088
0.041566647589206696
0.041569408029317856
0.0416705384850502
0.04176418483257294
0.04208819195628166
0.04198832809925079
0.0422511100769043
0.041873764246702194
0.042072612792253494
0.04189275950193405
0.04210731387138367
0.04204044118523598
0.04244701936841011
0.042488377541303635
0.04360644519329071
0.042852383106946945
0.04542549327015877
0.04300685226917267
0.04896871745586395
0.044448260217905045
0.05241861194372177
0.047607097774744034
0.05386198312044144
0.050126705318689346
0.05434000864624977
0.0511089488863945
0.054608456790447235
0.051423922181129456
0.05541646108031273
0.05150763690471649
0.05665702372789383
0.051659710705280304
0.05780622735619545
0.05212913081049919
0.05904935300350189
0.0529644712805748
0.059646427631378174
0.05374854803085327
0.05962321162223816
0.05423964187502861
0.05916152894496918
0.05432416498661041
0.05891505256295204
0.05416827276349068
0.05890587344765663
0.05406218767166138
0.05896812304854393
0.053930431604385376
0.05885635316371918
0.05375813692808151
0.05877980217337608
0.05362170934677124
0.05828027427196503
0.053605061024427414
0.058299463242292404
0.05344460904598236
0.058230072259902954
0.05343317613005638
0.05798003077507019
0.05315632373094559
0.05721840262413025
0.05284719914197922
0.056670673191547394
0.052650339901447296
0.056181274354457855
0.052236560732126236
0.05562767758965492
0.051976386457681656
0.0554322823882103
0.05154094845056534
0.054650530219078064
0.05114823579788208
0.054050613194704056
0.05078175291419029
0.053458306938409805
0.050401411950588226
0.05294699966907501
0.05000259354710579
0.05248004198074341
0.04967299476265907
0.05199890211224556
0.0493256077170372
0.051436975598335266
0.04896732047200203
0.050935499370098114
0.048665374517440796
0.05056361109018326
0.048365652561187744
0.05024733021855354
0.04802059754729271
0.049764372408390045
0.047694310545921326
0.04909220337867737
0.047379400581121445
0.04869275912642479
0.04711523279547691
0.04846511781215668
0.04685352370142937
0.048073045909404755
0.046548955142498016
0.04766738787293434
0.046267345547676086
0.04725427180528641
0.04602455347776413
0.04691335931420326
0.045768920332193375
0.04648905247449875
0.04548175632953644
0.046073056757450104
0.045197103172540665
0.04568164050579071
0.04494704306125641
0.0453459769487381
0.04469301924109459
0.0450604185461998
0.04445601627230644
0.044804103672504425
0.044217243790626526
0.044467560946941376
0.04396126791834831
0.04412202909588814
0.043723467737436295
0.043804578483104706
0.04349859803915024
0.043536677956581116
0.04329385608434677
0.04330189898610115
0.04309514909982681
0.04308997839689255
0.04290933907032013
0.042891975492239
0.042732708156108856
0.04269975796341896
0.042561352252960205
0.042512718588113785
0.04240318760275841
0.04234687611460686
0.04226361960172653
0.042206794023513794
0.04214143007993698
0.0420876182615757
0.04203302413225174
0.04198351129889488
0.041936419904232025
0.04189137741923332
0.04185084253549576
0.04181090369820595
0.041776083409786224
0.04174064099788666
0.04171048849821091
0.041678860783576965
0.04165235161781311
0.04162396863102913
0.041600100696086884
0.0415743850171566
0.04155275225639343
0.0415295772254467
0.041509658098220825
0.041488904505968094
0.0414707250893116
0.041452016681432724
0.04143543913960457
0.041418612003326416
0.04140368849039078
0.041388701647520065
0.041375190019607544
0.04136151447892189
0.04134929180145264
0.041336920112371445
0.04132603108882904
0.041314754635095596
0.04130532592535019
0.04129525274038315
0.04128745198249817
0.0412784144282341
0.041272372007369995
0.04126438498497009
0.04125983640551567
0.04125184565782547
0.04124739021062851
0.041238341480493546
0.041232816874980927
0.04122279956936836
0.04121621325612068
0.041206639260053635
0.04120025038719177
0.04119196534156799
0.04118625819683075
0.04117928445339203
0.041174620389938354
0.04116886854171753
0.041166264563798904
0.04116244614124298
0.04116368293762207
0.04116193205118179
0.04116591811180115
0.0411616750061512
0.041161034256219864
0.041149258613586426
0.041142117232084274
0.041130442172288895
0.0411236509680748
0.041116274893283844
0.04111086204648018
0.04110618680715561
0.041101761162281036
0.04109954088926315
0.041097551584243774
0.041100889444351196
0.04110396280884743
0.041116371750831604
0.04112008213996887
0.0411311499774456
0.04111850634217262
0.04111110046505928
0.04109136015176773
0.041081804782152176
0.04107403755187988
0.04107033088803291
0.041070617735385895
0.04107105731964111
0.041081301867961884
0.04108759015798569
0.041106484830379486
0.04110449552536011
0.04110851138830185
0.041085418313741684
0.0410713255405426
0.04105434566736221
0.041048310697078705
0.04104602336883545
0.041044846177101135
0.04105279967188835
0.0410575196146965
0.041078317910432816
0.041083961725234985
0.0411003902554512
0.041081566363573074
0.04106974974274635
0.04104302078485489
0.04103229194879532
0.041026338934898376
0.04102494940161705
0.041031211614608765
0.04103543609380722
0.041056759655475616
0.041064947843551636
0.041089512407779694
0.04107566550374031
0.04106951504945755
0.041036345064640045
0.04102155938744545
0.04101036116480827
0.04100792482495308
0.04101260378956795
0.041016288101673126
0.04103701561689377
0.041046518832445145
0.04107816517353058
0.04107177257537842
0.04107588157057762
0.04103837162256241
0.04101988673210144
0.040999382734298706
0.040994592010974884
0.04099686071276665
0.04099950194358826
0.04101833328604698
0.041027553379535675
0.041062336415052414
0.04106297716498375
0.041078779846429825
0.04104219749569893
0.04102300480008125
0.040991902351379395
0.04098367691040039
0.04098223149776459
0.04098322615027428
0.04099839925765991
0.041008029133081436
0.04104609414935112
0.04105712100863457
0.04109424352645874
0.04106369987130165
0.041051071137189865
0.04100334271788597
0.04098816588521004
0.04097642004489899
0.04097449779510498
0.04098333418369293
0.040989283472299576
0.041023626923561096
0.04104061424732208
0.04109938442707062
0.0410943329334259
0.041111644357442856
0.04104429855942726
0.04101931303739548
0.04098459705710411
0.040979769080877304
0.040985189378261566
0.04099075123667717
0.0410224124789238
0.04103841260075569
0.041104283183813095
0.04111076146364212
0.04115984961390495
0.041094884276390076
0.04107600077986717
0.041010960936546326
0.04099804908037186
0.040989357978105545
0.04098965600132942
0.04100954905152321
0.041021764278411865
0.04108957201242447
0.04112249240279198
0.04123501479625702
0.04120445251464844
0.0412367507815361
0.04110615700483322
0.041081950068473816
0.04103430360555649
0.041033726185560226
0.041042510420084
0.04104738309979439
0.04109755530953407
0.04112374410033226
0.04125553369522095
0.04127398878335953
0.04140186309814453
0.041256584227085114
0.04125719889998436
0.0411217100918293
0.04112384840846062
0.041095487773418427
0.04108934476971626
0.04109596833586693
0.041089847683906555
0.04114038124680519
0.04118521139025688
0.041404224932193756
0.04149570316076279
0.04182177782058716
0.041537392884492874
0.041666340082883835
0.04133778065443039
0.041468296200037
0.041360773146152496
0.041433848440647125
0.04142812639474869
0.041580602526664734
0.0416656918823719
0.042212579399347305
0.0421433225274086
0.04326771944761276
0.04225596413016319
0.043871354311704636
0.042445819824934006
0.045878734439611435
0.0433422289788723
0.051519863307476044
0.04525956138968468
0.05541818588972092
0.0487934872508049
0.05598269775509834
0.051762938499450684
0.05659845471382141
0.05310365557670593
0.058146074414253235
0.05363987386226654
0.060359396040439606
0.054204411804676056
0.062806636095047
0.05524319410324097
0.06444723159074783
0.056855667382478714
0.06645547598600388
0.058336783200502396
0.06740596890449524
0.05957401171326637
0.06839480251073837
0.060935646295547485
0.06972973048686981
0.061665281653404236
0.0706993043422699
0.06241050362586975
0.07066679745912552
0.06303256005048752
0.07179757952690125
0.06333712488412857
0.07115872949361801
0.06333563476800919
0.07115764915943146
0.06333020329475403
0.0710640400648117
0.06318379193544388
0.07075484097003937
0.0631585642695427
0.070352703332901
0.06257031112909317
0.06839895993471146
0.06187034025788307
0.06749404221773148
0.06124982237815857
0.06679428368806839
0.0603046640753746
0.0657719224691391
0.05954646319150925
0.06473061442375183
0.05879025161266327
0.06373831629753113
0.05790966376662254
0.06254561990499496
0.05724846199154854
0.06225315108895302
0.05672258138656616
0.06166918948292732
0.05613120645284653
0.06049724295735359
0.05546840280294418
0.05949157103896141
0.054819270968437195
0.05840707942843437
0.054219476878643036
0.05750644952058792
0.053510356694459915
0.05632106587290764
0.05278816074132919
0.05536448955535889
0.052141185849905014
0.05471857637166977
0.05152548849582672
0.054061342030763626
0.05090275779366493
0.05314766615629196
0.05030204728245735
0.052293725311756134
0.049867283552885056
0.0516798235476017
0.04933052137494087
0.05102597177028656
0.048808250576257706
0.05041348934173584
0.04836692288517952
0.04989069327712059
0.04796764254570007
0.049323342740535736
0.04753716289997101
0.048620324581861496
0.047117628157138824
0.0478474497795105
0.04665958508849144
0.047135911881923676
0.0461823046207428
0.046556949615478516
0.04574800655245781
0.04604552313685417
0.04533756896853447
0.04556512087583542
0.044941626489162445
0.04514482617378235
0.04458222538232803
0.04471762105822563
0.044247400015592575
0.04429420828819275
0.04390590265393257
0.04388796165585518
0.043590620160102844
0.0435241162776947
0.04331074655056
0.04323197528719902
0.04306032136082649
0.04298318922519684
0.042836595326662064
0.042767640203237534
0.04264301061630249
0.042581550776958466
0.0424664206802845
0.04240219295024872
0.04230011999607086
0.04223577305674553
0.04215211048722267
0.04209005832672119
0.04202469438314438
0.04196874424815178
0.04191626235842705
0.04186530038714409
0.041820865124464035
0.041774146258831024
0.04173444211483002
0.041691821068525314
0.041656047105789185
0.04161810874938965
0.04158560186624527
0.04155219718813896
0.0415227934718132
0.04149361699819565
0.04146715626120567
0.04144163802266121
0.04141763597726822
0.04139481857419014
0.04137303680181503
0.04135269299149513
0.041332975029945374
0.04131469503045082
0.04129679501056671
0.04128031060099602
0.04126397520303726
0.0412491038441658
0.041234198957681656
0.04122065752744675
0.04120700806379318
0.04119499400258064
0.041182566434144974
0.041171714663505554
0.04116027057170868
0.04115092754364014
0.04114047437906265
0.041132424026727676
0.04112297296524048
0.04111610725522041
0.04110702499747276
0.04110094532370567
0.041091881692409515
0.0410858690738678
0.04107667878270149
0.041070323437452316
0.0410611554980278
0.04105469211935997
0.04104609787464142
0.041040100157260895
0.04103235900402069
0.041026998311281204
0.04102019965648651
0.041016023606061935
0.04101019352674484
0.041007619351148605
0.0410027913749218
0.04100172594189644
0.04099687561392784
0.040995705872774124
0.04098868742585182
0.0409853495657444
0.040976811200380325
0.04097197577357292
0.04096394032239914
0.040959179401397705
0.040952712297439575
0.04094856232404709
0.04094314202666283
0.04094002768397331
0.04093601927161217
0.040935225784778595
0.04093342646956444
0.040937092155218124
0.04093756899237633
0.04094436764717102
0.04094067960977554
0.040941860526800156
0.040929991751909256
0.040923379361629486
0.04091190546751022
0.04090595990419388
0.04089943692088127
0.04089488089084625
0.040891289710998535
0.04088784009218216
0.040887538343667984
0.04088769108057022
0.04089512303471565
0.040900953114032745
0.0409165620803833
0.04091603308916092
0.04092006757855415
0.04090192914009094
0.04089171811938286
0.04087667167186737
0.04087049514055252
0.040866654366254807
0.040864430367946625
0.040867891162633896
0.040870729833841324
0.04088536649942398
0.04089167341589928
0.04090847447514534
0.04089931398630142
0.040895283222198486
0.04087148979306221
0.04085971415042877
0.04084927588701248
0.04084568843245506
0.04084647819399834
0.04084746912121773
0.04086003452539444
0.040868472307920456
0.040894314646720886
0.04089754447340965
0.04090912267565727
0.04088207706809044
0.04086541011929512
0.04084193706512451
0.04083535820245743
0.04083561524748802
0.04083746299147606
0.040850672870874405
0.040856774896383286
0.04087943583726883
0.040877245366573334
0.04088462144136429
0.04085870832204819
0.04084401577711105
0.04082346335053444
0.040816497057676315
0.04081366956233978
0.04081282019615173
0.04082152992486954
0.04082821309566498
0.04085436090826988
0.04086551070213318
0.04089481756091118
0.040878575295209885
0.040871962904930115
0.0408337339758873
0.04081808403134346
0.04080689698457718
0.040805522352457047
0.040812499821186066
0.04081644117832184
0.04083834961056709
0.040846485644578934
0.04087454080581665
0.040861599147319794
0.040859777480363846
0.04082474112510681
0.04080897942185402
0.04079277813434601
0.04078809544444084
0.04078914597630501
0.04079034551978111
0.04080696031451225
0.040819212794303894
0.04085719957947731
0.04086689278483391
0.040893152356147766
0.04085780680179596
0.040839385241270065
0.04079984501004219
0.04078833386301994
0.04078568518161774
0.04078805446624756
0.04080419987440109
0.04081469401717186
0.040852200239896774
0.04085917770862579
0.040891747921705246
0.04086228832602501
0.04085154831409454
0.040805794298648834
0.04079043120145798
0.0407789871096611
0.04077694192528725
0.04078495129942894
0.04079097881913185
0.040824733674526215
0.04084526374936104
0.04090579226613045
0.04090207442641258
0.040923018008470535
0.04085803031921387
0.04083129018545151
0.04079367592930794
0.04078749194741249
0.04079069197177887
0.04079480841755867
0.040820978581905365
0.04083245247602463
0.04088573157787323
0.04089251905679703
0.04093526303768158
0.04088670387864113
0.04087243229150772
0.04081164300441742
0.040795713663101196
0.040784187614917755
0.04078308865427971
0.040795426815748215
0.0408049039542675
0.04085536673665047
0.04088776186108589
0.040983546525239944
0.0409729890525341
0.04101106524467468
0.04090726375579834
0.040875669568777084
0.040821801871061325
0.04081696644425392
0.04082289710640907
0.040828634053468704
0.04086737334728241
0.040883831679821014
0.040968336164951324
0.04097414389252663
0.0410405658185482
0.040956754237413406
0.04093599319458008
0.04084819555282593
0.04083412513136864
0.04082159325480461
0.04082075133919716
0.04084121063351631
0.040851447731256485
0.04092498868703842
0.040963027626276016
0.04110421612858772
0.04108758270740509
0.04114726558327675
0.040973320603370667
0.0409439317882061
0.04087505862116814
0.040876202285289764
0.04087958112359047
0.04088330268859863
0.04093162342905998
0.04095468297600746
0.04110034555196762
0.041146550327539444
0.04134228825569153
0.04119633138179779
0.041237298399209976
0.041018787771463394
0.0410371869802475
0.040971651673316956
0.04097317159175873
0.040966179221868515
0.040949173271656036
0.04094662517309189
0.04093857482075691
0.04102829843759537
0.041158102452754974
0.04161053150892258
0.041710201650857925
0.04234526306390762
0.041609857231378555
0.04195281118154526
0.04146159067749977
0.04190334305167198
0.041693296283483505
0.04230490326881409
0.042331013828516006
0.04417384788393974
0.04330514371395111
0.04805471748113632
0.04318444803357124
0.05150251090526581
0.045286163687705994
0.053402289748191833
0.048866525292396545
0.054766446352005005
0.050937410444021225
0.05683203041553497
0.05213044956326485
0.05938086658716202
0.05328109487891197
0.06146211922168732
0.054592885076999664
0.06393583118915558
0.05606529116630554
0.06667514890432358
0.05796186625957489
0.06862539798021317
0.06020945683121681
0.07041274011135101
0.06176864355802536
0.07150743156671524
0.06313104927539825
0.07295113801956177
0.06426812708377838
0.07463919371366501
0.06529663503170013
0.07695350795984268
0.0667487382888794
0.07830429077148438
0.06808081269264221
0.07853390276432037
0.06877262145280838
0.07892845571041107
0.06957824528217316
0.07841014862060547
0.06901894509792328
0.07744216918945312
0.06914853304624557
0.07802185416221619
0.06850306689739227
0.07753995805978775
0.06806452572345734
0.07593747973442078
0.06750687211751938
0.07492642849683762
0.06675076484680176
0.07410310208797455
0.06581182777881622
0.07287238538265228
0.06513012945652008
0.07181957364082336
0.06398160755634308
0.06984391808509827
0.0629057064652443
0.06801958382129669
0.06170462816953659
0.06690831482410431
0.06065240502357483
0.06525959074497223
0.05950453132390976
0.06410928070545197
0.05850530415773392
0.0629936084151268
0.05744705721735954
0.061745427548885345
0.05644621700048447
0.060096487402915955
0.05567455291748047
0.05912275239825249
0.05484777316451073
0.058267444372177124
0.05405378341674805
0.057147879153490067
0.05326875299215317
0.05610636994242668
0.05252600461244583
0.05506463721394539
0.051850322633981705
0.054201073944568634
0.05119887739419937
0.05335136502981186
0.05056637525558472
0.052513882517814636
0.049961596727371216
0.05171319097280502
0.04936652630567551
0.05088868364691734
0.048847049474716187
0.050214506685733795
0.048315875232219696
0.049497950822114944
0.04777291789650917
0.04861004278063774
0.04722760245203972
0.04781344160437584
0.04669767618179321
0.047119226306676865
0.0462297759950161
0.04658070206642151
0.04577718302607536
0.04604494944214821
0.045314252376556396
0.045475397258996964
0.04485870897769928
0.04493183270096779
0.04444725811481476
0.04445365071296692
0.04408257454633713
0.04403967782855034
0.04373445734381676
0.04366498813033104
0.04342155531048775
0.043340835720300674
0.043143514543771744
0.04305341839790344
0.0428897850215435
0.04280085861682892
0.042664043605327606
0.042578019201755524
0.042464278638362885
0.04238244146108627
0.042286813259124756
0.04221199080348015
0.04213176295161247
0.04206424579024315
0.0419967956840992
0.041936080902814865
0.04187807813286781
0.041823867708444595
0.041773587465286255
0.041725460439920425
0.0416814349591732
0.041638340801000595
0.0415993258357048
0.04156085103750229
0.041525907814502716
0.04149197041988373
0.04146081209182739
0.04143037647008896
0.04140239208936691
0.04137536138296127
0.04135020449757576
0.04132596403360367
0.041303202509880066
0.041281357407569885
0.041260726749897
0.041240982711315155
0.04122227430343628
0.04120449349284172
0.04118737205862999
0.0411711111664772
0.04115550220012665
0.04114072397351265
0.04112652316689491
0.04111293703317642
0.04109982028603554
0.04108738899230957
0.04107542335987091
0.041064031422138214
0.04105295613408089
0.041042447090148926
0.041032157838344574
0.04102243855595589
0.04101286828517914
0.041003983467817307
0.040995169430971146
0.04098709672689438
0.04097897186875343
0.04097187519073486
0.04096455127000809
0.04095882922410965
0.040952540934085846
0.04094895347952843
0.04094400256872177
0.04094267636537552
0.0409376434981823
0.040936149656772614
0.04092851281166077
0.04092397913336754
0.04091393202543259
0.04090755060315132
0.04089854657649994
0.04089256748557091
0.040885571390390396
0.040880050510168076
0.04087420180439949
0.0408690981566906
0.040863703936338425
0.04085899889469147
0.04085417464375496
0.040850237011909485
0.040846146643161774
0.040843937546014786
0.04084177687764168
0.04084378480911255
0.04084445536136627
0.040851909667253494
0.04085210710763931
0.04085756465792656
0.04084784910082817
0.040842778980731964
0.04082905873656273
0.040821801871061325
0.04081403464078903
0.04080928489565849
0.040805839002132416
0.04080278053879738
0.04080364480614662
0.04080444574356079
0.04081307724118233
0.0408167839050293
0.04082765057682991
0.04082106426358223
0.04081794619560242
0.04080056771636009
0.04079136997461319
0.040781669318675995
0.04077741876244545
0.040775708854198456
0.04077431932091713
0.04077925160527229
0.040782567113637924
0.04079664871096611
0.04079926759004593
0.04080867022275925
0.04079518839716911
0.0407867468893528
0.04076814278960228
0.040760159492492676
0.0407540462911129
0.04075125232338905
0.04075324535369873
0.04075448215007782
0.040765758603811264
0.040771350264549255
0.04078732430934906
0.0407823882997036
0.04078337550163269
0.04076289385557175
0.04075176641345024
0.04073786363005638
0.040732596069574356
0.040730491280555725
0.040729112923145294
0.04073519632220268
0.040739528834819794
0.040756747126579285
0.04076274856925011
0.040779002010822296
0.04076702892780304
0.040762558579444885
0.0407387912273407
0.040727779269218445
0.040717002004384995
0.04071299359202385
0.04071306064724922
0.040712978690862656
0.0407232828438282
0.040731463581323624
0.04075678065419197
0.04076310247182846
0.040779806673526764
0.04075661301612854
0.0407436266541481
0.04071703553199768
0.04070756211876869
0.04070350527763367
0.04070329666137695
0.04071199521422386
0.040717367082834244
0.040740665048360825
0.04074928164482117
0.040773384273052216
0.04075690358877182
0.04074932634830475
0.04071639105677605
0.04070251062512398
0.040692977607250214
0.04069134220480919
0.04069673269987106
0.04070070758461952
0.040722690522670746
0.0407334640622139
0.04076634347438812
0.040760211646556854
0.04076375812292099
0.04072655737400055
0.04070815071463585
0.0406881645321846
0.040683403611183167
0.0406850129365921
0.04068703204393387
0.04070449620485306
0.04071492329239845
0.040751863270998
0.04075811058282852
0.040781330317258835
0.04074782878160477
0.04073191434144974
0.04069526866078377
0.04068392142653465
0.040678951889276505
0.040679045021533966
0.040690407156944275
0.0406976044178009
0.04072846099734306
0.04073994234204292
0.040774859488010406
0.040754303336143494
0.040751274675130844
0.040706612169742584
0.040689047425985336
0.04067297652363777
0.04066979140043259
0.04067511111497879
0.04067974165081978
0.040705855935811996
0.04072257876396179
0.04077467322349548
0.04077787697315216
0.0408027283847332
0.040747690945863724
0.04072187468409538
0.04068377986550331
0.04067693278193474
0.04068019986152649
0.040685512125492096
0.040712110698223114
0.04072681441903114
0.04078288748860359
0.0407886803150177
0.040827225893735886
0.04077458009123802
0.04075300693511963
0.04069964215159416
0.04068652540445328
0.04068106785416603
0.04068218916654587
0.04070071876049042
0.04071369022130966
0.0407678559422493
0.04078969359397888
0.04086117818951607
0.04082971438765526
0.04083053395152092
0.04074293002486229
0.0407162681221962
0.04069364070892334
0.04069560393691063
0.04071373865008354
0.04072660580277443
0.04078110307455063
0.0407988615334034
0.040872763842344284
0.04084177315235138
0.04084884375333786
0.04075909033417702
0.04073471575975418
0.04070098325610161
0.04069625213742256
0.04070158302783966
0.04070473462343216
0.04074027016758919
0.04076278582215309
0.04085233062505722
0.04087464138865471
0.040952637791633606
0.040861863642930984
0.04084138199687004
0.040742356330156326
0.0407276414334774
0.04072106257081032
0.040727004408836365
0.040758416056632996
0.040776316076517105
0.04086202010512352
0.04089091718196869
0.041004784405231476
0.04093755781650543
0.040939945727586746
0.040800657123327255
0.0407782718539238
0.04074485972523689
0.04074529558420181
0.040758874267339706
0.04076552018523216
0.040826570242643356
0.04085944965481758
0.04100913926959038
0.04102654010057449
0.04115139693021774
0.04098215699195862
0.04096914455294609
0.04082746058702469
0.040823351591825485
0.04080668091773987
0.04080665111541748
0.040834423154592514
0.04084710031747818
0.040966298431158066
0.04104357212781906
0.04133818298578262
0.041297368705272675
0.04148852825164795
0.04111485928297043
0.0411759689450264
0.04100153595209122
0.041047610342502594
0.04100024327635765
0.04100653529167175
0.040990106761455536
0.040975723415613174
0.04095635563135147
0.04104199633002281
0.04113774746656418
0.04163437336683273
0.04179852083325386
0.04275185614824295
0.04195903241634369
0.042557984590530396
0.041650183498859406
0.04274672269821167
0.04200519621372223
0.04374723508954048
0.04331902414560318
0.04902583360671997
0.04428653046488762
0.055863767862319946
0.04620121791958809
0.0550999715924263
0.05062370374798775
0.055389970541000366
0.0526810921728611
0.056452665477991104
0.053117673844099045
0.05833929032087326
0.05338219180703163
0.06149239093065262
0.05403260514140129
0.06491200625896454
0.05568636953830719
0.0665888637304306
0.057860322296619415
0.06902433931827545
0.0604887530207634
0.07156841456890106
0.06225765496492386
0.07287164032459259
0.06387557834386826
0.07507399469614029
0.0658111646771431
0.07698158919811249
0.06721402704715729
0.07845960557460785
0.0684024840593338
0.08020894974470139
0.06992391496896744
0.08182717859745026
0.07083643972873688
0.08266591280698776
0.07205478847026825
0.08335074782371521
0.07265546917915344
0.08230207860469818
0.07249217480421066
0.08309457451105118
0.07289087772369385
0.08297242224216461
0.07230199873447418
0.08171961456537247
0.07172782719135284
0.08030714839696884
0.07114531844854355
0.07930534332990646
0.07008800655603409
0.07857387512922287
0.06945829093456268
0.07730438560247421
0.06812817603349686
0.07454980909824371
0.06678544729948044
0.07300958037376404
0.06551345437765121
0.07117857784032822
0.0638679787516594
0.06914667040109634
0.06261526793241501
0.06724841147661209
0.06112302094697952
0.06614606082439423
0.05989321321249008
0.06435627490282059
0.05868039280176163
0.06306298822164536
0.05766452103853226
0.061638616025447845
0.0567057803273201
0.060397014021873474
0.05567140877246857
0.05912195146083832
0.054723963141441345
0.05782577767968178
0.05385672301054001
0.056552089750766754
0.05304093658924103
0.05543273314833641
0.052171166986227036
0.054061390459537506
0.051335498690605164
0.05283704400062561
0.05053301528096199
0.051875121891498566
0.04975046589970589
0.05087021365761757
0.049013908952474594
0.050052810460329056
0.0483139306306839
0.049182966351509094
0.047712843865156174
0.04843597859144211
0.047097209841012955
0.047650206834077835
0.046560198068618774
0.04698428511619568
0.04607658460736275
0.04637715220451355
0.04559524729847908
0.04580257087945938
0.04514332488179207
0.045240890234708786
0.04469186067581177
0.044692959636449814
0.044266361743211746
0.04421135410666466
0.043888747692108154
0.043810904026031494
0.04355831444263458
0.043472032994031906
0.04325765743851662
0.04316252842545509
0.04297919198870659
0.04288027063012123
0.04272579774260521
0.04262644797563553
0.04250381886959076
0.042411837726831436
0.04231426864862442
0.04223090037703514
0.042151015251874924
0.04207631200551987
0.04200795292854309
0.041940655559301376
0.04188118502497673
0.04182096943259239
0.041768260300159454
0.04171474650502205
0.04166809469461441
0.04162084683775902
0.041579145938158035
0.04153759405016899
0.04150005429983139
0.041463565081357956
0.04142986610531807
0.041397612541913986
0.04136715084314346
0.041338659822940826
0.04131124168634415
0.04128580167889595
0.041261088103055954
0.04123819246888161
0.041215818375349045
0.0411953367292881
0.04117513447999954
0.04115667566657066
0.041138309985399246
0.04112149775028229
0.041104767471551895
0.04108952730894089
0.041074175387620926
0.04106011614203453
0.041046109050512314
0.04103342071175575
0.04102056100964546
0.041008979082107544
0.04099712148308754
0.04098665341734886
0.040975797921419144
0.04096648842096329
0.040956538170576096
0.04094846174120903
0.040939465165138245
0.04093262180685997
0.04092419520020485
0.04091839864850044
0.040910232812166214
0.04090495407581329
0.0408967062830925
0.040891312062740326
0.04088276997208595
0.04087710753083229
0.040868643671274185
0.040862951427698135
0.040855053812265396
0.040849655866622925
0.04084262624382973
0.04083794355392456
0.04083176329731941
0.0408281609416008
0.04082297533750534
0.04082075506448746
0.04081602394580841
0.040814828127622604
0.040809739381074905
0.04080798104405403
0.04080122336745262
0.040797874331474304
0.04079033434391022
0.040785931050777435
0.04077889025211334
0.040774744004011154
0.04076898843050003
0.04076533019542694
0.04076054319739342
0.040758050978183746
0.04075460508465767
0.040754444897174835
0.04075290262699127
0.0407562218606472
0.04075505584478378
0.04075898230075836
0.040753643959760666
0.04075213894248009
0.04074190929532051
0.040736597031354904
0.04072803631424904
0.040723301470279694
0.04071778059005737
0.04071373492479324
0.04070984572172165
0.0407060869038105
0.04070311784744263
0.04070013761520386
0.040699440985918045
0.04069878160953522
0.04070337861776352
0.040707219392061234
0.04071926325559616
0.040721677243709564
0.04073086753487587
0.0407206192612648
0.040715400129556656
0.0406988151371479
0.040691208094358444
0.040684159845113754
0.04068061709403992
0.040679723024368286
0.04067917540669441
0.04068557545542717
0.04069039970636368
0.040705423802137375
0.04070732370018959
0.0407145656645298
0.04069826379418373
0.040688406676054
0.04067211225628853
0.04066580533981323
0.040662042796611786
0.04066035524010658
0.040664710104465485
0.04066770523786545
0.040682803839445114
0.04068979620933533
0.04070686176419258
0.04069683700799942
0.040692660957574844
0.04066941887140274
0.04065834730863571
0.04064926505088806
0.04064648970961571
0.04064831882715225
0.04064972326159477
0.0406617745757103
0.04066820442676544
0.040687769651412964
0.04068589583039284
0.040690526366233826
0.040667399764060974
0.04065518453717232
0.04063892737030983
0.04063338786363602
0.04063127934932709
0.04063038155436516
0.040637608617544174
0.04064292088150978
0.04066378250718117
0.04067113250494003
0.040689919143915176
0.0406746044754982
0.040667109191417694
0.04064033925533295
0.040628835558891296
0.04062037914991379
0.04061829298734665
0.0406222902238369
0.040625013411045074
0.04064159840345383
0.04065064340829849
0.04067649319767952
0.04067269712686539
0.04067998006939888
0.040651194751262665
0.040637169033288956
0.040617797523736954
0.04061155393719673
0.04060967639088631
0.040609169751405716
0.0406191423535347
0.04062705114483833
0.04065607860684395
0.04066866636276245
0.04069897532463074
0.040678463876247406
0.040667980909347534
0.04062923789024353
0.04061465337872505
0.04060773551464081
0.04060881957411766
0.040620435029268265
0.040628064423799515
0.04065769538283348
0.04066486656665802
0.04069218412041664
0.04067060351371765
0.04066301882266998
0.040625959634780884
0.04061199724674225
0.04060041531920433
0.04059764742851257
0.04060222581028938
0.04060594365000725
0.04063015058636665
0.04064593464136124
0.04068998992443085
0.040689609944820404
0.04070550203323364
0.040658269077539444
0.04063616320490837
0.040605753660202026
0.040599726140499115
0.04060244932770729
0.0406062938272953
0.04062835872173309
0.04064076021313667
0.0406862236559391
0.04069196432828903
0.040720969438552856
0.04067666456103325
0.04065769538283348
0.04061463102698326
0.0406031608581543
0.04059974476695061
0.04060149937868118
0.04061790928244591
0.04062848538160324
0.04067240655422211
0.04068642482161522
0.04073060303926468
0.040697917342185974
0.040692318230867386
0.04063418507575989
0.04061524197459221
0.04059948772192001
0.04059719666838646
0.04060453549027443
0.040609464049339294
0.040642742067575455
0.04066518321633339
0.04073198512196541
0.040730152279138565
0.04076065868139267
0.04068781062960625
0.04066174104809761
0.040617216378450394
0.040610380470752716
0.04061279445886612
0.040617067366838455
0.04064609855413437
0.0406636968255043
0.040734268724918365
0.04075007140636444
0.04081689193844795
0.040752947330474854
0.04073350876569748
0.04065213352441788
0.040634576231241226
0.04062570631504059
0.040629222989082336
0.040654025971889496
0.04066906496882439
0.04073914512991905
0.04076283425092697
0.040851809084415436
0.040803954005241394
0.04080653935670853
0.04069656506180763
0.04067126289010048
0.040643807500600815
0.04064366966485977
0.040657371282577515
0.04066603258252144
0.04072165489196777
0.04074704647064209
0.040850620716810226
0.04083861783146858
0.04087778553366661
0.04075589403510094
0.0407259501516819
0.040662385523319244
0.040656354278326035
0.0406581275165081
0.04066188260912895
0.04070111736655235
0.040723055601119995
0.04083622992038727
0.04088125377893448
0.041024547070264816
0.04091598838567734
0.040937282145023346
0.040770530700683594
0.04076211526989937
0.04072006419301033
0.04071953520178795
0.040726128965616226
0.04072213172912598
0.04076722264289856
0.040809206664562225
0.04099705070257187
0.0410735085606575
0.04133090004324913
0.04110458120703697
0.04115121439099312
0.040892843157052994
0.04092772677540779
0.040860798209905624
0.04086635634303093
0.04086294770240784
0.04084296151995659
0.040843233466148376
0.040835343301296234
0.04094691574573517
0.041090045124292374
0.04156336933374405
0.04156825691461563
0.0420868806540966
0.041364092379808426
0.041607633233070374
0.041242003440856934
0.041530393064022064
0.041379883885383606
0.0417213998734951
0.04181596264243126
0.042850784957408905
0.04261215776205063
0.045065075159072876
0.042656365782022476
0.04720035195350647
0.043130919337272644
0.05058201402425766
0.04534341022372246
0.054245416074991226
0.04844530299305916
0.05643791705369949
0.05106579139828682
0.05745885521173477
0.05259144306182861
0.05890350788831711
0.05364242568612099
0.06063157320022583
0.05446406826376915
0.06260747462511063
0.055242035537958145
0.06477271020412445
0.056686367839574814
0.06755375862121582
0.05846605449914932
0.06869712471961975
0.060167841613292694
0.07155835628509521
0.062220498919487
0.07262419909238815
0.06362345814704895
0.07455264031887054
0.06532260030508041
0.07788962125778198
0.06726561486721039
0.08030685037374496
0.0689857006072998
0.08221949636936188
0.07101834565401077
0.0838056355714798
0.07276041060686111
0.0852166935801506
0.07412932068109512
0.08638565242290497
0.0747571736574173
0.08675235509872437
0.07538338750600815
0.08627837896347046
0.07556218653917313
0.08619962632656097
0.07513076812028885
0.08474011719226837
0.07489170879125595
0.08503828942775726
0.07426995038986206
0.08331669121980667
0.07308132946491241
0.0812467560172081
0.07190358638763428
0.07922704517841339
0.07057103514671326
0.07861459255218506
0.06929808855056763
0.07655864953994751
0.06795656681060791
0.07494369894266129
0.06645462661981583
0.07244417071342468
0.06491437554359436
0.06958770006895065
0.06322900205850601
0.06806451082229614
0.0619039312005043
0.06677457690238953
0.06040206551551819
0.06491251289844513
0.05896007642149925
0.0630093514919281
0.057774048298597336
0.061533380299806595
0.056733980774879456
0.06030362844467163
0.055736277252435684
0.05933190882205963
0.05480433255434036
0.05796433240175247
0.05388067662715912
0.056391943246126175
0.05298050865530968
0.05508473515510559
0.052099090069532394
0.05381477624177933
0.05118102580308914
0.052513014525175095
0.05034301429986954
0.05142752453684807
0.04950524866580963
0.050446949899196625
0.048770152032375336
0.04961032792925835
0.04806026071310043
0.048772554844617844
0.04742613434791565
0.0480097271502018
0.04680502414703369
0.04717389494180679
0.04622050002217293
0.046408817172050476
0.0456676259636879
0.04570794105529785
0.04516838490962982
0.04517542943358421
0.044736750423908234
0.044757306575775146
0.04435903951525688
0.04435102641582489
0.04397043585777283
0.043909382075071335
0.04358164593577385
0.0434708371758461
0.04324568063020706
0.04312342777848244
0.04296403005719185
0.04284348338842392
0.04271608591079712
0.042602457106113434
0.04249592125415802
0.04239345341920853
0.04230242222547531
0.04221178591251373
0.04213409498333931
0.0420539565384388
0.04198625683784485
0.041915759444236755
0.04185608774423599
0.0417943112552166
0.04174133017659187
0.04168758541345596
0.04163983091711998
0.04159299284219742
0.04155001789331436
0.041508935391902924
0.04147027060389519
0.041434235870838165
0.041399575769901276
0.041367433965206146
0.04133627563714981
0.04130760207772255
0.041279662400484085
0.04125392436981201
0.04122873395681381
0.0412055067718029
0.04118287190794945
0.04116180166602135
0.04114140197634697
0.041122306138277054
0.041103821247816086
0.041086409240961075
0.04106959328055382
0.04105362296104431
0.041038308292627335
0.041023604571819305
0.041009481996297836
0.04099615290760994
0.040983207523822784
0.04097092151641846
0.040959157049655914
0.040947895497083664
0.0409369096159935
0.040926460176706314
0.040916331112384796
0.040906667709350586
0.04089716076850891
0.04088820517063141
0.040879327803850174
0.04087117314338684
0.040863003581762314
0.040855683386325836
0.040848176926374435
0.040841881185770035
0.04083523899316788
0.040830567479133606
0.04082486778497696
0.040822114795446396
0.04081704095005989
0.04081542789936066
0.04080911725759506
0.04080609232187271
0.04079766571521759
0.04079275578260422
0.04078422486782074
0.04077891632914543
0.04077138751745224
0.04076632857322693
0.040759965777397156
0.04075539484620094
0.04074988141655922
0.04074625298380852
0.040741611272096634
0.04073943570256233
0.04073617234826088
0.04073671996593475
0.040734726935625076
0.04073736071586609
0.040733400732278824
0.0407339446246624
0.04072614386677742
0.04072213172912598
0.04071266949176788
0.040707480162382126
0.0407005250453949
0.04069611057639122
0.040691085159778595
0.04068685322999954
0.040682580322027206
0.04067873954772949
0.04067496582865715
0.04067119583487511
0.04066793993115425
0.040664490312337875
0.040661945939064026
0.040659476071596146
0.04065920040011406
0.04065920412540436
0.040664706379175186
0.04066850244998932
0.040680598467588425
0.040681347250938416
0.04068843647837639
0.04067631810903549
0.040670279413461685
0.04065601900219917
0.040649544447660446
0.04064347594976425
0.04064001888036728
0.04063912481069565
0.04063834622502327
0.04064416512846947
0.040648169815540314
0.04066142812371254
0.040662456303834915
0.04066882282495499
0.040654417127370834
0.040646638721227646
0.04063139110803604
0.04062483087182045
0.04061966389417648
0.040616679936647415
0.040617506951093674
0.04061819612979889
0.040627919137477875
0.04063419625163078
0.040652092546224594
0.04065164923667908
0.04065656289458275
0.04063623771071434
0.04062468558549881
0.04060951992869377
0.04060440510511398
0.04060336947441101
0.040602974593639374
0.04061048477888107
0.04061457887291908
0.04063091427087784
0.04063321650028229
0.040643833577632904
0.04062774404883385
0.040618911385536194
0.04059983044862747
0.04059194400906563
0.04058615118265152
0.04058372229337692
0.040586378425359726
0.04058820381760597
0.04060181975364685
0.040609586983919144
0.040630340576171875
0.0406266413629055
0.04062864929437637
0.04060417786240578
0.04059120640158653
0.04057670384645462
0.04057243466377258
0.040572721511125565
0.040573276579380035
0.04058363661170006
0.040589988231658936
0.04061104729771614
0.04061276465654373
0.04062390699982643
0.040603671222925186
0.04059268906712532
0.040571458637714386
0.04056363180279732
0.04055889695882797
0.04055721312761307
0.0405624695122242
0.040566492825746536
0.04058593884110451
0.040596768260002136
0.040623988956213
0.040616679936647415
0.04061756655573845
0.04058591276407242
0.040570780634880066
0.04055598005652428
0.040552739053964615
0.04055570065975189
0.040558166801929474
0.04057510942220688
0.04058464244008064
0.04061475768685341
0.04061537981033325
0.040627967566251755
0.04059699550271034
0.04058196023106575
0.040556877851486206
0.04054927080869675
0.040546759963035583
0.04054637625813484
0.040556855499744415
0.04056420549750328
0.04059380665421486
0.040605880320072174
0.04063870385289192
0.04062023386359215
0.040615107864141464
0.04057392477989197
0.040557779371738434
0.04054579883813858
0.04054417833685875
0.04055170714855194
0.040557850152254105
0.04058677703142166
0.04060138389468193
0.04064558446407318
0.040635354816913605
0.04064248502254486
0.04059436172246933
0.040574222803115845
0.040550779551267624
0.04054613411426544
0.040548305958509445
0.040550313889980316
0.04057154431939125
0.04058542102575302
0.040632907301187515
0.04064217954874039
0.04067659378051758
0.040633440017700195
0.0406150296330452
0.040566831827163696
0.0405539907515049
0.04054945334792137
0.040551379323005676
0.04056836664676666
0.0405786968767643
0.04062116891145706
0.04063224419951439
0.04067349061369896
0.040640003979206085
0.040630441159009933
0.04057648777961731
0.04055899754166603
0.04054437205195427
0.040542155504226685
0.04055003076791763
0.04055549204349518
0.040589842945337296
0.04061247408390045
0.040678299963474274
0.04067658260464668
0.04069874435663223
0.04062487185001373
0.04059424623847008
0.04055578634142876
0.04055216535925865
0.04056037962436676
0.04056829959154129
0.040603648871183395
0.040619079023599625
0.040680576115846634
0.04067404195666313
