# lbfgs, lr=0.8, alpha = 1000000, beta = 0.1
# best_iter: 99, best_loss = 0.031051600351929665, imsave period = 10
3.816220760345459
0.42631247639656067
0.24547693133354187
0.15482962131500244
0.09584490954875946
0.0683649480342865
0.058387432247400284
0.05199912190437317
0.04819415137171745
0.04533880203962326
0.04326660558581352
0.04176557809114456
0.04041797295212746
0.03938798978924751
0.038520779460668564
0.03784168139100075
0.0371788889169693
0.0366404764354229
0.03616076707839966
0.035728178918361664
0.035357214510440826
0.035056427121162415
0.03475755825638771
0.03448665142059326
0.03424179553985596
0.03403843939304352
0.033834751695394516
0.033646877855062485
0.033463165163993835
0.033297907561063766
0.03313768655061722
0.03300347551703453
0.032871928066015244
0.032749392092227936
0.03263469785451889
0.03253458812832832
0.032433852553367615
0.03234149515628815
0.032248325645923615
0.032169926911592484
0.032096657902002335
0.03202858567237854
0.03196835145354271
0.031920600682497025
0.03186524659395218
0.03181874379515648
0.0317704863846302
0.03172772377729416
0.03168462589383125
0.03164444491267204
0.03160645440220833
0.031573452055454254
0.03154071420431137
0.03151422739028931
0.03148794546723366
0.031462348997592926
0.03143972158432007
0.03141762316226959
0.03139594569802284
0.03137563169002533
0.03135601803660393
0.03133752569556236
0.03132073953747749
0.031305283308029175
0.03129168599843979
0.031278420239686966
0.03126601502299309
0.03125400468707085
0.031242776662111282
0.031232066452503204
0.031221900135278702
0.031212255358695984
0.031203124672174454
0.03119450807571411
0.031186159700155258
0.03117830865085125
0.03117072768509388
0.031163476407527924
0.031156478449702263
0.031149784103035927
0.031143466010689735
0.031137345358729362
0.03113134391605854
0.03112560510635376
0.03111995942890644
0.03111446462571621
0.031109172850847244
0.031104015186429024
0.031099017709493637
0.031094156205654144
0.03108946792781353
0.031084824353456497
0.031080305576324463
0.03107595443725586
0.031071621924638748
0.031067460775375366
0.031063348054885864
0.03105934150516987
0.031055418774485588
0.031051600351929665
