# adam, lr=0.01, alpha = 1000000, beta = 0.1
# best_iter: 2998, best_loss = 0.8875753879547119, imsave period = 300
313.9446105957031
293.24456787109375
260.1164245605469
220.83514404296875
184.10665893554688
156.8026123046875
138.33453369140625
122.7955093383789
109.3846435546875
99.0062255859375
90.84234619140625
83.9792709350586
78.14791107177734
73.14692687988281
68.65139770507812
64.4585952758789
60.576812744140625
57.04692077636719
53.844154357910156
50.91438293457031
48.23333740234375
45.79696273803711
43.58735656738281
41.567684173583984
39.71013641357422
38.003150939941406
36.43377685546875
34.98811721801758
33.650386810302734
32.409034729003906
31.257251739501953
30.184640884399414
29.18103790283203
28.237716674804688
27.348121643066406
26.507524490356445
25.711530685424805
24.955686569213867
24.23680305480957
23.552257537841797
22.900245666503906
22.280118942260742
21.689075469970703
21.12434959411621
20.58491325378418
20.068992614746094
19.575281143188477
19.102882385253906
18.649734497070312
18.215600967407227
17.7995548248291
17.400157928466797
17.016786575317383
16.647855758666992
16.292430877685547
15.950114250183105
15.620808601379395
15.303584098815918
14.997763633728027
14.702812194824219
14.418597221374512
14.144508361816406
13.880057334899902
13.624746322631836
13.378392219543457
13.140233039855957
12.90975570678711
12.686688423156738
12.470902442932129
12.261975288391113
12.059553146362305
11.863322257995605
11.672855377197266
11.487866401672363
11.308433532714844
11.134010314941406
10.964635848999023
10.800015449523926
10.640031814575195
10.484416007995605
10.332839965820312
10.185388565063477
10.04195499420166
9.90255355834961
9.766743659973145
9.634541511535645
9.505874633789062
9.380500793457031
9.258193969726562
9.138924598693848
9.022518157958984
8.908794403076172
8.797975540161133
8.68967342376709
8.584142684936523
8.4811429977417
8.380533218383789
8.28228759765625
8.18621826171875
8.092398643493652
8.000591278076172
7.9107584953308105
7.822920322418213
7.736978054046631
7.6528849601745605
7.570563316345215
7.489915370941162
7.411124229431152
7.333923816680908
7.258270263671875
7.184144020080566
7.111607074737549
7.040465354919434
6.970722675323486
6.902342319488525
6.835239410400391
6.769376754760742
6.704800128936768
6.641353607177734
6.57905912399292
6.517997741699219
6.457947731018066
6.398999214172363
6.341156959533691
6.284426689147949
6.228713035583496
6.173976898193359
6.120183944702148
6.06720495223999
6.015134811401367
5.963963985443115
5.913639545440674
5.864147186279297
5.815526485443115
5.76766300201416
5.720579147338867
5.674184799194336
5.6285014152526855
5.5835957527160645
5.53940486907959
5.495975494384766
5.453158378601074
5.410974979400635
5.369503974914551
5.328638553619385
5.288394451141357
5.248819828033447
5.209886074066162
5.171542644500732
5.133821487426758
5.096690654754639
5.060065746307373
5.024043083190918
4.988540172576904
4.953479766845703
4.91890811920166
4.884826183319092
4.8512749671936035
4.818144798278809
4.785487174987793
4.753289699554443
4.721512794494629
4.690182685852051
4.659297466278076
4.628793239593506
4.598721027374268
4.569058895111084
4.539798259735107
4.510930061340332
4.482433795928955
4.454314231872559
4.426608085632324
4.399255752563477
4.372243881225586
4.345578193664551
4.319282531738281
4.293299674987793
4.267711162567139
4.24240255355835
4.217410087585449
4.192723274230957
4.1683573722839355
4.144303321838379
4.120514392852783
4.097018241882324
4.0738019943237305
4.050872325897217
4.028183937072754
4.00577449798584
3.98360013961792
3.9617035388946533
3.940068244934082
3.9186413288116455
3.8974740505218506
3.876566171646118
3.855879306793213
3.8354790210723877
3.8152551651000977
3.795297622680664
3.775582790374756
3.756114959716797
3.7368431091308594
3.7177867889404297
3.6989591121673584
3.680341958999634
3.661961555480957
3.643782615661621
3.6258087158203125
3.6080286502838135
3.590439558029175
3.5729994773864746
3.5557944774627686
3.5387470722198486
3.5218746662139893
3.505189895629883
3.4886581897735596
3.4723095893859863
3.456178903579712
3.440199375152588
3.4244000911712646
3.4087612628936768
3.393280029296875
3.3779799938201904
3.3628158569335938
3.347792387008667
3.3329524993896484
3.3182549476623535
3.30368971824646
3.289283037185669
3.2750394344329834
3.260920763015747
3.2469305992126465
3.2330832481384277
3.2193760871887207
3.2057993412017822
3.192356586456299
3.1790554523468018
3.165886640548706
3.1528449058532715
3.139911413192749
3.12712025642395
3.1144518852233887
3.1019015312194824
3.089460611343384
3.077141761779785
3.0649614334106445
3.0528836250305176
3.0409040451049805
3.0290420055389404
3.0172924995422363
3.005638599395752
2.99410080909729
2.9826321601867676
2.9713103771209717
2.9600634574890137
2.9489243030548096
2.937885046005249
2.9269306659698486
2.916084051132202
2.9053332805633545
2.8946638107299805
2.8841018676757812
2.873638153076172
2.8632547855377197
2.8529820442199707
2.8428092002868652
2.832728624343872
2.8227295875549316
2.8128039836883545
2.802971124649048
2.79323673248291
2.7835733890533447
2.773993730545044
2.7645082473754883
2.755084991455078
2.7457587718963623
2.736497640609741
2.727320671081543
2.7182297706604004
2.7092134952545166
2.700270414352417
2.6914007663726807
2.6825942993164062
2.6738736629486084
2.665215253829956
2.656627893447876
2.648099660873413
2.6396379470825195
2.6312568187713623
2.6229443550109863
2.6146955490112305
2.6065080165863037
2.5983808040618896
2.5903310775756836
2.582345962524414
2.5744268894195557
2.566586494445801
2.558781623840332
2.551037311553955
2.543361186981201
2.535745620727539
2.528193950653076
2.520711898803711
2.513296604156494
2.505927562713623
2.4986143112182617
2.49135684967041
2.484161376953125
2.47702956199646
2.4699392318725586
2.462899923324585
2.4559082984924316
2.448975086212158
2.4420969486236572
2.4352712631225586
2.428483247756958
2.421743392944336
2.4150609970092773
2.408430814743042
2.4018406867980957
2.3952879905700684
2.3887927532196045
2.3823490142822266
2.375943899154663
2.369572162628174
2.3632633686065674
2.356999397277832
2.350773572921753
2.3445844650268555
2.3384509086608887
2.3323683738708496
2.3263158798217773
2.3203072547912598
2.31434965133667
2.308432102203369
2.302553653717041
2.296726942062378
2.2909350395202637
2.28519344329834
2.2794857025146484
2.273824691772461
2.268198013305664
2.2626125812530518
2.257079839706421
2.251582622528076
2.246105670928955
2.240678310394287
2.235304832458496
2.229964256286621
2.2246482372283936
2.219370126724243
2.2141220569610596
2.2089171409606934
2.203744888305664
2.1986148357391357
2.1934969425201416
2.1884214878082275
2.183378219604492
2.1783676147460938
2.1733832359313965
2.1684391498565674
2.1635196208953857
2.1586410999298096
2.153797149658203
2.14897084236145
2.1441750526428223
2.139414072036743
2.13468074798584
2.1299757957458496
2.125303268432617
2.120659828186035
2.1160402297973633
2.111454963684082
2.106901168823242
2.102367401123047
2.097862720489502
2.0933990478515625
2.088944911956787
2.0845274925231934
2.0801453590393066
2.0757806301116943
2.0714378356933594
2.067124605178833
2.0628435611724854
2.0585834980010986
2.0543596744537354
2.05015230178833
2.045959711074829
2.0418038368225098
2.0376782417297363
2.033576488494873
2.02949857711792
2.0254459381103516
2.0214171409606934
2.0174131393432617
2.013432741165161
2.009479522705078
2.0055489540100098
2.001640796661377
1.9977574348449707
1.9938956499099731
1.9900546073913574
1.9862399101257324
1.9824397563934326
1.9786648750305176
1.9749164581298828
1.9711925983428955
1.9674832820892334
1.963796854019165
1.9601271152496338
1.9564807415008545
1.9528493881225586
1.9492517709732056
1.9456632137298584
1.942098617553711
1.9385570287704468
1.9350309371948242
1.931525707244873
1.9280412197113037
1.9245789051055908
1.9211399555206299
1.917715072631836
1.9143080711364746
1.9109236001968384
1.9075510501861572
1.904198408126831
1.9008655548095703
1.897552728652954
1.8942499160766602
1.8909664154052734
1.8877074718475342
1.884458303451538
1.881223201751709
1.8780070543289185
1.8748104572296143
1.8716282844543457
1.868457555770874
1.8653159141540527
1.8621864318847656
1.8590681552886963
1.8559706211090088
1.8528873920440674
1.849820613861084
1.8467662334442139
1.8437330722808838
1.8407185077667236
1.8377141952514648
1.8347264528274536
1.831751823425293
1.8287937641143799
1.8258483409881592
1.8229076862335205
1.8199942111968994
1.8170886039733887
1.8141961097717285
1.811326026916504
1.8084685802459717
1.8056204319000244
1.8027851581573486
1.7999714612960815
1.797162413597107
1.7943710088729858
1.791590690612793
1.788826584815979
1.7860796451568604
1.7833433151245117
1.7806177139282227
1.777909278869629
1.77521550655365
1.7725374698638916
1.7698736190795898
1.767226219177246
1.7645913362503052
1.7619692087173462
1.759362816810608
1.7567682266235352
1.7541840076446533
1.751617670059204
1.7490599155426025
1.7465171813964844
1.7439830303192139
1.74146568775177
1.7389545440673828
1.7364516258239746
1.7339696884155273
1.7314984798431396
1.7290406227111816
1.7265992164611816
1.7241592407226562
1.7217309474945068
1.7193140983581543
1.716908574104309
1.7145217657089233
1.7121400833129883
1.7097673416137695
1.7074055671691895
1.7050561904907227
1.7027171850204468
1.7003977298736572
1.6980814933776855
1.6957721710205078
1.693480372428894
1.6911956071853638
1.6889197826385498
1.6866544485092163
1.684398889541626
1.6821556091308594
1.6799266338348389
1.6777026653289795
1.6754928827285767
1.673290729522705
1.6711002588272095
1.6689152717590332
1.6667442321777344
1.664581298828125
1.662430763244629
1.6602933406829834
1.6581614017486572
1.656041145324707
1.6539356708526611
1.6518354415893555
1.6497434377670288
1.6476619243621826
1.6455931663513184
1.6435322761535645
1.641479730606079
1.6394357681274414
1.6374050378799438
1.6353809833526611
1.633366584777832
1.6313596963882446
1.6293659210205078
1.6273791790008545
1.6254043579101562
1.6234350204467773
1.621475338935852
1.6195271015167236
1.6175825595855713
1.6156456470489502
1.613718032836914
1.611799955368042
1.6098911762237549
1.607985258102417
1.6060857772827148
1.6042029857635498
1.6023235321044922
1.6004493236541748
1.5985864400863647
1.596730351448059
1.5948797464370728
1.593043327331543
1.5912117958068848
1.5893880128860474
1.5875693559646606
1.5857605934143066
1.5839612483978271
1.5821645259857178
1.5803773403167725
1.578600525856018
1.576825737953186
1.5750579833984375
1.5732991695404053
1.571549415588379
1.56980299949646
1.5680642127990723
1.5663368701934814
1.564610242843628
1.5628905296325684
1.5611815452575684
1.5594754219055176
1.5577789545059204
1.5560905933380127
1.554410457611084
1.5527353286743164
1.5510621070861816
1.54939866065979
1.5477426052093506
1.5460944175720215
1.5444539785385132
1.5428165197372437
1.541187047958374
1.5395642518997192
1.537949800491333
1.5363380908966064
1.5347307920455933
1.5331332683563232
1.531543493270874
1.5299596786499023
1.5283780097961426
1.52680504322052
1.5252363681793213
1.5236785411834717
1.5221225023269653
1.520574927330017
1.5190327167510986
1.5174975395202637
1.515971302986145
1.5144457817077637
1.5129313468933105
1.5114264488220215
1.509922742843628
1.5084248781204224
1.5069345235824585
1.5054492950439453
1.5039699077606201
1.5024993419647217
1.5010331869125366
1.499574065208435
1.498117208480835
1.496669054031372
1.4952237606048584
1.4937846660614014
1.4923524856567383
1.49092698097229
1.4895057678222656
1.4880926609039307
1.4866845607757568
1.485283374786377
1.4838876724243164
1.482496738433838
1.4811081886291504
1.4797306060791016
1.4783565998077393
1.4769881963729858
1.47562575340271
1.4742670059204102
1.4729193449020386
1.4715723991394043
1.4702320098876953
1.4688966274261475
1.4675687551498413
1.4662419557571411
1.4649211168289185
1.4636093378067017
1.4622979164123535
1.460994005203247
1.4596961736679077
1.458400845527649
1.457110047340393
1.4558260440826416
1.454545259475708
1.4532694816589355
1.4519975185394287
1.4507336616516113
1.4494749307632446
1.4482194185256958
1.4469664096832275
1.4457199573516846
1.4444787502288818
1.4432427883148193
1.4420130252838135
1.4407869577407837
1.4395620822906494
1.4383445978164673
1.4371304512023926
1.4359190464019775
1.4347131252288818
1.433513879776001
1.4323194026947021
1.431128740310669
1.4299407005310059
1.4287580251693726
1.4275771379470825
1.426403522491455
1.4252336025238037
1.424067497253418
1.422903299331665
1.421746850013733
1.420597791671753
1.4194494485855103
1.4183048009872437
1.417165994644165
1.4160313606262207
1.4149013757705688
1.4137746095657349
1.4126484394073486
1.4115309715270996
1.4104175567626953
1.409305453300476
1.4082000255584717
1.4070961475372314
1.405996561050415
1.4049034118652344
1.4038141965866089
1.4027247428894043
1.401641607284546
1.4005640745162964
1.399489402770996
1.398416519165039
1.397349238395691
1.396285057067871
1.3952242136001587
1.3941664695739746
1.3931128978729248
1.3920588493347168
1.3910109996795654
1.3899680376052856
1.388927698135376
1.387887716293335
1.3868536949157715
1.3858219385147095
1.3847944736480713
1.3837673664093018
1.3827450275421143
1.3817280530929565
1.3807110786437988
1.3797012567520142
1.37869393825531
1.3776897192001343
1.3766894340515137
1.3756883144378662
1.3746951818466187
1.3737050294876099
1.372719407081604
1.3717350959777832
1.3707544803619385
1.3697788715362549
1.3688077926635742
1.3678380250930786
1.3668732643127441
1.3659114837646484
1.364952802658081
1.3639960289001465
1.3630423545837402
1.3620946407318115
1.3611476421356201
1.3602018356323242
1.3592634201049805
1.3583269119262695
1.3573906421661377
1.3564603328704834
1.3555324077606201
1.3546061515808105
1.3536845445632935
1.3527648448944092
1.3518457412719727
1.350933313369751
1.350022792816162
1.349113941192627
1.3482081890106201
1.3473047018051147
1.3464075326919556
1.3455133438110352
1.3446182012557983
1.3437273502349854
1.3428404331207275
1.3419547080993652
1.3410725593566895
1.3401930332183838
1.3393151760101318
1.338439702987671
1.337568759918213
1.336700201034546
1.335834264755249
1.3349699974060059
1.3341078758239746
1.333249568939209
1.3323900699615479
1.331536054611206
1.3306856155395508
1.3298368453979492
1.3289905786514282
1.3281455039978027
1.3273041248321533
1.3264628648757935
1.3256268501281738
1.3247936964035034
1.3239606618881226
1.3231322765350342
1.3223066329956055
1.3214833736419678
1.320662021636963
1.319843053817749
1.3190290927886963
1.31821870803833
1.3174059391021729
1.3165982961654663
1.3157925605773926
1.3149909973144531
1.3141887187957764
1.3133900165557861
1.312593936920166
1.3117998838424683
1.3110110759735107
1.3102219104766846
1.309435248374939
1.3086514472961426
1.3078680038452148
1.3070876598358154
1.3063125610351562
1.3055347204208374
1.3047618865966797
1.303990364074707
1.3032211065292358
1.3024537563323975
1.3016889095306396
1.3009263277053833
1.3001656532287598
1.2994095087051392
1.2986531257629395
1.2979007959365845
1.2971502542495728
1.2964025735855103
1.2956572771072388
1.2949129343032837
1.294173002243042
1.2934339046478271
1.292696475982666
1.2919620275497437
1.2912298440933228
1.2905017137527466
1.2897732257843018
1.289048194885254
1.2883256673812866
1.2876044511795044
1.2868860960006714
1.2861689329147339
1.2854535579681396
1.2847414016723633
1.2840306758880615
1.283319354057312
1.2826097011566162
1.281903624534607
1.2811977863311768
1.2804962396621704
1.2797976732254028
1.2790980339050293
1.2784013748168945
1.2777044773101807
1.2770099639892578
1.2763166427612305
1.2756260633468628
1.2749356031417847
1.2742469310760498
1.2735610008239746
1.272876262664795
1.272194504737854
1.2715122699737549
1.2708323001861572
1.270155668258667
1.2694776058197021
1.2688031196594238
1.2681300640106201
1.2674580812454224
1.2667893171310425
1.266121745109558
1.2654550075531006
1.2647901773452759
1.2641279697418213
1.2634679079055786
1.2628083229064941
1.2621511220932007
1.2614964246749878
1.26084303855896
1.2601897716522217
1.2595393657684326
1.2588894367218018
1.2582411766052246
1.2575958967208862
1.2569516897201538
1.256307601928711
1.2556649446487427
1.2550263404846191
1.2543861865997314
1.2537493705749512
1.2531144618988037
1.252479910850525
1.2518481016159058
1.2512174844741821
1.2505872249603271
1.2499593496322632
1.2493330240249634
1.2487082481384277
1.2480854988098145
1.2474637031555176
1.2468433380126953
1.2462248802185059
1.245607852935791
1.2449936866760254
1.2443809509277344
1.243767261505127
1.2431561946868896
1.2425477504730225
1.241939663887024
1.2413341999053955
1.2407292127609253
1.2401244640350342
1.2395241260528564
1.2389227151870728
1.238322377204895
1.2377257347106934
1.2371299266815186
1.2365357875823975
1.2359416484832764
1.2353483438491821
1.2347593307495117
1.234169602394104
1.233581781387329
1.2329940795898438
1.2324092388153076
1.2318238019943237
1.2312397956848145
1.230657696723938
1.2300755977630615
1.2294951677322388
1.2289153337478638
1.228337287902832
1.22776198387146
1.2271878719329834
1.2266144752502441
1.2260409593582153
1.225471019744873
1.2249014377593994
1.224332571029663
1.2237656116485596
1.2232006788253784
1.2226369380950928
1.2220752239227295
1.221514105796814
1.2209529876708984
1.2203952074050903
1.2198383808135986
1.2192821502685547
1.2187271118164062
1.2181744575500488
1.217624545097351
1.2170758247375488
1.2165279388427734
1.2159816026687622
1.2154366970062256
1.214894413948059
1.2143502235412598
1.2138099670410156
1.2132697105407715
1.212732195854187
1.2121961116790771
1.2116608619689941
1.211126446723938
1.2105944156646729
1.2100635766983032
1.2095354795455933
1.2090075016021729
1.2084815502166748
1.2079575061798096
1.2074341773986816
1.2069112062454224
1.2063912153244019
1.2058720588684082
1.205352783203125
1.2048368453979492
1.2043205499649048
1.2038068771362305
1.2032954692840576
1.2027835845947266
1.2022730112075806
1.2017637491226196
1.2012557983398438
1.2007496356964111
1.2002445459365845
1.1997406482696533
1.1992383003234863
1.1987366676330566
1.1982369422912598
1.1977384090423584
1.1972401142120361
1.1967440843582153
1.1962478160858154
1.195752739906311
1.1952602863311768
1.1947696208953857
1.194279670715332
1.1937888860702515
1.1933016777038574
1.1928138732910156
1.1923277378082275
1.191842794418335
1.1913594007492065
1.1908769607543945
1.1903938055038452
1.1899144649505615
1.1894361972808838
1.1889570951461792
1.188480257987976
1.1880046129226685
1.1875301599502563
1.1870567798614502
1.186584234237671
1.1861134767532349
1.1856422424316406
1.185173511505127
1.1847057342529297
1.1842379570007324
1.1837714910507202
1.1833055019378662
1.1828409433364868
1.1823770999908447
1.1819138526916504
1.1814509630203247
1.1809896230697632
1.1805280447006226
1.180069923400879
1.1796107292175293
1.179153323173523
1.1786963939666748
1.1782395839691162
1.1777857542037964
1.1773319244384766
1.1768783330917358
1.1764270067214966
1.1759763956069946
1.1755272150039673
1.175079584121704
1.1746320724487305
1.1741859912872314
1.1737408638000488
1.1732960939407349
1.1728535890579224
1.1724097728729248
1.171968698501587
1.1715279817581177
1.1710882186889648
1.1706500053405762
1.1702114343643188
1.1697741746902466
1.1693389415740967
1.1689037084579468
1.1684685945510864
1.1680349111557007
1.1676025390625
1.167168378829956
1.166738748550415
1.1663092374801636
1.165880799293518
1.1654527187347412
1.1650243997573853
1.1645976305007935
1.1641731262207031
1.163748025894165
1.1633241176605225
1.1629009246826172
1.1624791622161865
1.1620585918426514
1.1616370677947998
1.161217212677002
1.1607983112335205
1.160380482673645
1.159964919090271
1.159549355506897
1.159134030342102
1.1587198972702026
1.1583068370819092
1.1578937768936157
1.1574817895889282
1.1570706367492676
1.156661033630371
1.1562519073486328
1.1558423042297363
1.1554350852966309
1.155029058456421
1.1546216011047363
1.1542149782180786
1.1538100242614746
1.1534068584442139
1.153002381324768
1.1525992155075073
1.1521990299224854
1.1517980098724365
1.151397466659546
1.1509978771209717
1.1505993604660034
1.1502012014389038
1.1498053073883057
1.1494076251983643
1.1490126848220825
1.1486181020736694
1.148223876953125
1.147829532623291
1.1474379301071167
1.1470465660095215
1.1466553211212158
1.1462647914886475
1.1458756923675537
1.145486831665039
1.1450982093811035
1.1447105407714844
1.1443244218826294
1.143938660621643
1.1435532569885254
1.1431680917739868
1.1427843570709229
1.1424014568328857
1.14201819896698
1.1416375637054443
1.1412570476531982
1.1408772468566895
1.1404974460601807
1.1401190757751465
1.1397414207458496
1.1393647193908691
1.1389882564544678
1.1386127471923828
1.1382372379302979
1.1378631591796875
1.1374902725219727
1.1371172666549683
1.1367453336715698
1.136373519897461
1.1360023021697998
1.135632038116455
1.1352627277374268
1.1348929405212402
1.1345244646072388
1.1341569423675537
1.1337902545928955
1.1334245204925537
1.1330585479736328
1.1326955556869507
1.1323308944702148
1.1319679021835327
1.1316043138504028
1.1312415599822998
1.1308808326721191
1.130519151687622
1.130159854888916
1.1298003196716309
1.129441738128662
1.1290829181671143
1.1287251710891724
1.1283670663833618
1.1280118227005005
1.1276551485061646
1.127299189567566
1.1269445419311523
1.1265895366668701
1.1262366771697998
1.1258848905563354
1.125531792640686
1.1251806020736694
1.124829649925232
1.1244795322418213
1.1241307258605957
1.1237819194793701
1.12343430519104
1.1230875253677368
1.1227412223815918
1.1223968267440796
1.1220513582229614
1.1217074394226074
1.1213645935058594
1.1210217475891113
1.120680570602417
1.1203402280807495
1.1199991703033447
1.119660496711731
1.1193225383758545
1.1189851760864258
1.1186487674713135
1.1183123588562012
1.117976427078247
1.1176419258117676
1.1173067092895508
1.1169726848602295
1.1166396141052246
1.1163067817687988
1.1159734725952148
1.1156412363052368
1.1153104305267334
1.11497962474823
1.1146490573883057
1.114319086074829
1.1139905452728271
1.1136634349822998
1.1133348941802979
1.1130086183547974
1.1126813888549805
1.1123557090759277
1.1120312213897705
1.111707091331482
1.1113827228546143
1.1110585927963257
1.110735535621643
1.1104137897491455
1.110092043876648
1.1097712516784668
1.1094509363174438
1.1091312170028687
1.108811616897583
1.1084926128387451
1.1081739664077759
1.1078565120697021
1.1075396537780762
1.107222557067871
1.1069066524505615
1.1065919399261475
1.1062761545181274
1.1059621572494507
1.1056486368179321
1.105334997177124
1.1050223112106323
1.1047101020812988
1.104398250579834
1.1040873527526855
1.1037770509719849
1.1034661531448364
1.1031566858291626
1.1028481721878052
1.1025396585464478
1.1022324562072754
1.101923942565918
1.1016178131103516
1.101312279701233
1.101007103919983
1.100701928138733
1.1003973484039307
1.1000936031341553
1.0997908115386963
1.0994880199432373
1.0991864204406738
1.0988855361938477
1.0985853672027588
1.098284125328064
1.097985029220581
1.0976853370666504
1.0973860025405884
1.0970871448516846
1.0967893600463867
1.0964915752410889
1.0961953401565552
1.0958998203277588
1.0956038236618042
1.0953080654144287
1.0950126647949219
1.0947182178497314
1.0944244861602783
1.094131350517273
1.0938388109207153
1.0935474634170532
1.0932559967041016
1.092964768409729
1.0926743745803833
1.0923845767974854
1.092096209526062
1.0918070077896118
1.0915181636810303
1.0912303924560547
1.0909427404403687
1.0906556844711304
1.0903692245483398
1.0900824069976807
1.089797019958496
1.0895116329193115
1.089226484298706
1.088942527770996
1.0886588096618652
1.0883753299713135
1.088092565536499
1.087809681892395
1.0875284671783447
1.087247371673584
1.0869659185409546
1.0866854190826416
1.0864050388336182
1.0861262083053589
1.085845708847046
1.0855668783187866
1.0852890014648438
1.085010290145874
1.084733247756958
1.084455966949463
1.084179401397705
1.083903431892395
1.0836279392242432
1.0833531618118286
1.0830788612365723
1.0828050374984741
1.0825321674346924
1.082258701324463
1.081986427307129
1.0817145109176636
1.0814417600631714
1.0811712741851807
1.0809013843536377
1.080630898475647
1.0803608894348145
1.0800912380218506
1.0798218250274658
1.079553484916687
1.0792847871780396
1.0790168046951294
1.078749179840088
1.0784821510314941
1.078216791152954
1.0779509544372559
1.077684998512268
1.0774208307266235
1.0771558284759521
1.0768914222717285
1.0766271352767944
1.0763640403747559
1.0761009454727173
1.075838327407837
1.075575590133667
1.0753130912780762
1.075051188468933
1.0747900009155273
1.0745289325714111
1.074268102645874
1.0740084648132324
1.0737485885620117
1.0734896659851074
1.0732319355010986
1.0729739665985107
1.072716236114502
1.0724601745605469
1.0722030401229858
1.071947455406189
1.071692705154419
1.0714375972747803
1.0711828470230103
1.0709296464920044
1.0706751346588135
1.0704227685928345
1.0701704025268555
1.0699174404144287
1.0696661472320557
1.0694148540496826
1.0691642761230469
1.0689146518707275
1.06866455078125
1.0684155225753784
1.0681664943695068
1.0679175853729248
1.06766939163208
1.0674223899841309
1.0671744346618652
1.0669276714324951
1.0666812658309937
1.066436529159546
1.0661909580230713
1.0659462213516235
1.065702199935913
1.065458059310913
1.0652148723602295
1.064971685409546
1.06472909450531
1.0644868612289429
1.0642451047897339
1.0640032291412354
1.0637625455856323
1.0635216236114502
1.063281774520874
1.06304132938385
1.0628023147583008
1.062563180923462
1.0623236894607544
1.0620850324630737
1.061846375465393
1.061608076095581
1.061370611190796
1.0611333847045898
1.0608973503112793
1.0606610774993896
1.0604252815246582
1.0601892471313477
1.0599530935287476
1.0597193241119385
1.0594847202301025
1.0592501163482666
1.0590165853500366
1.0587825775146484
1.0585492849349976
1.0583170652389526
1.0580848455429077
1.0578526258468628
1.057620644569397
1.0573889017105103
1.0571584701538086
1.0569278001785278
1.056698203086853
1.0564684867858887
1.0562388896942139
1.0560094118118286
1.0557806491851807
1.055551528930664
1.0553233623504639
1.0550949573516846
1.0548665523529053
1.0546395778656006
1.0544122457504272
1.054185152053833
1.0539586544036865
1.0537323951721191
1.0535061359405518
1.0532817840576172
1.053056240081787
1.0528308153152466
1.0526068210601807
1.0523829460144043
1.052159070968628
1.0519356727600098
1.0517126321792603
1.0514905452728271
1.0512678623199463
1.0510461330413818
1.050824522972107
1.0506033897399902
1.0503814220428467
1.0501604080200195
1.0499398708343506
1.0497195720672607
1.0495011806488037
1.0492806434631348
1.0490615367889404
1.0488430261611938
1.0486242771148682
1.0484052896499634
1.0481873750686646
1.0479694604873657
1.0477519035339355
1.0475337505340576
1.047316312789917
1.0470998287200928
1.0468827486038208
1.046666145324707
1.0464507341384888
1.0462355613708496
1.0460197925567627
1.0458052158355713
1.0455909967422485
1.045377492904663
1.045163631439209
1.044950008392334
1.0447369813919067
1.0445241928100586
1.0443121194839478
1.0440995693206787
1.0438876152038574
1.0436762571334839
1.0434646606445312
1.0432536602020264
1.0430430173873901
1.0428333282470703
1.0426236391067505
1.042414665222168
1.042205572128296
1.0419964790344238
1.0417885780334473
1.0415802001953125
1.0413715839385986
1.0411635637283325
1.0409562587738037
1.040749192237854
1.040541648864746
1.0403342247009277
1.0401276350021362
1.039921760559082
1.0397162437438965
1.0395101308822632
1.039304256439209
1.0390993356704712
1.0388957262039185
1.0386900901794434
1.0384855270385742
1.0382822751998901
1.0380778312683105
1.037874460220337
1.0376713275909424
1.0374678373336792
1.0372655391693115
1.0370631217956543
1.0368609428405762
1.0366586446762085
1.036457896232605
1.0362565517425537
1.0360558032989502
1.0358545780181885
1.0356547832489014
1.0354547500610352
1.0352544784545898
1.03505539894104
1.0348560810089111
1.0346572399139404
1.0344581604003906
1.03425931930542
1.0340614318847656
1.0338633060455322
1.0336662530899048
1.0334680080413818
1.033271312713623
1.0330747365951538
1.0328786373138428
1.0326833724975586
1.0324872732162476
1.032292127609253
1.0320966243743896
1.0319018363952637
1.0317068099975586
1.031511902809143
1.0313180685043335
1.031124234199524
1.030930519104004
1.0307369232177734
1.0305434465408325
1.0303497314453125
1.0301568508148193
1.0299643278121948
1.029772162437439
1.0295796394348145
1.0293872356414795
1.029195785522461
1.029004454612732
1.0288138389587402
1.0286223888397217
1.0284318923950195
1.0282419919967651
1.0280518531799316
1.0278620719909668
1.027672290802002
1.0274832248687744
1.027294397354126
1.0271059274673462
1.026916742324829
1.0267287492752075
1.0265405178070068
1.0263524055480957
1.0261640548706055
1.0259764194488525
1.025788426399231
1.0256016254425049
1.025413990020752
1.0252255201339722
1.0250388383865356
1.0248517990112305
1.0246655941009521
1.0244791507720947
1.0242928266525269
1.0241072177886963
1.0239214897155762
1.0237358808517456
1.023550033569336
1.0233649015426636
1.0231800079345703
1.0229957103729248
1.022811770439148
1.0226274728775024
1.0224432945251465
1.0222601890563965
1.0220766067504883
1.0218926668167114
1.0217101573944092
1.0215275287628174
1.0213452577590942
1.0211622714996338
1.0209797620773315
1.020797610282898
1.020615577697754
1.0204343795776367
1.020251989364624
1.0200711488723755
1.0198900699615479
1.0197089910507202
1.0195282697677612
1.0193490982055664
1.0191689729690552
1.0189893245697021
1.0188102722167969
1.0186302661895752
1.0184509754180908
1.0182727575302124
1.0180948972702026
1.017916202545166
1.0177375078201294
1.017559289932251
1.0173819065093994
1.0172042846679688
1.0170273780822754
1.0168503522872925
1.0166736841201782
1.016498327255249
1.0163222551345825
1.0161464214324951
1.0159711837768555
1.0157959461212158
1.0156209468841553
1.0154469013214111
1.0152720212936401
1.0150973796844482
1.0149235725402832
1.014750361442566
1.0145760774612427
1.0144039392471313
1.014230489730835
1.0140576362609863
1.0138858556747437
1.013713002204895
1.0135411024093628
1.0133695602416992
1.0131977796554565
1.0130267143249512
1.012855887413025
1.0126850605010986
1.0125148296356201
1.0123438835144043
1.0121746063232422
1.0120049715042114
1.0118350982666016
1.0116662979125977
1.0114976167678833
1.0113292932510376
1.0111603736877441
1.0109927654266357
1.0108256340026855
1.0106581449508667
1.0104904174804688
1.0103232860565186
1.0101568698883057
1.0099905729293823
1.009824275970459
1.0096582174301147
1.0094925165176392
1.0093270540237427
1.0091612339019775
1.008995532989502
1.0088305473327637
1.008665680885315
1.0085015296936035
1.0083369016647339
1.0081731081008911
1.0080090761184692
1.0078458786010742
1.0076824426651
1.0075193643569946
1.00735604763031
1.0071932077407837
1.0070302486419678
1.006868600845337
1.0067059993743896
1.0065443515777588
1.0063821077346802
1.0062203407287598
1.006058931350708
1.005898118019104
1.005737066268921
1.0055763721466064
1.0054152011871338
1.0052552223205566
1.0050950050354004
1.0049340724945068
1.0047743320465088
1.0046147108078003
1.00445556640625
1.0042957067489624
1.0041364431381226
1.0039772987365723
1.0038186311721802
1.003659963607788
1.0035017728805542
1.0033437013626099
1.0031861066818237
1.003028392791748
1.0028705596923828
1.0027130842208862
1.0025560855865479
1.0023999214172363
1.0022430419921875
1.0020866394042969
1.0019307136535645
1.001774549484253
1.0016183853149414
1.001462697982788
1.0013070106506348
1.0011515617370605
1.0009962320327759
1.0008420944213867
1.0006871223449707
1.000532627105713
1.000377893447876
1.0002238750457764
1.000070333480835
0.9999160766601562
0.9997624158859253
0.9996089935302734
0.9994547367095947
0.999301552772522
0.9991496801376343
0.998996376991272
0.9988431930541992
0.9986910820007324
0.9985387921333313
0.9983862042427063
0.9982346892356873
0.99808269739151
0.997931182384491
0.9977796077728271
0.9976282119750977
0.9974775314331055
0.9973257780075073
0.997175395488739
0.997024655342102
0.9968738555908203
0.9967235326766968
0.9965734481811523
0.9964234828948975
0.9962737560272217
0.9961231350898743
0.9959734678268433
0.9958245754241943
0.9956753253936768
0.9955264925956726
0.9953779578208923
0.9952297210693359
0.9950807690620422
0.994933009147644
0.9947848320007324
0.9946372509002686
0.9944902658462524
0.9943428039550781
0.994195818901062
0.9940496683120728
0.9939026832580566
0.9937562346458435
0.9936103820800781
0.9934647083282471
0.9933182001113892
0.9931733012199402
0.9930275082588196
0.9928828477859497
0.9927377700805664
0.9925930500030518
0.9924489855766296
0.9923039674758911
0.9921603202819824
0.992016077041626
0.9918724894523621
0.9917284250259399
0.9915844202041626
0.9914412498474121
0.9912976026535034
0.9911544919013977
0.9910109043121338
0.9908679723739624
0.9907247424125671
0.990581750869751
0.9904389381408691
0.9902965426445007
0.9901547431945801
0.9900129437446594
0.9898704290390015
0.9897286295890808
0.9895871877670288
0.9894453883171082
0.9893044233322144
0.9891632795333862
0.9890222549438477
0.9888815879821777
0.9887409210205078
0.9886002540588379
0.9884603023529053
0.9883203506469727
0.9881804585456848
0.9880412817001343
0.9879018068313599
0.9877630472183228
0.9876243472099304
0.9874853491783142
0.9873479604721069
0.9872099161148071
0.9870721101760864
0.9869344234466553
0.986797571182251
0.9866600036621094
0.9865238666534424
0.9863871932029724
0.9862514734268188
0.9861153364181519
0.9859799742698669
0.985843300819397
0.9857082366943359
0.9855713844299316
0.9854365587234497
0.9852999448776245
0.9851647019386292
0.9850279688835144
0.9848939180374146
0.9847574234008789
0.9846223592758179
0.9844872951507568
0.9843531847000122
0.9842178821563721
0.9840842485427856
0.9839495420455933
0.983816921710968
0.9836834073066711
0.9835511445999146
0.9834179282188416
0.9832874536514282
0.9831540584564209
0.9830231070518494
0.9828888177871704
0.9827578067779541
0.9826220273971558
0.982490062713623
0.9823546409606934
0.9822220802307129
0.9820875525474548
0.9819548726081848
0.9818212985992432
0.9816901087760925
0.9815567135810852
0.9814265966415405
0.9812949895858765
0.9811661243438721
0.9810364842414856
0.9809095859527588
0.9807810187339783
0.9806567430496216
0.980528712272644
0.9804037809371948
0.9802743792533875
0.9801466464996338
0.9800129532814026
0.9798815250396729
0.9797444343566895
0.979610800743103
0.9794745445251465
0.9793416857719421
0.9792086482048035
0.9790787696838379
0.9789484739303589
0.9788196682929993
0.978690505027771
0.9785645008087158
0.9784383773803711
0.9783172607421875
0.9781976938247681
0.9780871868133545
0.9779766798019409
0.9778760075569153
0.9777680039405823
0.977658748626709
0.9775278568267822
0.9773871302604675
0.9772281646728516
0.9770744442939758
0.9769256114959717
0.9767917394638062
0.976667582988739
0.9765498638153076
0.9764419198036194
0.976338803768158
0.9762507677078247
0.9761643409729004
0.9760873317718506
0.9759889245033264
0.9758734107017517
0.975713849067688
0.9755398631095886
0.9753550887107849
0.9751947522163391
0.9750584363937378
0.9749438762664795
0.974845290184021
0.9747538566589355
0.9746764898300171
0.9745975136756897
0.9745216369628906
0.9744160175323486
0.9742896556854248
0.9741169214248657
0.9739351272583008
0.9737505912780762
0.9735958576202393
0.9734660387039185
0.9733588099479675
0.9732682108879089
0.9731825590133667
0.9731122851371765
0.9730403423309326
0.9729745388031006
0.9728779792785645
0.9727604389190674
0.9725891351699829
0.9724020957946777
0.9722011089324951
0.9720320105552673
0.971894383430481
0.971786618232727
0.9716988801956177
0.9716188907623291
0.9715548157691956
0.971489667892456
0.9714347124099731
0.9713529944419861
0.9712529182434082
0.9710969924926758
0.970916748046875
0.9707045555114746
0.9705145359039307
0.9703516364097595
0.9702273607254028
0.970130443572998
0.9700504541397095
0.9699956178665161
0.9699569344520569
0.9699556231498718
0.9699600338935852
0.9699703454971313
0.9699093103408813
0.9697729349136353
0.9695088863372803
0.9692071080207825
0.9689173102378845
0.9687281250953674
0.9686346054077148
0.9685985445976257
0.9685882329940796
0.9685590267181396
0.9685124158859253
0.9684037566184998
0.968252420425415
0.9680348634719849
0.96780925989151
0.9675911068916321
0.9674262404441833
0.9673053026199341
0.9672191739082336
0.9671592116355896
0.9671127796173096
0.9670994877815247
0.9671041965484619
0.9671438336372375
0.9671545028686523
0.9671284556388855
0.9669763445854187
0.9667249321937561
0.9663697481155396
0.9660501480102539
0.9658296704292297
0.9657392501831055
0.965728759765625
0.9657337665557861
0.9657313823699951
0.9656736254692078
0.9655705094337463
0.9653835296630859
0.9651604294776917
0.96490877866745
0.9647000432014465
0.9645439982414246
0.9644426703453064
0.9643790125846863
0.9643349051475525
0.9643253087997437
0.9643378257751465
0.964400589466095
0.9644653797149658
0.9645238518714905
0.9644624590873718
0.964280366897583
0.9639172554016113
0.9635168313980103
0.963172197341919
0.9630008935928345
0.9629731178283691
0.9630061984062195
0.9630463123321533
0.9630299806594849
0.9629595279693604
0.9627889394760132
0.9625680446624756
0.9622957706451416
0.9620535373687744
0.9618628025054932
0.9617455005645752
0.9616788029670715
0.9616415500640869
0.9616439938545227
0.9616802334785461
0.9617859125137329
0.9619224667549133
0.9620890617370605
0.9621497392654419
0.962063193321228
0.9616973400115967
0.9612023830413818
0.9606863260269165
0.9603835940361023
0.9603173732757568
0.9603962302207947
0.960506796836853
0.960537850856781
0.9604810476303101
0.9602866768836975
0.9600162506103516
0.9596915245056152
0.9594236612319946
0.9592456817626953
0.9591628313064575
0.9591421484947205
0.9591484069824219
0.9591962695121765
0.9592632055282593
0.9593765735626221
0.9594565033912659
0.9595001339912415
0.9593727588653564
0.9590963125228882
0.9586384296417236
0.9581950902938843
0.9578804969787598
0.9577763080596924
0.9578165411949158
0.9578985571861267
0.9579789638519287
0.957991898059845
0.9579395651817322
0.9577591419219971
0.957501232624054
0.9571648836135864
0.9568729400634766
0.9566627144813538
0.9565601944923401
0.9565315246582031
0.9565390944480896
0.9565901756286621
0.956664502620697
0.9567935466766357
0.956913948059082
0.9570230841636658
0.9569633603096008
0.9567559957504272
0.9563191533088684
0.9558238983154297
0.955402672290802
0.9552140235900879
0.9552233815193176
0.9553184509277344
0.955424427986145
0.9554626941680908
0.9554412961006165
0.9552863836288452
0.9550480246543884
0.9547152519226074
0.954404890537262
0.9541618824005127
0.9540337920188904
0.9539912343025208
0.9539963006973267
0.9540504217147827
0.9541419148445129
0.9543185234069824
0.9545344114303589
0.9547919034957886
0.9549171924591064
0.9548875093460083
0.9544849395751953
0.9538911581039429
0.9532210826873779
0.9528024196624756
0.9527110457420349
0.9528480768203735
0.9530526995658875
0.9531700015068054
0.9531842470169067
0.9530065059661865
0.9527015089988708
0.9522887468338013
0.9519362449645996
0.9517120122909546
0.9516400098800659
0.9516667127609253
0.9517313241958618
0.9518342018127441
0.9519432783126831
0.9520915746688843
0.9521796703338623
0.9522162675857544
0.9520328640937805
0.9516903162002563
0.9511759877204895
0.9507138133049011
0.9504144191741943
0.9503399729728699
0.9504134058952332
0.9505302906036377
0.9506650567054749
0.9507530927658081
0.9508110284805298
0.9507413506507874
0.9505593776702881
0.9502092599868774
0.9498107433319092
0.9494271278381348
0.9491931796073914
0.9491121768951416
0.9491326808929443
0.9492154121398926
0.9493241310119629
0.9494937658309937
0.9496863484382629
0.9499307870864868
0.9500833749771118
0.950123131275177
0.9498229026794434
0.9492884874343872
0.9485965371131897
0.9480764865875244
0.9478634595870972
0.9479338526725769
0.9481408596038818
0.9483290910720825
0.9484624862670898
0.9484463334083557
0.9482935667037964
0.9479437470436096
0.9475319981575012
0.947121798992157
0.94686359167099
0.9467672109603882
0.9467871189117432
0.946880578994751
0.947012722492218
0.9472249746322632
0.9474827647209167
0.9478250741958618
0.948081374168396
0.9482085108757019
0.9479203224182129
0.9473253488540649
0.9464783072471619
0.9458258748054504
0.9455742835998535
0.9457027912139893
0.9459960460662842
0.9462266564369202
0.9463402032852173
0.9462206363677979
0.9459310173988342
0.9454646706581116
0.9450199007987976
0.9447006583213806
0.9445865154266357
0.9446211457252502
0.9447172284126282
0.9448570013046265
0.9450019598007202
0.9451867341995239
0.9453126788139343
0.9453885555267334
0.9452365636825562
0.9449129104614258
0.9443702101707458
0.9438513517379761
0.943483293056488
0.943367600440979
0.9434358477592468
0.9435707330703735
0.9437332153320312
0.9438610076904297
0.9439748525619507
0.9439653158187866
0.943856954574585
0.9435475468635559
0.9431553483009338
0.9427129626274109
0.9423841238021851
0.9422094225883484
0.9421809315681458
0.9422483444213867
0.942367434501648
0.942582905292511
0.9428898096084595
0.943379282951355
0.9439526200294495
0.944633424282074
0.9449846744537354
0.9449437856674194
0.9440558552742004
0.942784309387207
0.9415732026100159
0.9411193132400513
0.9414047002792358
0.9419782161712646
0.9424552917480469
0.9425194263458252
0.9422008991241455
0.9415083527565002
0.9408165216445923
0.9403812885284424
0.9403393268585205
0.9405457377433777
0.940773606300354
0.9409524202346802
0.9409775733947754
0.9408865571022034
0.9406018257141113
0.9402255415916443
0.939788818359375
0.9394530057907104
0.939259946346283
0.9392114877700806
0.9392603039741516
0.9393602609634399
0.9395450353622437
0.9398084282875061
0.940234899520874
0.9407394528388977
0.9413756132125854
0.9417764544487
0.941856861114502
0.9411492347717285
0.9400092363357544
0.9387660026550293
0.9381451606750488
0.9382612109184265
0.9387701749801636
0.9392717480659485
0.9394339323043823
0.9392421841621399
0.9386551380157471
0.9379845261573792
0.9374648332595825
0.9373055696487427
0.9374279975891113
0.9376466870307922
0.937873363494873
0.9380108118057251
0.9380772709846497
0.9379590749740601
0.9377062320709229
0.9372658729553223
0.9368149638175964
0.9364309310913086
0.9362309575080872
0.9361923336982727
0.9362532496452332
0.9363925457000732
0.9365915060043335
0.9369200468063354
0.9373689293861389
0.9380007386207581
0.9386235475540161
0.9391484260559082
0.9390413165092468
0.9383697509765625
0.9370037913322449
0.935765266418457
0.9351695775985718
0.9353764057159424
0.9359903335571289
0.936521053314209
0.9367993474006653
0.9366053342819214
0.9360687136650085
0.9352745413780212
0.9346411228179932
0.9343681335449219
0.9344555139541626
0.9347271919250488
0.9349905252456665
0.9352211952209473
0.9353083968162537
0.9352940320968628
0.9350548982620239
0.9346818923950195
0.9341531991958618
0.9336851835250854
0.9333681464195251
0.9332677125930786
0.9333252906799316
0.9334679841995239
0.93370121717453
0.9340229630470276
0.9345254898071289
0.935136616230011
0.9359018802642822
0.9364153742790222
0.9365900754928589
0.9358593225479126
0.934609055519104
0.9331452250480652
0.9323477745056152
0.9324197769165039
0.9330161809921265
0.9336794018745422
0.9340245723724365
0.9339951872825623
0.9334425926208496
0.9326480627059937
0.931876540184021
0.9315242767333984
0.9316034913063049
0.9318990111351013
0.932237982749939
0.9324649572372437
0.9325928688049316
0.9324980974197388
0.9322168231010437
0.9316938519477844
0.9311559200286865
0.9307144284248352
0.9305127263069153
0.9305155277252197
0.9306409955024719
0.9308636784553528
0.9311633110046387
0.9316232204437256
0.9321901798248291
0.9329372644424438
0.9335259199142456
0.9339048862457275
0.9334597587585449
0.9324118494987488
0.930888831615448
0.9297994375228882
0.9295491576194763
0.930005669593811
0.9306905269622803
0.9311527609825134
0.9312900304794312
0.9308993220329285
0.9301889538764954
0.9293623566627502
0.9288632869720459
0.9287919998168945
0.9290136098861694
0.9293441772460938
0.9296162128448486
0.929839015007019
0.9299007058143616
0.9298273921012878
0.9294822812080383
0.9289951920509338
0.9284093379974365
0.9279722571372986
0.9277564287185669
0.9277613759040833
0.927905797958374
0.9281176328659058
0.928441047668457
0.9288650751113892
0.929480791091919
0.9301432371139526
0.9308549165725708
0.9310938715934753
0.9308248162269592
0.9296635389328003
0.9282498359680176
0.9270981550216675
0.9268113374710083
0.9272383451461792
0.9278823733329773
0.928434431552887
0.928602933883667
0.928400456905365
0.9277228116989136
0.9269194006919861
0.9262642860412598
0.9260445833206177
0.9261941909790039
0.9265015125274658
0.9268506765365601
0.9271295666694641
0.9273789525032043
0.9274364709854126
0.9273309707641602
0.9268898963928223
0.9262828826904297
0.9256129860877991
0.925177812576294
0.9250431656837463
0.9251497983932495
0.9253939390182495
0.9256889820098877
0.9261000752449036
0.9265637397766113
0.9271523356437683
0.9276015758514404
0.9279201626777649
0.9276032447814941
0.9268006086349487
0.9255321025848389
0.9245184659957886
0.9241223335266113
0.9243659973144531
0.9249200820922852
0.9254323840141296
0.9258342981338501
0.925909698009491
0.925698459148407
0.92505943775177
0.9243014454841614
0.9236262440681458
0.9233261346817017
0.923385739326477
0.9236442446708679
0.9240074157714844
0.924394965171814
0.9248623847961426
0.9252689480781555
0.9256387948989868
0.9256358742713928
0.9252881407737732
0.9243828654289246
0.9233822226524353
0.9225991368293762
0.9223892092704773
0.9226436614990234
0.9230796098709106
0.9235479831695557
0.9238918423652649
0.9241270422935486
0.9240243434906006
0.9236723184585571
0.9229774475097656
0.9222683310508728
0.9217177033424377
0.9215203523635864
0.9216159582138062
0.9218622446060181
0.922213613986969
0.9226210117340088
0.9231759905815125
0.9237486124038696
0.924406886100769
0.9247299432754517
0.9246821403503418
0.9238308668136597
0.9225955009460449
0.9213166832923889
0.9206878542900085
0.9208080768585205
0.9213557243347168
0.921996533870697
0.9224333167076111
0.9226524233818054
0.9224317073822021
0.921879231929779
0.9210288524627686
0.9202982187271118
0.9199097156524658
0.919931173324585
0.920214831829071
0.9205929040908813
0.921074628829956
0.9215880632400513
0.9221998453140259
0.9226232767105103
0.9228721261024475
0.9224794507026672
0.9216299653053284
0.9203670620918274
0.9193866848945618
0.9190161228179932
0.9192575216293335
0.9198097586631775
0.9203564524650574
0.9208472967147827
0.9211010932922363
0.9211313724517822
0.920665979385376
0.9199280738830566
0.9190288782119751
0.9184117317199707
0.918205201625824
0.9183602929115295
0.9187213778495789
0.9191552996635437
0.9197233319282532
0.920335054397583
0.9210720062255859
0.9215676784515381
0.921759843826294
0.9211487174034119
0.9200131297111511
0.9185423851013184
0.9175821542739868
0.9174363613128662
0.9179197549819946
0.9186192750930786
0.9191616773605347
0.9194799065589905
0.9193192720413208
0.9187892079353333
0.9179224371910095
0.9171451926231384
0.9166988730430603
0.9167001843452454
0.9169912338256836
0.9173772931098938
0.9178479313850403
0.9183362126350403
0.9189237356185913
0.9193657636642456
0.9196444749832153
0.9192962050437927
0.9184719324111938
0.9172056913375854
0.9162034392356873
0.9158074855804443
0.9160410761833191
0.9166011214256287
0.9171695709228516
0.9176951050758362
0.9179694652557373
0.9180207252502441
0.917577862739563
0.9168403744697571
0.915908932685852
0.9152472019195557
0.9150192737579346
0.9151803255081177
0.9155625104904175
0.9160312414169312
0.9166576266288757
0.9173720479011536
0.9182869791984558
0.9190016984939575
0.919468104839325
0.9189241528511047
0.917681097984314
0.9158769249916077
0.9145988821983337
0.9143147468566895
0.9148796796798706
0.915774405002594
0.9165080785751343
0.916975200176239
0.9168487191200256
0.9162442684173584
0.9151404500007629
0.9141595363616943
0.9136399030685425
0.9137134552001953
0.9141514301300049
0.9146689176559448
0.9152411222457886
0.9157204627990723
0.9161311388015747
0.9161574840545654
0.9158427119255066
0.9149638414382935
0.9139427542686462
0.9130858182907104
0.9127779006958008
0.9129616618156433
0.913383424282074
0.9138944745063782
0.9143482446670532
0.9147943258285522
0.9149934649467468
0.9149669408798218
0.9144554138183594
0.913683295249939
0.9127660989761353
0.9121403694152832
0.9119407534599304
0.9121122360229492
0.9124960899353027
0.9129658937454224
0.9135862588882446
0.914309561252594
0.9152160882949829
0.9159196019172668
0.916378378868103
0.9158410429954529
0.9146038889884949
0.9128012657165527
0.9115293025970459
0.9112628698348999
0.9118398427963257
0.9127488136291504
0.913520097732544
0.9140961170196533
0.9141150712966919
0.9136450290679932
0.9125690460205078
0.9114579558372498
0.9107036590576172
0.9105979204177856
0.9109641313552856
0.911506712436676
0.9121410250663757
0.9127757549285889
0.9134712219238281
0.9138973951339722
0.9140174388885498
0.9133514165878296
0.9122233986854553
0.910843551158905
0.9099738597869873
0.909844160079956
0.9102809429168701
0.9109653830528259
0.9116210341453552
0.9122527837753296
0.9125697016716003
0.9126124382019043
0.9120307564735413
0.9111159443855286
0.9100100994110107
0.9092686176300049
0.9090556502342224
0.9092943668365479
0.9097866415977478
0.9103766679763794
0.9111359715461731
0.9119652509689331
0.9129167795181274
0.9134984612464905
0.9136496782302856
0.9126783609390259
0.9111224412918091
0.9093444347381592
0.9084257483482361
0.9085679650306702
0.9093524217605591
0.9103052616119385
0.9110375642776489
0.9115256071090698
0.9113545417785645
0.9106588363647461
0.9094184637069702
0.9083080291748047
0.907737672328949
0.9078402519226074
0.9083565473556519
0.908997118473053
0.9097226858139038
0.9103840589523315
0.911005973815918
0.9111407995223999
0.9108054637908936
0.9096922278404236
0.9083775281906128
0.907300591468811
0.9069759249687195
0.90730220079422
0.9079025983810425
0.9085662364959717
0.909087598323822
0.9094903469085693
0.9094915986061096
0.9091351628303528
0.9082682132720947
0.9073053002357483
0.9065124988555908
0.9062236547470093
0.9063799977302551
0.9067720174789429
0.9073069095611572
0.9079134464263916
0.9087190628051758
0.9095564484596252
0.9104341268539429
0.9107640981674194
0.9105108976364136
0.9091362953186035
0.9074185490608215
0.9059613347053528
0.9055598974227905
0.9060848355293274
0.9069697856903076
0.9078667163848877
0.9084514379501343
0.9086920619010925
0.9082002639770508
0.9072230458259583
0.9059610366821289
0.9051228761672974
0.9049426913261414
0.9052966237068176
0.9059104919433594
0.9065575003623962
0.907254695892334
0.9077762961387634
0.9081616401672363
0.9079885482788086
0.9073336124420166
0.9061123132705688
0.9049619436264038
0.9042665958404541
0.9042627811431885
0.9047214984893799
0.905314564704895
0.9059749841690063
0.9065338969230652
0.9070616364479065
0.907200276851654
0.906992495059967
0.9061383008956909
0.9050551652908325
0.9040071964263916
0.9034973978996277
0.9035582542419434
0.9039807319641113
0.9045987129211426
0.9052935838699341
0.9061890840530396
0.9070714116096497
0.9079088568687439
0.9080895781517029
0.9076412916183472
0.9061281085014343
0.9044027328491211
0.9030988812446594
0.9028687477111816
0.9034798741340637
0.9043466448783875
0.9052055478096008
0.9057402014732361
0.9059778451919556
0.905575156211853
0.9047316908836365
0.9035078287124634
0.9025680422782898
0.9021911025047302
0.9023845195770264
0.902904212474823
0.9035202264785767
0.9042564630508423
0.9050258994102478
0.9059017896652222
0.9064802527427673
0.9067176580429077
0.9059920310974121
0.904657244682312
0.9029150009155273
0.9017698764801025
0.9015641808509827
0.9021162390708923
0.9029906988143921
0.903789222240448
0.9044942259788513
0.9047316908836365
0.904556393623352
0.9036286473274231
0.9024614095687866
0.9013674259185791
0.900891900062561
0.9010340571403503
0.901534378528595
0.9022287130355835
0.9030036926269531
0.9039920568466187
0.9049425721168518
0.9058595895767212
0.905990481376648
0.9053794145584106
0.9035828113555908
0.9016632437705994
0.9004077315330505
0.9004106521606445
0.9012703895568848
0.902295708656311
0.9032250642776489
0.9036684036254883
0.903607964515686
0.9026719927787781
0.9013904929161072
0.9001863598823547
0.8996877074241638
0.899895191192627
0.9004753232002258
0.9012032747268677
0.9018964767456055
0.9026056528091431
0.9030357599258423
0.9031521677970886
0.9024856686592102
0.9013680219650269
0.9000047445297241
0.899151623249054
0.899030864238739
0.8994697332382202
0.9001750946044922
0.900902271270752
0.901673436164856
0.902248740196228
0.902650773525238
0.9023471474647522
0.9015272259712219
0.9001365303993225
0.898947536945343
0.8983542323112488
0.8984878063201904
0.8990700244903564
0.8997766375541687
0.9005957841873169
0.901351273059845
0.9021105766296387
0.9023754596710205
0.9021037817001343
0.9008907675743103
0.899398922920227
0.8981221914291382
0.8977116346359253
0.8980856537818909
0.8988243341445923
0.8996889591217041
0.900454044342041
0.9011720418930054
0.9014102220535278
0.9012044668197632
0.9001809358596802
0.8988553881645203
0.8976156711578369
0.8970978260040283
0.8973106145858765
0.8979179859161377
0.8986876010894775
0.899433970451355
0.9002255201339722
0.9007076025009155
0.9008516073226929
0.9001989364624023
0.899078369140625
0.8976500034332275
0.8966982364654541
0.8964706063270569
0.8968521356582642
0.8975398540496826
0.8982704877853394
0.8990814089775085
0.8997606039047241
0.9003177285194397
0.9002304673194885
0.899624228477478
0.8982523083686829
0.8968858122825623
0.8959758877754211
0.895880937576294
0.8963809013366699
0.8971154093742371
0.8980059027671814
0.8989177346229553
0.8999329209327698
0.9005236029624939
0.900672435760498
0.899702787399292
0.898155152797699
0.8963629007339478
0.8953713178634644
0.8954223990440369
0.8961689472198486
0.8971825838088989
0.8981107473373413
0.8989681005477905
0.8992763757705688
0.8990651369094849
0.8979226350784302
0.8964676856994629
0.8951697945594788
0.8946954011917114
0.894999086856842
0.8956947326660156
0.8965561389923096
0.8974083662033081
0.8983442783355713
0.8990036249160767
0.8993837833404541
0.8988174200057983
0.8976008892059326
0.8958153128623962
0.8945052027702332
0.8941076397895813
0.8945630788803101
0.8954561948776245
0.896405041217804
0.897415041923523
0.8981691598892212
0.8986698389053345
0.8982292413711548
0.8971384763717651
0.8954076766967773
0.8940518498420715
0.8935320377349854
0.8938760757446289
0.8947082161903381
0.8956674337387085
0.8967820405960083
0.8977938294410706
0.898695707321167
0.8987633585929871
0.898023247718811
0.8961718678474426
0.8942887783050537
0.8931092619895935
0.8931504487991333
0.8940086960792542
0.8950406908988953
0.8960638642311096
0.8967052698135376
0.8970067501068115
0.8964430689811707
0.8953366279602051
0.8938305377960205
0.8927513957023621
0.8924170732498169
0.8927648663520813
0.893495500087738
0.8943597078323364
0.8954487442970276
0.8965712785720825
0.8978005647659302
0.8983915448188782
0.8983215093612671
0.8967339396476746
0.8945435285568237
0.89254230260849
0.891892671585083
0.8925197124481201
0.893704891204834
0.8949780464172363
0.895879328250885
0.8963751792907715
0.8958681225776672
0.8946636915206909
0.8929227590560913
0.8916939496994019
0.8913861513137817
0.891879677772522
0.8927626013755798
0.8936794996261597
0.8946504592895508
0.8953898549079895
0.8959034085273743
0.8955069780349731
0.8944470882415771
0.8926926851272583
0.8913028836250305
0.8907704949378967
0.8911327123641968
0.8919730186462402
0.8928596377372742
0.8937703967094421
0.8943848609924316
0.8946849703788757
0.894132673740387
0.8930339813232422
0.8915279507637024
0.8904698491096497
0.8901838660240173
0.8905736207962036
0.8913147449493408
0.8921301960945129
0.8930898904800415
0.8939953446388245
0.8948912620544434
0.8951284289360046
0.8947352170944214
0.893211305141449
0.8914257884025574
0.889985203742981
0.8896342515945435
0.8901951909065247
0.8911393880844116
0.8922309875488281
0.8931841850280762
0.8940737247467041
0.8942430019378662
0.8937880992889404
0.8923298716545105
0.8906817436218262
0.8894003629684448
0.8890950083732605
0.8895941376686096
0.8904532790184021
0.8915184736251831
0.8926008939743042
0.893822431564331
0.8946070075035095
0.8949306607246399
0.8939085006713867
0.8921461701393127
0.8899941444396973
0.8887460231781006
0.8887453079223633
0.8896241784095764
0.8908796310424805
0.8920849561691284
0.8932539820671082
0.8937668800354004
0.8936405777931213
0.8922736048698425
0.8904096484184265
0.8886927962303162
0.8880858421325684
0.8885536193847656
0.8895370960235596
0.890672504901886
0.8916571736335754
0.8925214409828186
0.8926904201507568
0.8922139406204224
0.8907033205032349
0.8890249133110046
0.8877894282341003
0.8875753879547119
0.8881658315658569
