# lbfgs, lr=0.8, alpha = 1000000, beta = 0.1
# best_iter: 98, best_loss = 0.08707945048809052, imsave period = 10
13.61706256866455
2.048870801925659
1.196510910987854
0.7410190105438232
0.41331717371940613
0.25584644079208374
0.1945050209760666
0.17073285579681396
0.15484893321990967
0.14528784155845642
0.13922838866710663
0.1343364119529724
0.13054364919662476
0.12772005796432495
0.12492682039737701
0.12273958325386047
0.12106171995401382
0.11921515315771103
0.11807434260845184
0.11644362658262253
0.11513383686542511
0.1140417754650116
0.11286576837301254
0.111661396920681
0.110741026699543
0.10977713018655777
0.10863493382930756
0.10783494263887405
0.10676358640193939
0.1058972105383873
0.10505799949169159
0.10425365716218948
0.10340224206447601
0.10252393782138824
0.10202573984861374
0.1010855883359909
0.10048580169677734
0.10035528987646103
0.09896650165319443
0.09858351945877075
0.09777261316776276
0.09707191586494446
0.09663523733615875
0.09562459588050842
0.09540621191263199
0.09779257327318192
0.09435682743787766
0.0939546525478363
0.09383901953697205
0.09402736276388168
0.09361305832862854
0.09275811910629272
0.0927935317158699
0.0930219441652298
0.09295856207609177
0.09300333261489868
0.09222705662250519
0.09175529330968857
0.09146016091108322
0.09121600538492203
0.09113693237304688
0.09089815616607666
0.09186175465583801
0.09047474712133408
0.09037475287914276
0.09004653245210648
0.08983182162046432
0.08964802324771881
0.08961230516433716
0.0940200537443161
0.08939989656209946
0.08893807232379913
0.08881042152643204
0.0903889387845993
0.08876650780439377
0.08838523179292679
0.08920285105705261
0.08825112879276276
0.08852378278970718
0.38083189725875854
0.18027377128601074
0.11186742782592773
0.099821537733078
0.09523677825927734
0.09255079925060272
0.0908736065030098
0.08980893343687057
0.08906527608633041
0.08851847797632217
0.08811114728450775
0.08783448487520218
0.0876167044043541
0.08746562153100967
0.08763808757066727
0.08723907917737961
0.09222054481506348
0.088560551404953
0.08752264082431793
0.08707945048809052
0.0963737815618515
