# lbfgs, lr=0.8, alpha = 1000000, beta = 0.1
# best_iter: 99, best_loss = 0.03557116910815239, imsave period = 10
5.874573707580566
0.45652154088020325
0.16389039158821106
0.10875863581895828
0.07838383316993713
0.060514919459819794
0.05292839929461479
0.048636388033628464
0.04651162773370743
0.04475943371653557
0.043442752212285995
0.04218729957938194
0.04125908017158508
0.040453873574733734
0.039825890213251114
0.039289429783821106
0.03879658132791519
0.03839047625660896
0.03804273158311844
0.03774741291999817
0.037493862211704254
0.03728259354829788
0.03710463270545006
0.03695403039455414
0.036823201924562454
0.03671246021986008
0.03661736473441124
0.03653406724333763
0.03646264597773552
0.03639999404549599
0.036345142871141434
0.03629636764526367
0.03625256568193436
0.036213189363479614
0.03617715835571289
0.03614473342895508
0.0361151359975338
0.036087434738874435
0.03606215491890907
0.036038588732481
0.036016907542943954
0.03599676862359047
0.035977791994810104
0.035960275679826736
0.035943739116191864
0.03592801094055176
0.03591335937380791
0.035899367183446884
0.03588610142469406
0.03587346151471138
0.03586137294769287
0.03584990277886391
0.03583879396319389
0.03582821413874626
0.035818103700876236
0.03580837696790695
0.03579896688461304
0.0357901006937027
0.035781554877758026
0.03577333688735962
0.035765308886766434
0.035757556557655334
0.03575006499886513
0.035742729902267456
0.03573570400476456
0.035728923976421356
0.03572234883904457
0.03571593388915062
0.03570965677499771
0.03570355102419853
0.03569768741726875
0.03569184988737106
0.035686202347278595
0.03568067401647568
0.035675298422575
0.03567005321383476
0.0356648750603199
0.03565988317131996
0.03565499931573868
0.03565019741654396
0.03564554080367088
0.03564096614718437
0.03563650697469711
0.03563208878040314
0.035627756267786026
0.035623494535684586
0.035619352012872696
0.03561529889702797
0.035611312836408615
0.03560737892985344
0.035603445023298264
0.035599589347839355
0.03559580445289612
0.03559211269021034
0.03558848798274994
0.03558490425348282
0.03558141738176346
0.035577960312366486
0.035574525594711304
0.03557116910815239
