# adam, lr=0.01, alpha = 1000000, beta = 0.1
# best_iter: 2967, best_loss = 0.0409696102142334, imsave period = 300
4.7454938888549805
3.1670913696289062
2.1043474674224854
1.7117342948913574
1.4192994832992554
1.1432723999023438
0.9903558492660522
0.8840065598487854
0.7930712103843689
0.7265512347221375
0.6727932095527649
0.6190958023071289
0.568988561630249
0.5238197445869446
0.4809122085571289
0.4418494701385498
0.4084227681159973
0.3792704641819
0.3534230887889862
0.3306955397129059
0.3104375898838043
0.29253339767456055
0.27697402238845825
0.2632690668106079
0.2512839734554291
0.24095773696899414
0.2316322922706604
0.22313696146011353
0.21568675339221954
0.20897100865840912
0.2027299404144287
0.19712214171886444
0.19197744131088257
0.18705734610557556
0.18249227106571198
0.17825722694396973
0.1741829365491867
0.17031610012054443
0.16664984822273254
0.16309790313243866
0.15968270599842072
0.15641236305236816
0.15327203273773193
0.15025532245635986
0.14734682440757751
0.14456720650196075
0.14191198348999023
0.1393546164035797
0.13691797852516174
0.1345914900302887
0.132351353764534
0.13022160530090332
0.1281878650188446
0.12623238563537598
0.12436804920434952
0.12257783859968185
0.12085399031639099
0.11920161545276642
0.11760938912630081
0.11607354879379272
0.11459273099899292
0.11316250264644623
0.1117800772190094
0.11044244468212128
0.1091497614979744
0.10789704322814941
0.1066831648349762
0.10550910234451294
0.10436976701021194
0.10326705873012543
0.10219977051019669
0.101164311170578
0.10016350448131561
0.09919390082359314
0.09825436770915985
0.09734493494033813
0.09646308422088623
0.095608189702034
0.09477916359901428
0.09397469460964203
0.09319360554218292
0.09243504703044891
0.0916980504989624
0.09098125994205475
0.0902843177318573
0.0896056741476059
0.08894503116607666
0.0883016362786293
0.08767463266849518
0.08706391602754593
0.08646853268146515
0.08588801324367523
0.08532179147005081
0.08476950228214264
0.08423086255788803
0.08370523154735565
0.08319219946861267
0.08269159495830536
0.08220281451940536
0.08172565698623657
0.08125967532396317
0.08080454915761948
0.080360047519207
0.07992564141750336
0.07950104027986526
0.0790860578417778
0.0786803588271141
0.07828350365161896
0.07789532840251923
0.07751554995775223
0.07714386284351349
0.07678007334470749
0.07642388343811035
0.07607501745223999
0.07573331892490387
0.0753985270857811
0.07507053017616272
0.07474920153617859
0.07443443685770035
0.07412585616111755
0.0738234668970108
0.07352694869041443
0.07323625683784485
0.07295127213001251
0.07267175614833832
0.07239756733179092
0.07212858647108078
0.07186458259820938
0.07160551100969315
0.07135115563869476
0.07110147178173065
0.07085628807544708
0.07061554491519928
0.07037914544343948
0.07014702260494232
0.06991907209157944
0.06969507038593292
0.06947493553161621
0.06925857067108154
0.06904595345258713
0.06883684545755386
0.06863127648830414
0.0684291273355484
0.06823033094406128
0.06803474575281143
0.06784234941005707
0.06765300035476685
0.0674666166305542
0.06728312373161316
0.06710256636142731
0.06692487001419067
0.06674991548061371
0.06657764315605164
0.06640800833702087
0.06624089926481247
0.06607624888420105
0.06591400504112244
0.06575410068035126
0.06559661030769348
0.06544141471385956
0.06528844684362411
0.06513768434524536
0.06498904526233673
0.06484243273735046
0.06469779461622238
0.06455516815185547
0.06441441178321838
0.06427554786205292
0.06413852423429489
0.06400333344936371
0.06386993825435638
0.06373827159404755
0.06360830366611481
0.06347999721765518
0.06335335224866867
0.06322834640741348
0.06310489773750305
0.06298301368951797
0.06286259740591049
0.06274363398551941
0.06262610107660294
0.06251002103090286
0.06239531561732292
0.062281932681798935
0.062169838696718216
0.06205904483795166
0.06194955110549927
0.061841290444135666
0.06173425540328026
0.06162848323583603
0.06152386963367462
0.06142032891511917
0.06131792813539505
0.06121664121747017
0.06111647188663483
0.061017438769340515
0.06091948226094246
0.06082255393266678
0.06072667986154556
0.06063187122344971
0.060538001358509064
0.06044510751962662
0.060353152453899384
0.06026219576597214
0.06017211824655533
0.06008293479681015
0.059994690120220184
0.059907346963882446
0.05982087925076485
0.05973530560731888
0.05965054780244827
0.059566646814346313
0.05948355793952942
0.0594012588262558
0.059319768100976944
0.059239067137241364
0.059159163385629654
0.05908000096678734
0.05900155007839203
0.058923788368701935
0.058846767991781235
0.05877046659588814
0.05869488790631294
0.058619994670152664
0.058545757085084915
0.05847221612930298
0.058399345725774765
0.05832713097333908
0.05825553834438324
0.05818454921245575
0.058114178478717804
0.05804441496729851
0.057975273579359055
0.057906657457351685
0.0578385666012764
0.057771049439907074
0.05770411714911461
0.05763780325651169
0.05757196620106697
0.05750666931271553
0.05744193494319916
0.05737774819135666
0.05731406807899475
0.05725092440843582
0.057188306003808975
0.057126156985759735
0.05706450343132019
0.05700335651636124
0.0569426566362381
0.05688241869211197
0.05682266503572464
0.05676336959004402
0.05670452490448952
0.05664614215493202
0.056588202714920044
0.05653073638677597
0.056473731994628906
0.05641712248325348
0.056360963732004166
0.05630519986152649
0.056249868124723434
0.05619493126869202
0.05614043027162552
0.05608633905649185
0.05603262782096863
0.055979300290346146
0.055926401168107986
0.05587390065193176
0.055821772664785385
0.055770039558410645
0.055718664079904556
0.055667635053396225
0.05561694875359535
0.05556660518050194
0.055516622960567474
0.055467016994953156
0.05541770160198212
0.05536871775984764
0.055320050567388535
0.05527171492576599
0.055223625153303146
0.05517585575580597
0.05512841045856476
0.055081263184547424
0.05503438785672188
0.054987892508506775
0.05494171753525734
0.05489581823348999
0.05485023558139801
0.05480494722723961
0.05475996434688568
0.05471525341272354
0.05467083677649498
0.0546267144382
0.05458283796906471
0.05453924834728241
0.054495919495821
0.054452862590551376
0.05441005155444145
0.05436756834387779
0.05432536080479622
0.054283350706100464
0.05424163490533829
0.05420016497373581
0.05415897071361542
0.054118018597364426
0.054077282547950745
0.054036807268857956
0.053996603935956955
0.05395658314228058
0.053916819393634796
0.05387726053595543
0.05383792147040367
0.05379883944988251
0.053759969770908356
0.05372132360935211
0.05368289723992348
0.05364471673965454
0.05360674858093262
0.053568992763757706
0.05353143438696861
0.05349408835172653
0.05345696210861206
0.0534200556576252
0.053383391350507736
0.053346943110227585
0.05331074073910713
0.0532747283577919
0.053238917142152786
0.053203292191028595
0.05316790193319321
0.053132735192775726
0.053097739815711975
0.05306295305490494
0.05302838981151581
0.052994001656770706
0.052959807217121124
0.05292583256959915
0.0528920516371727
0.05285842344164848
0.0528249517083168
0.052791692316532135
0.05275856703519821
0.05272562801837921
0.05269286036491394
0.0526602640748024
0.05262782797217369
0.05259554088115692
0.05256339907646179
0.05253143236041069
0.052499622106552124
0.05246792361140251
0.052436407655477524
0.05240507051348686
0.05237391218543053
0.05234292149543762
0.05231206864118576
0.052281416952610016
0.0522509329020977
0.05222062021493912
0.05219044163823128
0.05216040089726448
0.05213049799203873
0.052100736647844315
0.05207110196352005
0.05204160511493683
0.05201227217912674
0.05198310315608978
0.051954079419374466
0.051925189793109894
0.051896460354328156
0.05186786502599716
0.05183938145637512
0.05181104689836502
0.05178283154964447
0.05175476148724556
0.05172684043645859
0.05169902741909027
0.051671359688043594
0.05164382606744766
0.051616422832012177
0.05158916488289833
0.051562026143074036
0.05153501406311989
0.05150815472006798
0.05148142948746681
0.05145478621125221
0.05142827332019806
0.05140189453959465
0.0513756200671196
0.0513494610786438
0.05132342129945755
0.05129747837781906
0.051271624863147736
0.05124589055776596
0.051220282912254333
0.051194798201322556
0.05116941034793854
0.05114414170384407
0.051119014620780945
0.05109398812055588
0.05106909200549126
0.05104430764913559
0.05101960897445679
0.05099505931138992
0.050970643758773804
0.05094632878899574
0.050922103226184845
0.050897981971502304
0.05087397247552872
0.050850026309490204
0.05082618445158005
0.05080241709947586
0.05077875405550003
0.05075523257255554
0.05073177069425583
0.050708431750535965
0.05068516731262207
0.05066202953457832
0.05063898116350174
0.050616033375263214
0.05059318616986275
0.05057041719555855
0.050547756254673004
0.05052518472075462
0.0505027174949646
0.05048033595085144
0.05045805871486664
0.050435855984687805
0.05041372403502464
0.05039168894290924
0.0503697544336319
0.05034790560603142
0.05032613128423691
0.05030445754528046
0.05028285086154938
0.05026132985949516
0.05023987963795662
0.05021850764751434
0.050197236239910126
0.050176020711660385
0.050154928117990494
0.05013389512896538
0.05011295899748802
0.05009211227297783
0.050071295350790024
0.050050556659698486
0.050029926002025604
0.050009362399578094
0.04998886585235596
0.049968451261520386
0.04994811862707138
0.04992786422371864
0.04990769177675247
0.04988759011030197
0.049867600202560425
0.04984765499830246
0.049827806651592255
0.04980803653597832
0.049788303673267365
0.049768656492233276
0.049749091267585754
0.0497296079993248
0.04971019923686981
0.049690842628479004
0.049671586602926254
0.049652375280857086
0.04963327944278717
0.04961426183581352
0.04959528148174286
0.04957640543580055
0.04955759644508362
0.04953883960843086
0.04952017962932587
0.04950157552957535
0.049483053386211395
0.049464624375104904
0.0494462251663208
0.04942791908979416
0.04940967261791229
0.04939151555299759
0.04937336966395378
0.049355391412973404
0.04933744668960571
0.04931960999965668
0.04930179566144943
0.0492841936647892
0.049266643822193146
0.04924944415688515
0.04923239350318909
0.04921587556600571
0.04919956624507904
0.04918404296040535
0.04916864261031151
0.049153778702020645
0.04913823679089546
0.049122389405965805
0.049105044454336166
0.04908713698387146
0.04906802624464035
0.049049053341150284
0.04902994632720947
0.04901168867945671
0.04899375140666962
0.04897645488381386
0.04895933344960213
0.04894256591796875
0.04892583191394806
0.0489092692732811
0.04889276623725891
0.04887651279568672
0.048860449343919754
0.04884498193860054
0.04883022978901863
0.048817332834005356
0.048806846141815186
0.04880056530237198
0.04879872873425484
0.04880080372095108
0.048802487552165985
0.04879729822278023
0.048778362572193146
0.04874598979949951
0.04870530962944031
0.048669785261154175
0.048645563423633575
0.04863325506448746
0.04862942546606064
0.04863102734088898
0.04863842949271202
0.04864930734038353
0.04865928739309311
0.04865898936986923
0.048640504479408264
0.04859837144613266
0.04854506254196167
0.048496730625629425
0.048469074070453644
0.04846147075295448
0.04846589267253876
0.04847671091556549
0.04848833382129669
0.04849737510085106
0.048496171832084656
0.0484795980155468
0.04844270646572113
0.04839405417442322
0.048345111310482025
0.048311829566955566
0.04829668998718262
0.048295117914676666
0.04830273240804672
0.048316098749637604
0.048335734754800797
0.04835674539208412
0.0483722947537899
0.04836755990982056
0.04833485186100006
0.048272423446178436
0.04820405691862106
0.04815239459276199
0.04813292622566223
0.0481388121843338
0.048156410455703735
0.048178259283304214
0.04819655045866966
0.04820623621344566
0.048196591436862946
0.048165470361709595
0.048111896961927414
0.04805372655391693
0.04800574481487274
0.04798086732625961
0.04797626659274101
0.047984324395656586
0.04800226911902428
0.04802759736776352
0.048060718923807144
0.0480940043926239
0.04811770096421242
0.0481092669069767
0.048061907291412354
0.04797672480344772
0.04789082333445549
0.04783503711223602
0.04782436415553093
0.04784546047449112
0.04787784814834595
0.04791112244129181
0.04793456196784973
0.047942571341991425
0.04792172089219093
0.04787368327379227
0.04780399799346924
0.047738440334796906
0.047693751752376556
0.04767846316099167
0.04768526181578636
0.04770515486598015
0.047737620770931244
0.047781459987163544
0.047837551683187485
0.047892630100250244
0.0479298010468483
0.047912128269672394
0.047834914177656174
0.047708116471767426
0.047595538198947906
0.04754289984703064
0.047557760030031204
0.04760921373963356
0.04766232147812843
0.04769992455840111
0.047704193741083145
0.04767432436347008
0.04760690778493881
0.047526609152555466
0.047455668449401855
0.04741831123828888
0.04741387069225311
0.04743114858865738
0.047464050352573395
0.047509629279375076
0.04757263511419296
0.047644518315792084
0.047714713960886
0.047743745148181915
0.0477139875292778
0.04759731516242027
0.04744568467140198
0.047321971505880356
0.047284893691539764
0.04732326418161392
0.047391295433044434
0.047453925013542175
0.047484345734119415
0.04747451841831207
0.047415055334568024
0.047328487038612366
0.047238390892744064
0.04718121141195297
0.04716420918703079
0.04717838019132614
0.047213323414325714
0.04726242646574974
0.0473322793841362
0.04741828143596649
0.047514237463474274
0.047581516206264496
0.04759117215871811
0.04749232530593872
0.04732073098421097
0.04713962972164154
0.04705195128917694
0.04707508161664009
0.04715818539261818
0.047243282198905945
0.047286584973335266
0.04727642983198166
0.047202255576848984
0.047098223119974136
0.04699862375855446
0.046945396810770035
0.046942003071308136
0.04697231948375702
0.04702485725283623
0.047092825174331665
0.047181542962789536
0.047279223799705505
0.04736974462866783
0.04739563539624214
0.047341328114271164
0.047177039086818695
0.046986907720565796
0.0468529537320137
0.046835415065288544
0.046905361115932465
0.04699704796075821
0.04706725478172302
0.047080911695957184
0.047037284821271896
0.04693906009197235
0.04683147370815277
0.04674970358610153
0.046721380203962326
0.04673770070075989
0.04678009822964668
0.04684274643659592
0.04692233353853226
0.04702361673116684
0.04712700843811035
0.04721476137638092
0.047219112515449524
0.047129493206739426
0.046931732445955276
0.04673478752374649
0.04662739112973213
0.04664633050560951
0.04673908278346062
0.046834275126457214
0.046896688640117645
0.04689571633934975
0.046837955713272095
0.046726293861866
0.046612873673439026
0.04653499647974968
0.04651545733213425
0.04654025286436081
0.04658924788236618
0.04666125774383545
0.04676038771867752
0.04690114036202431
0.04705942049622536
0.04720833897590637
0.0472373403608799
0.04712902009487152
0.04685993120074272
0.04659683257341385
0.046464040875434875
0.04650045186281204
0.046623896807432175
0.04673575609922409
0.04678840935230255
0.04674174264073372
0.04661577567458153
0.04645559936761856
0.04635707288980484
0.04635397717356682
0.04641292616724968
0.04648570716381073
0.0465473048388958
0.04661768302321434
0.04669834300875664
0.04678014665842056
0.04679418355226517
0.0467105507850647
0.046535175293684006
0.046378470957279205
0.046305324882268906
0.04630347713828087
0.04630759358406067
0.04630777984857559
0.04634389653801918
0.04642663523554802
0.04652567207813263
0.04658444598317146
0.04661073535680771
0.04661790281534195
0.04664957895874977
0.04664018005132675
0.04653763771057129
0.04634063318371773
0.0461728535592556
0.046134091913700104
0.04618941992521286
0.04623270779848099
0.046238046139478683
0.04627101123332977
0.04637917876243591
0.04654255509376526
0.046672798693180084
0.046750906854867935
0.04676874354481697
0.046806514263153076
0.046782538294792175
0.04663130268454552
0.046328749507665634
0.046071697026491165
0.04605061188340187
0.0462011843919754
0.046315643936395645
0.04632313922047615
0.046326253563165665
0.04639214277267456
0.04646238684654236
0.04638892412185669
0.046212200075387955
0.04606763273477554
0.04605749994516373
0.046074382960796356
0.04600962996482849
0.04591015726327896
0.04588381201028824
0.045927926898002625
0.04595186561346054
0.04593167081475258
0.04594598710536957
0.04609530046582222
0.04643738269805908
0.047087788581848145
0.048157431185245514
0.04986253380775452
0.05126026272773743
0.051824357360601425
0.04938420653343201
0.04672667384147644
0.046450547873973846
0.04820837825536728
0.0492321215569973
0.04815573990345001
0.04693261533975601
0.047079771757125854
0.047622404992580414
0.04721278324723244
0.04673467576503754
0.04705028608441353
0.04703686386346817
0.04646088927984238
0.04634326323866844
0.04673680290579796
0.046637244522571564
0.04614501819014549
0.04618993401527405
0.04639490321278572
0.04614449664950371
0.04594897851347923
0.04610593616962433
0.046120535582304
0.04592151567339897
0.04590466618537903
0.04601072520017624
0.04595478996634483
0.04583502933382988
0.045886583626270294
0.04596409574151039
0.045918792486190796
0.045866914093494415
0.04592924937605858
0.04596614092588425
0.04589617997407913
0.045789703726768494
0.04575666785240173
0.04572206735610962
0.045625388622283936
0.04553559795022011
0.04552972689270973
0.045558828860521317
0.04555414617061615
0.045536018908023834
0.0455545037984848
0.04561157897114754
0.04565735161304474
0.045688237994909286
0.04572094976902008
0.04578229412436485
0.045819226652383804
0.04578721895813942
0.04565940424799919
0.0455167181789875
0.045422133058309555
0.04539361596107483
0.04539315775036812
0.045406777411699295
0.045447058975696564
0.0455055870115757
0.04555434361100197
0.04555477574467659
0.045518409460783005
0.045463927090168
0.04542204737663269
0.04537656530737877
0.045317746698856354
0.04525701701641083
0.04522686451673508
0.045235373079776764
0.04526030272245407
0.045284468680620193
0.04531308636069298
0.04537981003522873
0.04551033303141594
0.045721448957920074
0.04597149416804314
0.04621368646621704
0.04629074037075043
0.04621560871601105
0.045920465141534805
0.045585308223962784
0.04534101113677025
0.04530765116214752
0.0454644151031971
0.04565924406051636
0.045742787420749664
0.04561535269021988
0.04536735638976097
0.04517347365617752
0.045164063572883606
0.04527045041322708
0.04536464065313339
0.045406993478536606
0.045412514358758926
0.04542848840355873
0.04542245715856552
0.045364536345005035
0.04522295296192169
0.04508994519710541
0.0450444258749485
0.04508230835199356
0.045120272785425186
0.04510621726512909
0.045081112533807755
0.04511266201734543
0.045245252549648285
0.04546823352575302
0.045781854540109634
0.04617898166179657
0.04671148210763931
0.04719841480255127
0.04757343605160713
0.04717374965548515
0.04625315219163895
0.04529259726405144
0.045251112431287766
0.04594830796122551
0.04642181098461151
0.04626581072807312
0.04574425891041756
0.045546893030405045
0.04564911127090454
0.04554877430200577
0.04530184715986252
0.04528044909238815
0.04551645368337631
0.04557342082262039
0.04527759179472923
0.045041076838970184
0.04512377083301544
0.045217305421829224
0.04509055241942406
0.04492705687880516
0.0449603907763958
0.04505452513694763
0.045007117092609406
0.04491448774933815
0.044945139437913895
0.04510634019970894
0.04531716927886009
0.04565124958753586
0.0462939627468586
0.04742222651839256
0.04851330816745758
0.04908022657036781
0.04778920114040375
0.046012137085199356
0.04516711086034775
0.045798446983098984
0.04667501151561737
0.04665296897292137
0.04613979160785675
0.0458260215818882
0.04584125801920891
0.045767929404973984
0.04546863213181496
0.04552621394395828
0.045769479125738144
0.04555106163024902
0.04507434740662575
0.04500449821352959
0.04530496150255203
0.04534390941262245
0.045083481818437576
0.0450206995010376
0.04518177732825279
0.04513195529580116
0.044913727790117264
0.04483950138092041
0.04493413865566254
0.044926851987838745
0.04478470981121063
0.04472201317548752
0.04478545859456062
0.04480554908514023
0.04473893344402313
0.04469495639204979
0.04476620629429817
0.04489154741168022
0.045022472739219666
0.04521746188402176
0.04560200497508049
0.04610539972782135
0.04657471179962158
0.04649198055267334
0.04594898968935013
0.04514315724372864
0.04477446526288986
0.044933807104825974
0.04523438215255737
0.04538263380527496
0.045308779925107956
0.04514489695429802
0.04494066536426544
0.044758141040802
0.044736482203006744
0.04488161951303482
0.045019228011369705
0.04495007172226906
0.04471708834171295
0.04454678297042847
0.044567227363586426
0.0446443073451519
0.044645581394433975
0.04460568353533745
0.044624097645282745
0.044715214520692825
0.04476980119943619
0.04474563151597977
0.044671885669231415
0.044654481112957
0.044687628746032715
0.044697605073451996
0.04461786523461342
0.044489841908216476
0.044409941881895065
0.04441365972161293
0.04442755877971649
0.04440018907189369
0.04435078427195549
0.04433827847242355
0.044380269944667816
0.04444272816181183
0.04451654851436615
0.04463640972971916
0.044900815933942795
0.0453752800822258
0.0460885725915432
0.04672769457101822
0.04702361673116684
0.046406541019678116
0.04550366476178169
0.04491635411977768
0.04504143074154854
0.04532347992062569
0.04536357522010803
0.04525056853890419
0.04527299106121063
0.04538390412926674
0.04510410502552986
0.04463398829102516
0.04448298364877701
0.044774897396564484
0.0449863038957119
0.04481010511517525
0.04463629424571991
0.044744063168764114
0.044916994869709015
0.04484294354915619
0.044616591185331345
0.04455098137259483
0.04466967284679413
0.044665124267339706
0.04449410364031792
0.04434506595134735
0.04437609016895294
0.04443913325667381
0.04437786713242531
0.044256459921598434
0.04422420263290405
0.04428241774439812
0.04432116821408272
0.04428836703300476
0.0442809984087944
0.04439534246921539
0.044675517827272415
0.04510645568370819
0.04572503641247749
0.046427562832832336
0.047226618975400925
0.04739771783351898
0.04695330560207367
0.045562583953142166
0.04452679306268692
0.0446164608001709
0.04552283138036728
0.04621633514761925
0.045953501015901566
0.0452272966504097
0.04476325958967209
0.044875405728816986
0.04507150873541832
0.0448901541531086
0.04471523314714432
0.04483233764767647
0.044972315430641174
0.04478835687041283
0.04436049610376358
0.044239651411771774
0.04445449262857437
0.04453213885426521
0.04436175525188446
0.0442454069852829
0.04438749700784683
0.0445997416973114
0.04466874524950981
0.04477929323911667
0.04511917009949684
0.04569743573665619
0.04606140777468681
0.04597419500350952
0.04531281068921089
0.04474963992834091
0.04452593997120857
0.044550277292728424
0.0445607528090477
0.04463649541139603
0.044845644384622574
0.04490548372268677
0.044647835195064545
0.04420643299818039
0.044073332101106644
0.04427632316946983
0.04442019760608673
0.044357094913721085
0.04425785318017006
0.04434492066502571
0.04449386149644852
0.044473983347415924
0.044289372861385345
0.04415092244744301
0.04417780414223671
0.04424238204956055
0.04415886849164963
0.04400132596492767
0.04392935335636139
0.043978940695524216
0.04401225969195366
0.04394746571779251
0.04386311396956444
0.04385343939065933
0.04389984905719757
0.043930891901254654
0.043925199657678604
0.04396509379148483
0.04415208846330643
0.04460044950246811
0.04538270831108093
0.046558402478694916
0.047699227929115295
0.04863046109676361
0.04803655669093132
0.04680691659450531
0.04526001587510109
0.04491926357150078
0.04577933996915817
0.047002457082271576
0.04755234718322754
0.046428415924310684
0.044897764921188354
0.04440871626138687
0.04522298648953438
0.04609845578670502
0.04590609297156334
0.045038677752017975
0.044350314885377884
0.0444759875535965
0.04496943950653076
0.04510907828807831
0.04485658183693886
0.04447382315993309
0.04434988275170326
0.044460803270339966
0.044509317725896835
0.04440825432538986
0.04424217343330383
0.04424303025007248
0.0443618968129158
0.044388532638549805
0.044220950454473495
0.04396343603730202
0.04386712610721588
0.043957099318504333
0.04401786997914314
0.0439399778842926
0.04380617290735245
0.043770741671323776
0.043837834149599075
0.04388665035367012
0.04387723281979561
0.04387490451335907
0.04402897506952286
0.04442501813173294
0.04511427879333496
0.04595359042286873
0.046756673604249954
0.04677092283964157
0.04622732847929001
0.04519639164209366
0.04468497633934021
0.04471564292907715
0.0450998917222023
0.045408956706523895
0.04527270421385765
0.0448157899081707
0.04427281767129898
0.044202111661434174
0.04457681253552437
0.04483426362276077
0.0446237176656723
0.044070370495319366
0.04381174594163895
0.0440187007188797
0.044291991740465164
0.04431328922510147
0.04409300535917282
0.04393353313207626
0.043928682804107666
0.04394635558128357
0.04386969283223152
0.04372231662273407
0.043682780116796494
0.04377514868974686
0.04386512562632561
0.043848179280757904
0.043748680502176285
0.04369596019387245
0.043765489012002945
0.04386797174811363
0.04390975460410118
0.04384972155094147
0.043795205652713776
0.0438016876578331
0.043858904391527176
0.04386213421821594
0.043746791779994965
0.043573688715696335
0.04347175359725952
0.04349096491932869
0.04355008527636528
0.04355045408010483
0.0434977151453495
0.04346407204866409
0.043504394590854645
0.04360879212617874
0.043723516166210175
0.04384914040565491
0.04400298371911049
0.04427185654640198
0.04462045431137085
0.044980816543102264
0.04500175267457962
0.044583383947610855
0.043867871165275574
0.043476566672325134
0.04364847019314766
0.04402148723602295
0.044148579239845276
0.04397905245423317
0.04384283348917961
0.04395953565835953
0.04419677332043648
0.04414037615060806
0.04381925240159035
0.04348735511302948
0.04352376610040665
0.04373573511838913
0.04373633489012718
0.04353120177984238
0.04340371862053871
0.04350265860557556
0.043643370270729065
0.043646469712257385
0.043651968240737915
0.04389318451285362
0.044529832899570465
0.045465245842933655
0.04657415300607681
0.04717262461781502
0.04738385230302811
0.046603910624980927
0.0458139143884182
0.04489517584443092
0.044711243361234665
0.045312002301216125
0.04635677859187126
0.04704338312149048
0.04611809924244881
0.044561926275491714
0.04379582777619362
0.04443662613630295
0.04533344879746437
0.045362234115600586
0.04491705819964409
0.04462987557053566
0.04479672387242317
0.044919393956661224
0.044343236833810806
0.04379277303814888
0.04393410682678223
0.04439777880907059
0.044431399554014206
0.043999478220939636
0.04386042803525925
0.044238898903131485
0.04448174312710762
0.04438026621937752
0.04425017535686493
0.044558435678482056
0.044881612062454224
0.04472481086850166
0.04414035379886627
0.04379960149526596
0.04382135346531868
0.04382128268480301
0.04359669238328934
0.04351846128702164
0.04375598207116127
0.04396703839302063
0.04393351078033447
0.0437539741396904
0.04375398904085159
0.04386308044195175
0.04381268098950386
0.04355110600590706
0.043327439576387405
0.04332864284515381
0.04341662675142288
0.04337780177593231
0.043267812579870224
0.04325481131672859
0.043362364172935486
0.04347947612404823
0.04353742301464081
0.04364802688360214
0.04391783848404884
0.044391240924596786
0.04482235014438629
0.044972509145736694
0.044531889259815216
0.04392102360725403
0.043542031198740005
0.04358873888850212
0.04370968043804169
0.04371477663516998
0.04368925467133522
0.04376938194036484
0.04387057572603226
0.04370379447937012
0.04337187111377716
0.04316598176956177
0.04327366128563881
0.04345373436808586
0.04344075918197632
0.04333393648266792
0.043342795222997665
0.043544553220272064
0.043769471347332
0.04386106878519058
0.04383288323879242
0.04387172684073448
0.04397042468190193
0.044010765850543976
0.04373227804899216
0.04332386702299118
0.04308902099728584
0.04318901151418686
0.04338404908776283
0.04341019690036774
0.04333484172821045
0.04334252327680588
0.04352633282542229
0.043736934661865234
0.043766994029283524
0.04360183700919151
0.04343594238162041
0.043437108397483826
0.043542373925447464
0.043481506407260895
0.04325557127594948
0.04303858429193497
0.04304143786430359
0.04315296187996864
0.04315566271543503
0.04304778203368187
0.04297240078449249
0.0430322140455246
0.04316018894314766
0.043287791311740875
0.0434952937066555
0.044008877128362656
0.045031141489744186
0.04670867323875427
0.048161186277866364
0.04892461746931076
0.047115348279476166
0.04497915506362915
0.04395619407296181
0.044751886278390884
0.046157702803611755
0.04630725085735321
0.045557085424661636
0.045069240033626556
0.046082086861133575
0.047404058277606964
0.04635351523756981
0.04431614279747009
0.04399552941322327
0.04516097158193588
0.04512261226773262
0.0438460074365139
0.043915823101997375
0.044717852026224136
0.044324226677417755
0.043883517384529114
0.044783465564250946
0.046150095760822296
0.048005733639001846
0.05098644271492958
0.05550137162208557
0.05439602583646774
0.04948347061872482
0.04473920911550522
0.0457245372235775
0.04882073774933815
0.050672147423028946
0.051691316068172455
0.05288174748420715
0.05628387629985809
0.05237577110528946
0.046885523945093155
0.04628700762987137
0.05092005431652069
0.05356738343834877
0.05335000157356262
0.059500157833099365
0.06320945173501968
0.05434872582554817
0.04712633416056633
0.05154258757829666
0.05176714435219765
0.04791926592588425
0.050116464495658875
0.05515657365322113
0.059826597571372986
0.06593012064695358
0.07904461026191711
0.0669810026884079
0.0521494559943676
0.051997482776641846
0.05838273465633392
0.0577327236533165
0.06023343652486801
0.07198555767536163
0.06605400145053864
0.05865597724914551
0.05718974024057388
0.05762778967618942
0.052756622433662415
0.05094753950834274
0.055878423154354095
0.055415596812963486
0.05451589077711105
0.0603727251291275
0.06562954187393188
0.0589078813791275
0.06107538938522339
0.0579366609454155
0.04886797070503235
0.05549231916666031
0.05574902147054672
0.05033864080905914
0.05567874759435654
0.0524519681930542
0.04922768101096153
0.05299149453639984
0.048830535262823105
0.049186646938323975
0.050012409687042236
0.0473698191344738
0.04885808378458023
0.047690123319625854
0.04726516455411911
0.048022858798503876
0.046792592853307724
0.04765942320227623
0.04775315523147583
0.04742033779621124
0.048594288527965546
0.04788530617952347
0.04718521609902382
0.04668888449668884
0.045407216995954514
0.04553886130452156
0.046021826565265656
0.045660145580768585
0.045645665377378464
0.0452260859310627
0.0446879118680954
0.04493119567632675
0.04492102190852165
0.044712018221616745
0.04472280666232109
0.04440317302942276
0.04422319307923317
0.04432857781648636
0.04423735290765762
0.044162195175886154
0.044143740087747574
0.04397420585155487
0.04383727163076401
0.043852292001247406
0.043799545615911484
0.0437377505004406
0.04374421760439873
0.04368659853935242
0.04358751326799393
0.04353819042444229
0.04350825771689415
0.04344059154391289
0.043406892567873
0.04340529441833496
0.0433734692633152
0.04333656281232834
0.043317895382642746
0.04329787567257881
0.04325399547815323
0.04321804642677307
0.04319673031568527
0.043166566640138626
0.04312970116734505
0.04310542345046997
0.04308798909187317
0.04306373745203018
0.04303845763206482
0.04302180930972099
0.043007005006074905
0.04298793151974678
0.042969416826963425
0.04295707866549492
0.04294838011264801
0.04293876141309738
0.04293546825647354
0.042942240834236145
0.04296163469552994
0.04298897832632065
0.043024297803640366
0.04305679351091385
0.04307226091623306
0.0430443100631237
0.04297638684511185
0.04288683086633682
0.04281724989414215
0.042788032442331314
0.04279695823788643
0.042826686054468155
0.04285549372434616
0.04286923632025719
0.042857103049755096
0.042824145406484604
0.042777616530656815
0.0427340529859066
0.04270239919424057
0.04268917068839073
0.042691510170698166
0.04270263388752937
0.04271894320845604
0.0427359975874424
0.04275370389223099
0.04276614636182785
0.04276745766401291
0.04274698346853256
0.04270924627780914
0.04266168922185898
0.042622655630111694
0.04260043427348137
0.042595814913511276
0.04260372370481491
0.0426190122961998
0.04264087229967117
0.0426655076444149
0.042689304798841476
0.04270405322313309
0.04270277917385101
0.042677052319049835
0.04263157397508621
0.042577292770147324
0.042537443339824677
0.04252149537205696
0.04252684861421585
0.04254470765590668
0.04256798326969147
0.04259688779711723
0.042628105729818344
0.04265629127621651
0.04266761988401413
0.04265233129262924
0.0426054485142231
0.042545612901449203
0.04249332845211029
0.04246750473976135
0.04246773570775986
0.04248563572764397
0.0425146222114563
0.04254719614982605
0.04257830232381821
0.04259857162833214
0.04260217398405075
0.04258153215050697
0.04254090413451195
0.042486559599637985
0.04243876785039902
0.042411282658576965
0.042409688234329224
0.0424271821975708
0.0424545481801033
0.04248999431729317
0.0425327867269516
0.04258217662572861
0.04262614995241165
0.04264718294143677
0.042619261890649796
0.04254666343331337
0.04245346039533615
0.042388513684272766
0.04237212613224983
0.04239371791481972
0.04243090748786926
0.04246925562620163
0.04250802472233772
0.04253976047039032
0.04255363717675209
0.042531900107860565
0.042477983981370926
0.04240844398736954
0.04235834628343582
0.042338039726018906
0.04233869910240173
0.04234626516699791
0.04235982894897461
0.0423908531665802
0.04244469478726387
0.042520418763160706
0.04260333999991417
0.04267864674329758
0.0427214540541172
0.042723946273326874
0.04265956953167915
0.042540695518255234
0.042400337755680084
0.04231495410203934
0.042326394468545914
0.04240535572171211
0.04248807579278946
0.04252634197473526
0.04251560568809509
0.04247390851378441
0.04243065044283867
0.04238319769501686
0.0423305407166481
0.04228020831942558
0.042262230068445206
0.04228699952363968
0.042335182428359985
0.04238806292414665
0.04244457930326462
0.04253394156694412
0.042678799480199814
0.04286966845393181
0.04302048683166504
0.04302820563316345
0.04282068833708763
0.04255170375108719
0.0423947311937809
0.04240456968545914
0.04244652017951012
0.042443662881851196
0.04244016483426094
0.04250040650367737
0.042581427842378616
0.04256049171090126
0.04243329539895058
0.04230222851037979
0.042282834649086
0.04232148453593254
0.04230823740363121
0.0422406867146492
0.04219858720898628
0.042226407676935196
0.042274121195077896
0.04229319840669632
0.042311642318964005
0.04241330921649933
0.0426655188202858
0.04310176149010658
0.043666087090969086
0.0442684106528759
0.04452364891767502
0.044380225241184235
0.043621256947517395
0.042829640209674835
0.04253923147916794
0.042885273694992065
0.04342716559767723
0.043553709983825684
0.04313940927386284
0.04253958538174629
0.04239363968372345
0.04270854964852333
0.04297971725463867
0.04291705787181854
0.04261397197842598
0.04240858554840088
0.04241368547081947
0.04249979555606842
0.042526476085186005
0.04249698668718338
0.04248868674039841
0.04247914254665375
0.04242146015167236
0.042293012142181396
0.042201049625873566
0.04221748933196068
0.04229303076863289
0.04233676940202713
0.042315978556871414
0.04230579733848572
0.04236481338739395
0.042490094900131226
0.042599111795425415
0.04263032227754593
0.042574625462293625
0.042511988431215286
0.04246760904788971
0.04242224246263504
0.04230401664972305
0.04216780513525009
0.042112890630960464
0.042179230600595474
0.042278699576854706
0.042308270931243896
0.042279649525880814
0.04225749894976616
0.042293306440114975
0.0423378124833107
0.04231893643736839
0.04222634807229042
0.04212888702750206
0.04209841787815094
0.04212408885359764
0.04212825000286102
0.042085200548172
0.042028702795505524
0.04201393201947212
0.04203798621892929
0.042055390775203705
0.042044807225465775
0.04202354699373245
0.0420367456972599
0.0421178936958313
0.0423051118850708
0.042662590742111206
0.043291639536619186
0.0442252941429615
0.045408859848976135
0.04602760076522827
0.04580315947532654
0.04412197321653366
0.04267656058073044
0.04264248162508011
0.043776966631412506
0.04472363740205765
0.04441988468170166
0.04341883584856987
0.04279887303709984
0.04306459799408913
0.043493181467056274
0.043318938463926315
0.04292644187808037
0.042826563119888306
0.042953405529260635
0.042921703308820724
0.04260428249835968
0.04250604659318924
0.042724743485450745
0.042814500629901886
0.04257660731673241
0.04229065403342247
0.04230983555316925
0.042447734624147415
0.042364977300167084
0.04217944294214249
0.042149052023887634
0.04224657267332077
0.04226423427462578
0.04216078296303749
0.042112261056900024
0.042195696383714676
0.04233385622501373
0.042466990649700165
0.04267244040966034
0.04305409640073776
0.04365375638008118
0.044113386422395706
0.044145550578832626
0.0433853380382061
0.04253161698579788
0.042226579040288925
0.04252636805176735
0.04286534711718559
0.042824141681194305
0.04263252392411232
0.042570628225803375
0.04258439317345619
0.042478665709495544
0.04223059490323067
0.0421905554831028
0.04238029569387436
0.04245481640100479
0.04227754473686218
0.04206669703125954
0.04207513481378555
0.04217972233891487
0.04213535040616989
0.04199913516640663
0.04195601865649223
0.04202607274055481
0.04206663742661476
0.042010560631752014
0.04196356609463692
0.04201756417751312
0.042167577892541885
0.04236741364002228
0.04263930022716522
0.043038949370384216
0.04361668601632118
0.04407232999801636
0.04415719583630562
0.04340680316090584
0.0424429215490818
0.04202205315232277
0.042396508157253265
0.04293027147650719
0.04298469051718712
0.04267154261469841
0.04243219271302223
0.04250984266400337
0.04263786971569061
0.0424121655523777
0.04210759699344635
0.042109131813049316
0.042336758226156235
0.04239177331328392
0.04216036945581436
0.04199705645442009
0.042095083743333817
0.04220932349562645
0.042144905775785446
0.04201211780309677
0.04204800724983215
0.04221215099096298
0.042325690388679504
0.04236457869410515
0.042456842958927155
0.042677510529756546
0.042952630668878555
0.042989589273929596
0.04274606704711914
0.04232069477438927
0.04208109527826309
0.04208439216017723
0.04213931784033775
0.04213060811161995
0.04210226982831955
0.04218950867652893
0.04233551770448685
0.042358942329883575
0.042203694581985474
0.04198825731873512
0.04190928488969803
0.041967663913965225
0.04198164492845535
0.04189980775117874
0.041814472526311874
0.04183325171470642
0.04192190617322922
0.041978657245635986
0.04200751706957817
0.04209642857313156
0.042376767843961716
0.04287675395607948
0.043535422533750534
0.04404786229133606
0.04421238601207733
0.04373153671622276
0.043184794485569
0.042798545211553574
0.04272615909576416
0.04263661801815033
0.04266476631164551
0.04294527322053909
0.04322114214301109
0.04311845079064369
0.042481981217861176
0.042004380375146866
0.04210786521434784
0.04243364930152893
0.04251047968864441
0.042340267449617386
0.04234883934259415
0.04259757697582245
0.04275096580386162
0.04261477664113045
0.04229498282074928
0.04217971861362457
0.042322978377342224
0.0423358716070652
0.04211745783686638
0.04188641160726547
0.041902635246515274
0.04201718419790268
0.041981130838394165
0.04183981567621231
0.041773900389671326
0.041834957897663116
0.0418875478208065
0.04184336215257645
0.04178306832909584
0.04182404279708862
0.042004697024822235
0.042355336248874664
0.04298892617225647
0.04420875757932663
0.04602757468819618
0.04830271378159523
0.04860226437449455
0.04687531292438507
0.04348408430814743
0.042328573763370514
0.0437573604285717
0.04560813307762146
0.04626351594924927
0.04540349543094635
0.04523088037967682
0.04628922790288925
0.04767284542322159
0.04513736069202423
0.04290075600147247
0.044098976999521255
0.04528174549341202
0.04430624470114708
0.04378344863653183
0.045743003487586975
0.04698892682790756
0.047074124217033386
0.04822079464793205
0.04962795600295067
0.046463798731565475
0.043691374361515045
0.04420758783817291
0.04461705684661865
0.04417957738041878
0.04483291506767273
0.04624422639608383
0.0459195040166378
0.04430464655160904
0.044111356139183044
0.04449289292097092
0.043350670486688614
0.042859997600317
0.04370324686169624
0.04373973608016968
0.043284788727760315
0.04370511695742607
0.04441229999065399
0.04428022727370262
0.04397619143128395
0.04405645281076431
0.04384923353791237
0.042831119149923325
0.04244489222764969
0.04283885285258293
0.04285256564617157
0.04268846660852432
0.04291766136884689
0.0431586429476738
0.0429268479347229
0.04255400598049164
0.04248861223459244
0.042487747967243195
0.04221596568822861
0.04205509275197983
0.04219866916537285
0.042292505502700806
0.042216911911964417
0.042192455381155014
0.042340949177742004
0.042440470308065414
0.04236895218491554
0.04225873202085495
0.042253848165273666
0.04220772162079811
0.04203727841377258
0.04184848815202713
0.04182112216949463
0.041884645819664
0.041888341307640076
0.04185187816619873
0.04186340048909187
0.04194941371679306
0.042022954672575
0.04202648997306824
0.041993528604507446
0.04199928045272827
0.04201260954141617
0.04197392985224724
0.04184405505657196
0.04171524569392204
0.041667114943265915
0.04168703034520149
0.041700832545757294
0.041682153940200806
0.041675299406051636
0.04171547666192055
0.04179934784770012
0.041887395083904266
0.04195787385106087
0.042017463594675064
0.04209747537970543
0.042159780859947205
0.04215697944164276
0.04200110584497452
0.041771531105041504
0.041602879762649536
0.04160322621464729
0.04170376434922218
0.04177365452051163
0.04178185388445854
0.041777417063713074
0.04182564839720726
0.041899487376213074
0.04190786927938461
0.04181302338838577
0.04166556894779205
0.04158957302570343
0.04161960631608963
0.04165201261639595
0.04161452129483223
0.04153333231806755
0.04149962589144707
0.04153077304363251
0.041562777012586594
0.04155370220541954
0.04152226820588112
0.0415351465344429
0.04163914546370506
0.04187874495983124
0.04232973977923393
0.04311192408204079
0.04421994462609291
0.04555406793951988
0.04606443643569946
0.04557147994637489
0.043604977428913116
0.04219244420528412
0.04239813610911369
0.043760377913713455
0.044903241097927094
0.044657498598098755
0.04354667663574219
0.0426676869392395
0.04281751066446304
0.043364591896533966
0.04331035166978836
0.04295746982097626
0.04280273616313934
0.04286893457174301
0.04275723919272423
0.04229447990655899
0.04217585176229477
0.04253771901130676
0.042752064764499664
0.04247868433594704
0.042125996202230453
0.042155299335718155
0.04232734441757202
0.042169779539108276
0.041879940778017044
0.04181056469678879
0.04193904250860214
0.04195395112037659
0.041787948459386826
0.0416816845536232
0.04175003618001938
0.041827186942100525
0.041806116700172424
0.041770000010728836
0.04191741719841957
0.04228588193655014
0.04282562434673309
0.04341250658035278
0.04398149251937866
0.04408799484372139
0.04378395155072212
0.04288032650947571
0.042137157171964645
0.041982293128967285
0.042474836111068726
0.04304826632142067
0.04300682246685028
0.04239141196012497
0.041790325194597244
0.04182343930006027
0.04221678897738457
0.04236532747745514
0.04219246655702591
0.04195524379611015
0.041915155947208405
0.041988879442214966
0.041935913264751434
0.04176910221576691
0.04164086654782295
0.041705261915922165
0.041844893246889114
0.041855212301015854
0.04173431172966957
0.04164033383131027
0.04170071706175804
0.041849009692668915
0.04191407188773155
0.04190035164356232
0.041883423924446106
0.04197147116065025
0.04208752512931824
0.0421021468937397
0.04192708432674408
0.04165712743997574
0.0415017195045948
0.04154329374432564
0.04161554574966431
0.04159315302968025
0.04151409491896629
0.04151120036840439
0.04161512851715088
0.041724737733602524
0.04178348928689957
0.04178385064005852
0.04182429239153862
0.041941914707422256
0.04211033135652542
0.04217324033379555
0.04202070087194443
0.041708264499902725
0.04149588197469711
0.041497621685266495
0.04159177839756012
0.04159928485751152
0.041531503200531006
0.04150437191128731
0.04158515855669975
0.04172719642519951
0.04181352257728577
0.04181956499814987
0.04177682846784592
0.041836876422166824
0.042006656527519226
0.04216262325644493
0.042126692831516266
0.04188515990972519
0.0416116863489151
0.041526954621076584
0.04158216714859009
0.04161996394395828
0.04153532162308693
0.041424915194511414
0.04141989350318909
0.04153194651007652
0.041663069278001785
0.04172319546341896
0.041789013892412186
0.04198948293924332
0.04244621470570564
0.04302356019616127
0.043496862053871155
0.043422915041446686
0.042932335287332535
0.04229983687400818
0.04211615025997162
0.042231831699609756
0.042368609458208084
0.042154885828495026
0.04191453754901886
0.042096540331840515
0.042551953345537186
0.04278417304158211
0.04244364798069
0.0420934334397316
0.042149681597948074
0.0423990823328495
0.04234108701348305
0.04193419963121414
0.04164635390043259
0.041708920150995255
0.04183189943432808
0.04178691655397415
0.041573915630578995
0.04145726189017296
0.0415344201028347
0.041633524000644684
0.041596587747335434
0.04149618744850159
0.041575778275728226
0.04196536913514137
0.04266197979450226
0.0439416728913784
0.045935746282339096
0.048865944147109985
0.05025802180171013
0.050040584057569504
0.046198613941669464
0.043301958590745926
0.042801640927791595
0.04482148587703705
0.048990555107593536
0.053688883781433105
0.05758918449282646
0.05474120378494263
0.051382917910814285
0.04749907925724983
0.04875641316175461
0.055268414318561554
0.06650993227958679
0.0808209702372551
0.07659054547548294
0.07768440246582031
0.06326403468847275
0.058860745280981064
0.05416535586118698
0.06052418425679207
0.07987149059772491
0.12385986745357513
0.12960463762283325
0.17398104071617126
0.1449776291847229
0.24626073241233826
0.16884595155715942
0.2290019690990448
0.14558306336402893
0.19000911712646484
0.18155565857887268
0.18215322494506836
0.1287262737751007
0.13937987387180328
0.1357637196779251
0.14298288524150848
0.10997000336647034
0.13444876670837402
0.13657532632350922
0.1177033856511116
0.11956951022148132
0.1308569610118866
0.08970998227596283
0.10703596472740173
0.09963972866535187
0.08588320761919022
0.09789702296257019
0.08185295760631561
0.08570124953985214
0.08279506862163544
0.07667816430330276
0.07969217002391815
0.07351968437433243
0.07457990944385529
0.0727323517203331
0.06894803047180176
0.07065162807703018
0.06596462428569794
0.06616771221160889
0.06475567072629929
0.06276862323284149
0.06324237585067749
0.06103220209479332
0.061097994446754456
0.060209501534700394
0.058956079185009
0.05899078771471977
0.05762380361557007
0.05718229338526726
0.05660557746887207
0.05560970678925514
0.055359650403261185
0.054632268846035004
0.054100822657346725
0.05385355278849602
0.05317576974630356
0.05293051153421402
0.05252046883106232
0.05200725048780441
0.051806867122650146
0.05134851112961769
0.0510263592004776
0.050800472497940063
0.050435036420822144
0.05019453540444374
0.04997214302420616
0.04965702071785927
0.049464304000139236
0.049234941601753235
0.04898030683398247
0.04881950095295906
0.048606373369693756
0.048411354422569275
0.048256803303956985
0.048073094338178635
0.04790129140019417
0.04776325076818466
0.047596849501132965
0.04745328053832054
0.04732713848352432
0.04718299210071564
0.047058913856744766
0.046942226588726044
0.04681703448295593
0.046704377979040146
0.04660062491893768
0.046488866209983826
0.046390146017074585
0.04629535973072052
0.046196579933166504
0.046106770634651184
0.04602046310901642
0.04593236744403839
0.04585017263889313
0.04577226936817169
0.04569268226623535
0.04561830684542656
0.04554680362343788
0.045475080609321594
0.04540684074163437
0.045341599732637405
0.045276448130607605
0.04521378502249718
0.04515407234430313
0.045094460248947144
0.04503686726093292
0.044981542974710464
0.04492694139480591
0.04487361013889313
0.044822391122579575
0.044772084802389145
0.04472282901406288
0.04467526450753212
0.04462861269712448
0.04458284378051758
0.04453852027654648
0.044495247304439545
0.044452767819166183
0.04441143199801445
0.044371094554662704
0.044331423938274384
0.04429275542497635
0.0442550852894783
0.04421810433268547
0.044181931763887405
0.04414662346243858
0.044111985713243484
0.04407799616456032
0.04404478147625923
0.04401222988963127
0.04398026317358017
0.04394896328449249
0.04391833394765854
0.043888285756111145
0.043858852237463
0.043830059468746185
0.04380180686712265
0.04377404972910881
0.043746836483478546
0.04372011870145798
0.043693821877241135
0.04366800934076309
0.04364265128970146
0.043617699295282364
0.04359317570924759
0.04356909543275833
0.043545398861169815
0.043522149324417114
0.04349929094314575
0.04347682744264603
0.04345470666885376
0.04343293607234955
0.043411534279584885
0.04339049011468887
0.04336977377533913
0.043349407613277435
0.0433293953537941
0.043309666216373444
0.04329024255275726
0.04327112436294556
0.04325229674577713
0.04323374480009079
0.043215520679950714
0.04319751262664795
0.043179795145988464
0.04316231980919838
0.043145086616277695
0.0431281216442585
0.04311138764023781
0.04309488460421562
0.043078627437353134
0.043062545359134674
0.04304672032594681
0.04303111881017685
0.043015774339437485
0.043000586330890656
0.042985700070858
0.042970962822437286
0.04295656830072403
0.0429423451423645
0.04292856529355049
0.042914971709251404
0.042901940643787384
0.04288925603032112
0.04287731647491455
0.04286568611860275
0.042854830622673035
0.04284392669796944
0.042833197861909866
0.04282165318727493
0.04280963912606239
0.042796287685632706
0.042782485485076904
0.042767852544784546
0.04275355488061905
0.04273940622806549
0.04272621497511864
0.04271356016397476
0.04270157963037491
0.042689934372901917
0.04267863556742668
0.042667604982852936
0.042656756937503815
0.042646244168281555
0.0426359586417675
0.04262624680995941
0.0426170714199543
0.04260906204581261
0.042602088302373886
0.04259687289595604
0.04259280115365982
0.042589835822582245
0.042585961520671844
0.04257982224225998
0.042569130659103394
0.042554449290037155
0.04253647103905678
0.04251881316304207
0.04250326007604599
0.04249151423573494
0.04248271882534027
0.042476098984479904
0.04247171804308891
0.04246935620903969
0.04247003421187401
0.042472563683986664
0.0424758642911911
0.04247599095106125
0.04246965050697327
0.0424538217484951
0.0424313098192215
0.04240664094686508
0.042387209832668304
0.04237520322203636
0.04236989840865135
0.042369283735752106
0.04237131029367447
0.04237569868564606
0.042380191385746
0.04238242283463478
0.04237798973917961
0.042365122586488724
0.04234364628791809
0.04231956973671913
0.04229852929711342
0.04228546842932701
0.04227970167994499
0.04227880761027336
0.04228155314922333
0.04228608310222626
0.0422920323908329
0.042296551167964935
0.04229654744267464
0.042287662625312805
0.042269784957170486
0.04224531352519989
0.042222168296575546
0.04220524802803993
0.04219701141119003
0.042195335030555725
0.042197633534669876
0.04220341145992279
0.042211126536130905
0.04222005233168602
0.042226020246744156
0.04222481697797775
0.04221220314502716
0.04218930006027222
0.042161084711551666
0.04213755577802658
0.04212373495101929
0.04212005063891411
0.042123328894376755
0.04213034361600876
0.04214075580239296
0.04215214401483536
0.04216163977980614
0.04216362535953522
0.042154066264629364
0.042130716145038605
0.042100708931684494
0.04207315668463707
0.04205746203660965
0.04205388203263283
0.04205844923853874
0.04206802323460579
0.042079683393239975
0.04209212586283684
0.042101018130779266
0.042101915925741196
0.04208970069885254
0.04206595569849014
0.04203566536307335
0.042010143399238586
0.04199517145752907
0.041991885751485825
0.04199666529893875
0.04200587421655655
0.042019087821245193
0.04203444719314575
0.0420498326420784
0.04205934703350067
0.04205678775906563
0.04203680530190468
0.042004361748695374
0.041968729346990585
0.04194401204586029
0.0419347882270813
0.04193852096796036
0.04195033758878708
0.04196598753333092
0.041984040290117264
0.04200064390897751
0.04201149940490723
0.042008545249700546
0.04198882356286049
0.04195430502295494
0.041918154805898666
0.041892021894454956
0.04188283160328865
0.04188735410571098
0.04189976304769516
0.04191768169403076
0.041938554495573044
0.041959960013628006
0.04197540506720543
0.0419776514172554
0.04195874556899071
0.04192248359322548
0.04187900200486183
0.041847240179777145
0.04183519259095192
0.04184079170227051
0.04185686632990837
0.04187721759080887
0.04189983382821083
0.04191999509930611
0.041933078318834305
0.0419309027493
0.04191051423549652
0.04187287390232086
0.04183201491832733
0.04180097579956055
0.04178924113512039
0.041793905198574066
0.04180823639035225
0.0418291874229908
0.041854385286569595
0.041882388293743134
0.041907262057065964
0.04191989451646805
0.04190964624285698
0.04187504202127457
0.04182271286845207
0.04177580028772354
0.04175007343292236
0.041750237345695496
0.04176785424351692
0.04179278761148453
0.041821081191301346
0.04184739291667938
0.041867274791002274
0.04187080264091492
0.04185391962528229
0.041815679520368576
0.04176894202828407
0.04172840341925621
0.04170858860015869
0.04170939326286316
0.041723866015672684
0.041746802628040314
0.04177478328347206
0.04180692508816719
0.04183844476938248
0.041861701756715775
0.041862908750772476
0.04183506965637207
0.04177975282073021
0.041720595210790634
0.04167976602911949
0.041670747101306915
0.041686784476041794
0.041714996099472046
0.04174843430519104
0.041781630367040634
0.04180951043963432
0.041822947561740875
0.0418141707777977
0.04177720099687576
0.041723303496837616
0.04167002812027931
0.041639722883701324
0.04163646697998047
0.04165283218026161
0.04168086126446724
0.04171495884656906
0.041753776371479034
0.0417923741042614
0.041821472346782684
0.0418262854218483
0.041799578815698624
0.04173978790640831
0.04167059063911438
0.04161844775080681
0.04160316288471222
0.041619233787059784
0.04165104031562805
0.04168872535228729
0.04172537848353386
0.04175712913274765
0.041773781180381775
0.04176849126815796
0.04173281416296959
0.04167740419507027
0.041618362069129944
0.041579894721508026
0.0415697917342186
0.04158264398574829
0.04160970076918602
0.0416448712348938
0.041688986122608185
0.04173945263028145
0.0417894646525383
0.041820816695690155
0.041817862540483475
0.041765499860048294
0.04168212413787842
0.041596949100494385
0.041549887508153915
0.04155133664608002
0.04158611595630646
0.04163402318954468
0.04168059676885605
0.04171859845519066
0.0417381189763546
0.04173259437084198
0.04169372469186783
0.041633814573287964
0.04156895726919174
0.041525308042764664
0.0415121391415596
0.04152486473321915
0.04155345261096954
0.04159136861562729
0.041641123592853546
0.04170257970690727
0.041772570461034775
0.041831500828266144
0.041856128722429276
0.041817519813776016
0.04172538220882416
0.04160693660378456
0.0415215790271759
0.041499149054288864
0.04153153672814369
0.04158906266093254
0.04164562374353409
0.04168747738003731
0.04170048236846924
0.04167928546667099
0.04162302240729332
0.04155551269650459
0.041498661041259766
0.04147050902247429
0.04146818444132805
0.04148324951529503
0.04151281714439392
0.041558001190423965
0.04162497818470001
0.041713543236255646
0.041818682104349136
0.04191569983959198
0.041976433247327805
0.04195041209459305
0.04183788225054741
0.04165886715054512
0.041509050875902176
0.04146013408899307
0.04151514172554016
0.04161333292722702
0.04169140011072159
0.04172062128782272
0.04169221594929695
0.04162601754069328
0.04154334217309952
0.041475679725408554
0.04143797233700752
0.04143799468874931
0.04147086292505264
0.04152350500226021
0.041587576270103455
0.0416572242975235
0.0417352095246315
0.0418112613260746
0.04186958074569702
0.04186256602406502
0.041774675250053406
0.0416150838136673
0.041471321135759354
0.04141552373766899
0.041451361030340195
0.04152115806937218
0.04157716780900955
0.04161480814218521
0.041642505675554276
0.041662029922008514
0.04164602980017662
0.04157990217208862
0.04147906228899956
0.04140716791152954
0.04139343649148941
0.04141326993703842
0.041423697024583817
0.04141508787870407
0.041421353816986084
0.04147364944219589
0.041581977158784866
0.04174099490046501
0.04195379093289375
0.04222807288169861
0.042576372623443604
0.04287852346897125
0.043003808706998825
0.042656879872083664
0.042024143040180206
0.04151345044374466
0.041545577347278595
0.04191393777728081
0.042130161076784134
0.042055971920490265
0.041863758116960526
0.041787322610616684
0.04177705943584442
0.04165415093302727
0.04151943325996399
0.041549988090991974
0.04170180484652519
0.04174429550766945
0.041611429303884506
0.04149341210722923
0.041521355509757996
0.04156630486249924
0.04150520637631416
0.04139690101146698
0.041380882263183594
0.0414309985935688
0.04143144190311432
0.04137284681200981
0.041338738054037094
0.04136763885617256
0.041411083191633224
0.04142720252275467
0.041465260088443756
0.041608285158872604
0.041922517120838165
0.04241383820772171
0.043050989508628845
0.04358405992388725
0.04386858269572258
0.04344698786735535
0.04262588545680046
0.04179687052965164
0.041655901819467545
0.042164549231529236
0.04265762120485306
0.04259888455271721
0.04197963327169418
0.04152223467826843
0.041640833020210266
0.04199199751019478
0.04208824038505554
0.041856855154037476
0.04162415489554405
0.04157591611146927
0.0416129007935524
0.04161469638347626
0.04159311577677727
0.04162534326314926
0.04164810851216316
0.04156401753425598
0.041413288563489914
0.04133310168981552
0.04137628152966499
0.041439447551965714
0.04143067076802254
0.04138883575797081
0.0414024218916893
0.04147150740027428
0.04153226315975189
0.041534245014190674
0.04152282699942589
0.04153905436396599
0.04158449172973633
0.04158411920070648
0.041499245911836624
0.04136990010738373
0.04128950461745262
0.04128161072731018
0.04129595309495926
0.041287265717983246
0.04127529636025429
0.04129995033144951
0.04135667160153389
0.04141107201576233
0.041432950645685196
0.041440699249506
0.04145842045545578
0.04149698466062546
0.04151063784956932
0.04146142303943634
0.04135363548994064
0.04125431925058365
0.041216228157281876
0.0412299707531929
0.04124275594949722
0.04123680666089058
0.041238199919462204
0.04127591848373413
0.041352011263370514
0.04143910109996796
0.04152126982808113
0.04159297049045563
0.04167774319648743
0.04175310954451561
0.04178488627076149
0.041685305535793304
0.04146736487746239
0.04125196486711502
0.04119039326906204
0.04127558693289757
0.04137808829545975
0.041412465274333954
0.0414046086370945
0.04142944887280464
0.0414913035929203
0.04152790457010269
0.04145582765340805
0.04132285341620445
0.041227273643016815
0.041236087679862976
0.04127861186861992
0.04126099869608879
0.04118938371539116
0.0411376878619194
0.04115055128931999
0.04118425399065018
0.04117915779352188
0.04113995283842087
0.04110989719629288
0.04111485555768013
0.041133999824523926
0.04113633558154106
0.04111829400062561
0.041100069880485535
0.0411057285964489
0.04115155711770058
0.04126160591840744
0.041523225605487823
0.04213499277830124
0.04342494159936905
0.04555404186248779
0.04838022217154503
0.04923202842473984
0.047808751463890076
0.043804045766592026
0.0421455092728138
0.0436282753944397
0.045414313673973083
0.04513483867049217
0.04339233413338661
0.04315584897994995
0.0440407320857048
0.04391311854124069
0.042534515261650085
0.042507320642471313
0.043432433158159256
0.042919885367155075
0.042077139019966125
0.04238668456673622
0.04266666993498802
0.04211463779211044
0.04189460352063179
0.04223264008760452
0.042104706168174744
0.04172500967979431
0.041855718940496445
0.04198286682367325
0.04170787334442139
0.041606657207012177
0.041771307587623596
0.04174811393022537
0.04160859063267708
0.04171742498874664
0.04195364937186241
0.04213202744722366
0.04230783134698868
0.04270094633102417
0.04296940192580223
0.042820803821086884
0.042179662734270096
0.04165917634963989
0.04150892794132233
0.041607387363910675
0.04175959900021553
0.04187294840812683
0.04185708612203598
0.041601937264204025
0.0413367785513401
0.04132070019841194
0.04149926081299782
0.041584547609090805
0.04146796837449074
0.04133506119251251
0.04130217432975769
0.041294146329164505
0.041240617632865906
0.04120100662112236
0.04124384745955467
0.04130396246910095
0.0412973091006279
0.04123764857649803
0.04120725393295288
0.041217975318431854
0.041218504309654236
0.041167985647916794
0.041110094636678696
0.041089825332164764
0.04110070690512657
0.041097983717918396
0.041068099439144135
0.0410386323928833
0.0410333015024662
0.041041694581508636
0.04104120284318924
0.041024357080459595
0.04100539907813072
0.040997639298439026
0.04099985584616661
0.04100137948989868
0.04099489003419876
0.040982939302921295
0.040972910821437836
0.0409696102142334
0.04097363352775574
0.04098418727517128
0.04101032763719559
0.041078805923461914
0.04125308245420456
0.04164401814341545
0.04237399250268936
0.04340596869587898
0.04450339823961258
0.044638492166996
0.04380221664905548
0.04223611578345299
0.04158874228596687
0.04210364818572998
0.04281986504793167
0.04286043718457222
0.042208850383758545
0.04175807163119316
0.04182828217744827
0.04204154014587402
0.041988059878349304
0.04179893061518669
0.04174540936946869
0.04167039319872856
0.04150930792093277
0.041417792439460754
0.041547320783138275
0.04167992249131203
0.04151645302772522
0.04124264419078827
0.041159968823194504
0.04127498343586922
