# lbfgs, lr=0.8, alpha = 1000000, beta = 0.1
# best_iter: 99, best_loss = 0.03560282662510872, imsave period = 10
6.986260414123535
1.7314034700393677
0.9959028959274292
0.43853452801704407
0.1701613962650299
0.11235679686069489
0.08472020924091339
0.06945788860321045
0.06047740578651428
0.05484806001186371
0.05087094381451607
0.04796592891216278
0.04595278203487396
0.04433606192469597
0.0430791899561882
0.04212417080998421
0.041368428617715836
0.04069535434246063
0.04014471918344498
0.03969656676054001
0.0392855703830719
0.038957830518484116
0.03867614269256592
0.038438547402620316
0.03821747377514839
0.038028065115213394
0.037855230271816254
0.037707485258579254
0.037573348730802536
0.03744807839393616
0.03733410686254501
0.03723202273249626
0.03713994473218918
0.037058234214782715
0.036977872252464294
0.03690023720264435
0.03683102875947952
0.03677019476890564
0.03670923039317131
0.03665449470281601
0.03660052269697189
0.036552634090185165
0.036512408405542374
0.03646635636687279
0.036426298320293427
0.03638781979680061
0.03635069355368614
0.0363171361386776
0.03628489375114441
0.036254290491342545
0.03622296452522278
0.0361950658261776
0.03616933897137642
0.03614372760057449
0.036120474338531494
0.036097291857004166
0.03607577830553055
0.03605316951870918
0.03603310137987137
0.036015283316373825
0.03599647432565689
0.03597971051931381
0.03596166521310806
0.03594570234417915
0.03592957928776741
0.03591421619057655
0.03589929640293121
0.035884879529476166
0.0358712263405323
0.03585946932435036
0.03584584593772888
0.03583373501896858
0.03582143038511276
0.03587865084409714
0.03581109270453453
0.03579020872712135
0.03577888011932373
0.035770706832408905
0.035761620849370956
0.035752978175878525
0.03574301302433014
0.035733550786972046
0.03572484478354454
0.035717010498046875
0.03571629524230957
0.03569905459880829
0.035692960023880005
0.0356852263212204
0.03567653149366379
0.035670384764671326
0.03566353768110275
0.035654082894325256
0.03564856946468353
0.035641688853502274
0.03563529625535011
0.035628024488687515
0.03569395840167999
0.0356355682015419
0.03561416640877724
0.03560282662510872
