# adam, lr=0.01, alpha = 1000000, beta = 0.1
# best_iter: 2747, best_loss = 0.03627171739935875, imsave period = 300
5.874573707580566
3.9114222526550293
3.074586868286133
2.646538734436035
2.3853697776794434
2.189250946044922
2.0178639888763428
1.8577607870101929
1.7060283422470093
1.5636780261993408
1.4323569536209106
1.3129945993423462
1.2052793502807617
1.1084142923355103
1.0211758613586426
0.9426446557044983
0.8718270063400269
0.8079322576522827
0.7502392530441284
0.6980052590370178
0.6506611704826355
0.6077594757080078
0.5687929391860962
0.533293604850769
0.5009501576423645
0.47158083319664
0.4448266327381134
0.42043235898017883
0.3981930613517761
0.377872109413147
0.35922327637672424
0.3421180248260498
0.32642778754234314
0.31198060512542725
0.2986808121204376
0.2864183783531189
0.2750971019268036
0.26461824774742126
0.25492680072784424
0.24594934284687042
0.23763267695903778
0.2299046814441681
0.22271503508090973
0.21601314842700958
0.20975428819656372
0.20390045642852783
0.19841933250427246
0.19328394532203674
0.18846362829208374
0.18393227458000183
0.1796663999557495
0.1756458580493927
0.17184877395629883
0.16825446486473083
0.16485139727592468
0.16162382066249847
0.15855693817138672
0.15563827753067017
0.152858704328537
0.15020902454853058
0.14767798781394958
0.145258828997612
0.142942413687706
0.14072173833847046
0.13859017193317413
0.13654254376888275
0.13457250595092773
0.13267618417739868
0.13084909319877625
0.12908682227134705
0.12738540768623352
0.12574069201946259
0.12414979934692383
0.12261000275611877
0.12111809849739075
0.11967165768146515
0.11826754361391068
0.11690342426300049
0.11557729542255402
0.11428743600845337
0.11303213238716125
0.11181049048900604
0.11062031239271164
0.10946007072925568
0.10832881927490234
0.10722528398036957
0.10614816844463348
0.10509620606899261
0.10406860709190369
0.10306423157453537
0.10208308696746826
0.1011234000325203
0.10018406808376312
0.09926468133926392
0.0983646959066391
0.09748338162899017
0.09662006795406342
0.09577381610870361
0.09494427591562271
0.09413096308708191
0.09333358705043793
0.0925513356924057
0.09178389608860016
0.09103090316057205
0.09029176831245422
0.0895661860704422
0.08885416388511658
0.08815531432628632
0.08746911585330963
0.08679526299238205
0.08613364398479462
0.08548393845558167
0.08484567701816559
0.08421846479177475
0.08360212296247482
0.08299657702445984
0.0824015885591507
0.08181697875261307
0.0812424048781395
0.08067794889211655
0.08012329041957855
0.07957817614078522
0.07904220372438431
0.07851530611515045
0.07799743860960007
0.07748840749263763
0.07698799669742584
0.07649578899145126
0.07601195573806763
0.07553622126579285
0.07506852596998215
0.07460860908031464
0.07415637373924255
0.07371177524328232
0.07327458262443542
0.07284469157457352
0.0724218562245369
0.07200601696968079
0.07159702479839325
0.07119482755661011
0.07079937309026718
0.07041038572788239
0.07002782821655273
0.06965161859989166
0.0692816823720932
0.06891785562038422
0.06856008619070053
0.06820835918188095
0.06786253303289413
0.06752225011587143
0.06718742847442627
0.0668582171201706
0.06653447449207306
0.06621600687503815
0.06590273976325989
0.06559447944164276
0.06529118120670319
0.0649929866194725
0.06469962745904922
0.06441105157136917
0.06412708759307861
0.06384772807359695
0.06357301026582718
0.06330274045467377
0.06303665786981583
0.06277485936880112
0.0625172033905983
0.06226380914449692
0.06201441213488579
0.0617690235376358
0.061527661979198456
0.06129011884331703
0.06105637177824974
0.060826435685157776
0.06060025840997696
0.06037769094109535
0.06015871837735176
0.05994321405887604
0.059731125831604004
0.05952241271734238
0.05931711941957474
0.0591149777173996
0.05891605094075203
0.058720365166664124
0.05852777510881424
0.05833815783262253
0.05815155804157257
0.057967912405729294
0.05778716504573822
0.05760917812585831
0.05743394047021866
0.05726145952939987
0.05709163844585419
0.05692432448267937
0.0567595399916172
0.05659729242324829
0.05643758177757263
0.056280385702848434
0.05612553656101227
0.05597308278083801
0.055822987109422684
0.05567513778805733
0.05552949011325836
0.055386051535606384
0.055244818329811096
0.05510566383600235
0.054968465119600296
0.05483328178524971
0.05470012500882149
0.05456892400979996
0.05443962290883064
0.05431221425533295
0.054186608642339706
0.05406276881694794
0.05394076928496361
0.05382053554058075
0.05370199307799339
0.05358514189720154
0.053469978272914886
0.0533563531935215
0.05324436351656914
0.05313389375805855
0.053024984896183014
0.05291756987571716
0.05281158536672592
0.052707068622112274
0.05260396748781204
0.05250227451324463
0.05240192636847496
0.052302855998277664
0.05220509320497513
0.052108634263277054
0.05201344937086105
0.05191945657134056
0.051826681941747665
0.051735181361436844
0.051644861698150635
0.05155571922659874
0.05146772786974907
0.051380790770053864
0.051294952630996704
0.05121023580431938
0.05112652853131294
0.0510438047349453
0.050962068140506744
0.05088137835264206
0.05080164596438408
0.0507228784263134
0.050645045936107635
0.05056808888912201
0.05049210786819458
0.0504169724881649
0.05034265294671059
0.050269242376089096
0.05019672214984894
0.05012505501508713
0.05005421116948128
0.04998423904180527
0.04991511255502701
0.04984673112630844
0.049779102206230164
0.04971226304769516
0.04964618757367134
0.04958084598183632
0.04951615631580353
0.04945219308137894
0.04938889667391777
0.04932628199458122
0.04926430806517601
0.04920295625925064
0.04914223402738571
0.04908212646842003
0.04902259260416031
0.04896373674273491
0.04890541732311249
0.048847708851099014
0.04879055172204971
0.04873398318886757
0.048678021878004074
0.048622578382492065
0.048567648977041245
0.048513263463974
0.04845937341451645
0.048406001180410385
0.048353102058172226
0.04830069839954376
0.0482487678527832
0.04819733276963234
0.04814644157886505
0.04809601977467537
0.048046063631772995
0.04799656942486763
0.0479474700987339
0.04789886996150017
0.04785076156258583
0.047803059220314026
0.047755785286426544
0.04770895838737488
0.04766257852315903
0.04761654883623123
0.04757087305188179
0.0475255623459816
0.04748065397143364
0.04743616282939911
0.04739202558994293
0.047348201274871826
0.047304779291152954
0.04726176708936691
0.04721904918551445
0.047176722437143326
0.04713473469018936
0.047093119472265244
0.047051794826984406
0.04701078310608864
0.04697013646364212
0.04692978784441948
0.04688979685306549
0.04685012251138687
0.04681072384119034
0.04677163437008858
0.046732813119888306
0.046694330871105194
0.046656105667352676
0.046618182212114334
0.046580541878938675
0.04654315114021301
0.04650605097413063
0.04646923765540123
0.046432703733444214
0.046396404504776
0.046360425651073456
0.04632473364472389
0.04628927633166313
0.04625411331653595
0.046219222247600555
0.04618458449840546
0.04615020006895065
0.04611605778336525
0.04608219489455223
0.046048589050769806
0.046015214174985886
0.04598209634423256
0.04594922065734863
0.045916613191366196
0.04588417708873749
0.04585200548171997
0.04582004249095917
0.045788343995809555
0.04575680196285248
0.045725513249635696
0.04569442570209503
0.04566353186964989
0.04563288390636444
0.045602425932884216
0.0455721914768219
0.04554212838411331
0.045512281358242035
0.04548266530036926
0.04545324295759201
0.0454239584505558
0.04539491981267929
0.04536605626344681
0.04533729702234268
0.04530882462859154
0.045280490070581436
0.04525237902998924
0.04522443562746048
0.04519665241241455
0.04516899213194847
0.04514152929186821
0.04511429741978645
0.04508711025118828
0.045060183852910995
0.04503339156508446
0.04500678926706314
0.044980332255363464
0.04495403170585632
0.044927842915058136
0.044901855289936066
0.04487602040171623
0.044850289821624756
0.04482470080256462
0.04479925334453583
0.044773999601602554
0.044748906046152115
0.044723913073539734
0.04469913989305496
0.04467446357011795
0.04464989900588989
0.04462552070617676
0.044601280242204666
0.04457715526223183
0.044553134590387344
0.04452929645776749
0.04450554400682449
0.04448191449046135
0.04445842280983925
0.04443509876728058
0.04441184550523758
0.04438875615596771
0.044365718960762024
0.04434294253587723
0.0443202443420887
0.04429766908288002
0.04427521675825119
0.0442529022693634
0.04423074796795845
0.044208675622940063
0.04418668523430824
0.04416487365961075
0.044143155217170715
0.04412154480814934
0.04410003125667572
0.044078703969717026
0.044057466089725494
0.04403635859489441
0.04401536285877228
0.043994463980197906
0.04397367313504219
0.04395299404859543
0.04393240064382553
0.0439118929207325
0.043891455978155136
0.04387117549777031
0.04385101795196533
0.043830979615449905
0.04381096363067627
0.043791063129901886
0.04377129673957825
0.04375160485506058
0.04373200982809067
0.0437125638127327
0.04369312897324562
0.04367385432124138
0.04365463927388191
0.04363550990819931
0.04361646994948387
0.043597519397735596
0.043578650802373886
0.04355980455875397
0.043541133403778076
0.043522581458091736
0.04350404813885689
0.0434856154024601
0.04346730560064316
0.04344901442527771
0.043430864810943604
0.043412744998931885
0.04339474067091942
0.043376799672842026
0.0433589369058609
0.04334118217229843
0.04332345724105835
0.043305814266204834
0.04328832030296326
0.043270811438560486
0.04325345531105995
0.04323617368936539
0.04321900010108948
0.04320184141397476
0.04318481311202049
0.04316781461238861
0.0431508868932724
0.04313410446047783
0.043117325752973557
0.043100640177726746
0.0430840365588665
0.043067511171102524
0.04305102676153183
0.04303465038537979
0.04301833361387253
0.043002091348171234
0.042985983192920685
0.04296986013650894
0.04295383021235466
0.04293790087103844
0.0429219976067543
0.04290619120001793
0.04289042204618454
0.04287473112344742
0.04285908490419388
0.0428435243666172
0.04282800108194351
0.04281250759959221
0.04279713332653046
0.04278180003166199
0.04276649281382561
0.04275128245353699
0.04273609444499016
0.042720992118120193
0.04270597919821739
0.0426909476518631
0.04267604649066925
0.04266117885708809
0.0426463708281517
0.042631667107343674
0.04261702299118042
0.042602431029081345
0.04258790984749794
0.0425734780728817
0.04255903139710426
0.0425446517765522
0.042530357837677
0.042516112327575684
0.04250185936689377
0.0424877293407917
0.042473673820495605
0.04245965927839279
0.04244567081332207
0.04243173822760582
0.04241785407066345
0.04240404814481735
0.042390286922454834
0.042376574128866196
0.04236287251114845
0.04234924912452698
0.04233565181493759
0.04232214763760567
0.04230862483382225
0.04229521378874779
0.04228177294135094
0.042268455028533936
0.04225516691803932
0.04224191978573799
0.04222869127988815
0.04221557080745697
0.04220247641205788
0.04218943789601326
0.042176488786935806
0.04216352850198746
0.04215063527226448
0.04213777557015419
0.04212494194507599
0.04211216792464256
0.04209944233298302
0.042086802423000336
0.04207415506243706
0.04206148535013199
0.042048972100019455
0.042036499828100204
0.04202403500676155
0.04201163351535797
0.04199925810098648
0.041986990720033646
0.04197473078966141
0.041962508112192154
0.04195036739110947
0.04193820059299469
0.04192613065242767
0.04191408306360245
0.04190203920006752
0.041890062391757965
0.04187813773751259
0.0418662428855896
0.04185447469353676
0.041842639446258545
0.041830889880657196
0.04181917384266853
0.04180750623345375
0.04179587960243225
0.041784290224313736
0.04177273437380791
0.04176120460033417
0.041749726980924606
0.04173830524086952
0.041726917028427124
0.0417155995965004
0.041704293340444565
0.04169301316142082
0.04168182238936424
0.04167066141963005
0.04165950044989586
0.041648369282484055
0.041637301445007324
0.04162630811333656
0.0416153185069561
0.04160434007644653
0.04159343242645264
0.04158253222703934
0.04157169535756111
0.04156088829040527
0.04155009984970093
0.04153936728835106
0.04152866452932358
0.0415179543197155
0.041507355868816376
0.04149672016501427
0.041486166417598724
0.041475653648376465
0.041465118527412415
0.04145459085702896
0.041444141417741776
0.04143376648426056
0.041423384100198746
0.0414130724966526
0.04140279442071915
0.04139253497123718
0.04138226434588432
0.041372090578079224
0.04136189818382263
0.04135175049304962
0.041341643780469894
0.04133155941963196
0.0413215197622776
0.041311539709568024
0.04130153730511665
0.04129159078001976
0.04128166288137436
0.04127175360918045
0.04126190021634102
0.04125209152698517
0.04124223813414574
0.04123247042298317
0.041222695261240005
0.041213009506464005
0.04120326787233353
0.04119357094168663
0.04118391498923302
0.04117429628968239
0.04116470366716385
0.04115515574812889
0.04114562273025513
0.04113607853651047
0.041126593947410583
0.041117165237665176
0.041107721626758575
0.04109831526875496
0.041088975965976715
0.04107958450913429
0.04107026010751724
0.04106095805764198
0.041051704436540604
0.041042447090148926
0.04103321582078934
0.04102402925491333
0.0410148985683918
0.04100572317838669
0.04099660366773605
0.0409875214099884
0.04097843915224075
0.04096940904855728
0.0409604050219059
0.04095138609409332
0.040942415595054626
0.04093345254659653
0.040924571454524994
0.040915682911872864
0.040906790643930435
0.0408979132771492
0.04088909551501274
0.040880244225263596
0.04087149724364281
0.040862713009119034
0.040853943675756454
0.040845274925231934
0.04083658382296562
0.0408279150724411
0.04081924632191658
0.04081067442893982
0.04080206900835037
0.0407935194671154
0.04078495129942894
0.04077644273638725
0.04076799005270004
0.04075954109430313
0.04075107350945473
0.04074262082576752
0.04073422774672508
0.040725819766521454
0.04071744903922081
0.040709082037210464
0.0407007671892643
0.04069241136312485
0.040684133768081665
0.040675919502973557
0.04066767543554306
0.04065939411520958
0.04065120965242386
0.04064302518963814
0.04063490033149719
0.040626734495162964
0.0406186506152153
0.04061049222946167
0.040602486580610275
0.040594398975372314
0.04058639705181122
0.04057836905121803
0.04057035222649574
0.04056239128112793
0.0405544638633728
0.040546517819166183
0.040538590401411057
0.04053070396184921
0.04052281752228737
0.04051503911614418
0.04050718620419502
0.040499333292245865
0.04049157723784447
0.04048376530408859
0.040476031601428986
0.04046836122870445
0.04046062007546425
0.04045296460390091
0.040445249527692795
0.040437668561935425
0.040430039167404175
0.040422406047582626
0.040414806455373764
0.0404072180390358
0.0403996966779232
0.0403921976685524
0.04038461670279503
0.040377113968133926
0.040369629859924316
0.0403621643781662
0.04035474359989166
0.040347304195165634
0.04033989459276199
0.04033251851797104
0.0403251051902771
0.04031774401664734
0.04031039774417877
0.040303099900484085
0.040295787155628204
0.04028850793838501
0.04028123617172241
0.04027397558093071
0.040266722440719604
0.040259525179862976
0.040252313017845154
0.040245119482278824
0.04023792967200279
0.04023083671927452
0.0402236133813858
0.040216509252786636
0.04020942002534866
0.04020233079791069
0.0401952750980854
0.040188178420066833
0.040181174874305725
0.040174130350351334
0.04016716778278351
0.040160149335861206
0.040153175592422485
0.04014625400304794
0.04013931751251221
0.040132395923137665
0.04012556001543999
0.04011860862374306
0.040111757814884186
0.04010489210486412
0.040098030120134354
0.04009120166301727
0.04008439928293228
0.04007765278220177
0.04007083922624588
0.04006405919790268
0.04005736485123634
0.040050581097602844
0.04004392772912979
0.04003719985485077
0.04003049433231354
0.040023840963840485
0.04001716896891594
0.04001051187515259
0.04000387713313103
0.039997171610593796
0.03999059274792671
0.03998403623700142
0.03997744247317314
0.03997085615992546
0.039964381605386734
0.03995779901742935
0.03995125740766525
0.039944808930158615
0.03993825614452362
0.0399317629635334
0.03992530331015587
0.03991883620619774
0.039912376552820206
0.03990596905350685
0.0398995503783226
0.03989308327436447
0.039886657148599625
0.039880335330963135
0.03987395390868187
0.039867617189884186
0.039861299097537994
0.03985496610403061
0.03984872251749039
0.039842378348112106
0.03983614593744278
0.03982987627387047
0.03982360288500786
0.03981738165020943
0.0398111417889595
0.03980492427945137
0.03979870676994324
0.03979248180985451
0.03978632017970085
0.03978016972541809
0.03977397829294205
0.03976784273982048
0.03976169601082802
0.03975559398531914
0.039749469608068466
0.03974336385726929
0.039737291634082794
0.0397312305867672
0.03972519189119339
0.039719127118587494
0.03971307724714279
0.03970709070563316
0.03970109298825264
0.03969508782029152
0.039689090102910995
0.03968314826488495
0.03967723995447159
0.039671268314123154
0.03966541215777397
0.03965947404503822
0.03965357318520546
0.03964773193001747
0.039641909301280975
0.03963598981499672
0.039630137383937836
0.03962432220578194
0.03961849957704544
0.03961270675063133
0.039606932550668716
0.03960113227367401
0.0395953468978405
0.03958959877490997
0.03958389163017273
0.039578139781951904
0.039572376757860184
0.03956669569015503
0.039561014622449875
0.03955533728003502
0.03954964876174927
0.039543990045785904
0.039538368582725525
0.039532724767923355
0.039527107030153275
0.039521489292383194
0.039515867829322815
0.039510298520326614
0.039504699409008026
0.03949914127588272
0.03949357569217682
0.03948801010847092
0.03948243707418442
0.03947689011693001
0.03947140648961067
0.03946593403816223
0.0394604429602623
0.03945499658584595
0.039449542760849
0.039444081485271454
0.039438679814338684
0.03943323343992233
0.03942784667015076
0.03942239657044411
0.03941704332828522
0.03941164165735245
0.039406295865774155
0.03940088301897049
0.0393955260515213
0.03939018398523331
0.039384834468364716
0.039379484951496124
0.039374202489852905
0.03936891257762909
0.03936365246772766
0.039358314126729965
0.03935306891798973
0.03934776782989502
0.03934256732463837
0.03933726251125336
0.039332084357738495
0.03932688385248184
0.03932163864374161
0.03931642323732376
0.039311230182647705
0.03930605947971344
0.039300866425037384
0.039295703172683716
0.039290521293878555
0.03928539901971817
0.039280228316783905
0.03927507624030113
0.03927001357078552
0.03926488384604454
0.039259765297174454
0.03925466537475586
0.039249591529369354
0.03924449533224106
0.039239488542079926
0.03923439234495163
0.0392293855547905
0.03922431543469429
0.03921925276517868
0.03921423852443695
0.03920917958021164
0.039204224944114685
0.03919925168156624
0.039194270968437195
0.03918930143117905
0.039184294641017914
0.03917941823601723
0.03917447105050087
0.039169520139694214
0.03916463255882263
0.03915978595614433
0.03915489464998245
0.03915001451969147
0.03914511948823929
0.03914022445678711
0.039135389029979706
0.039130475372076035
0.03912563994526863
0.03912081569433212
0.03911600261926651
0.0391111746430397
0.03910635784268379
0.03910154104232788
0.039096832275390625
0.03909199312329292
0.03908718749880791
0.03908248618245125
0.039077695459127426
0.03907295688986778
0.03906819224357605
0.039063483476638794
0.03905874118208885
0.039054058492183685
0.03904939442873001
0.039044708013534546
0.03903999924659729
0.039035357534885406
0.039030637592077255
0.039025962352752686
0.0390213206410408
0.0390167236328125
0.03901205584406853
0.03900744393467903
0.03900279477238655
0.038998205214738846
0.03899361938238144
0.03898902237415314
0.03898443281650543
0.03897983953356743
0.038975298404693604
0.0389707013964653
0.038966190069913864
0.03896160423755646
0.038957107812166214
0.03895258530974388
0.03894805535674095
0.03894350677728653
0.03893902152776718
0.03893452510237694
0.03893004357814789
0.03892559930682182
0.03892114758491516
0.03891674056649208
0.038912203162908554
0.03890775889158249
0.038903363049030304
0.038898907601833344
0.03889442980289459
0.038890015333890915
0.03888564184308052
0.038881223648786545
0.038876842707395554
0.038872502744197845
0.038868095725774765
0.038863759487867355
0.03885938599705696
0.038855019956827164
0.03885071724653244
0.03884634003043175
0.038842007517814636
0.03883771225810051
0.038833364844322205
0.03882914036512375
0.038824837654829025
0.03882041946053505
0.038816168904304504
0.03881193697452545
0.038807641714811325
0.0388033352792263
0.03879913315176964
0.038794875144958496
0.03879062831401825
0.038786381483078
0.038782138377428055
0.038777902722358704
0.03877368941903114
0.03876945748925209
0.038765206933021545
0.03876098617911339
0.03875679522752762
0.038752634078264236
0.03874842822551727
0.03874427452683449
0.03874017298221588
0.03873598575592041
0.03873183950781822
0.03872768208384514
0.03872358053922653
0.03871943801641464
0.03871528431773186
0.03871115297079086
0.038707055151462555
0.038702890276908875
0.03869874030351639
0.038694679737091064
0.038690607994794846
0.038686513900756836
0.03868252784013748
0.038678355515003204
0.03867434337735176
0.03867030516266823
0.03866630792617798
0.03866226226091385
0.038658224046230316
0.038654230535030365
0.03865022212266922
0.03864625096321106
0.038642264902591705
0.03863823413848877
0.0386342853307724
0.038630276918411255
0.038626283407211304
0.03862232714891434
0.03861835598945618
0.03861444443464279
0.03861047327518463
0.03860655054450035
0.03860270604491234
0.03859877958893776
0.038594815880060196
0.038590990006923676
0.0385870561003685
0.03858315572142601
0.03857926279306412
0.03857538476586342
0.038571540266275406
0.038567669689655304
0.03856378421187401
0.03856000676751137
0.03855612128973007
0.03855222091078758
0.03854841738939285
0.03854457288980484
0.038540780544281006
0.038536932319402695
0.03853313624858856
0.03852935507893562
0.038525454699993134
0.03852178156375885
0.03851793706417084
0.0385141558945179
0.038510363548994064
0.03850666061043739
0.03850279748439789
0.03849908709526062
0.038495324552059174
0.0384916327893734
0.038487836718559265
0.03848417103290558
0.038480427116155624
0.038476794958114624
0.03847293555736542
0.03846932202577591
0.03846556320786476
0.03846193850040436
0.03845829889178276
0.03845459967851639
0.03845091164112091
0.03844723850488663
0.03844355791807175
0.03843992203474045
0.038436200469732285
0.038432564586400986
0.038428932428359985
0.03842529281973839
0.03842158615589142
0.038417987525463104
0.03841432183980942
0.03841074928641319
0.038407061249017715
0.03840356320142746
0.03839992731809616
0.03839633986353874
0.03839270770549774
0.038389138877391815
0.03838552534580231
0.038382068276405334
0.038378410041332245
0.038374923169612885
0.03837131708860397
0.03836781159043312
0.0383642204105854
0.038360804319381714
0.0383572094142437
0.0383538082242012
0.0383501835167408
0.03834693133831024
0.0383433997631073
0.038340210914611816
0.038336705416440964
0.03833353891968727
0.03832992538809776
0.038326941430568695
0.038323357701301575
0.03832031041383743
0.038316693156957626
0.038313768804073334
0.03831009939312935
0.038307178765535355
0.03830340877175331
0.038300469517707825
0.03829663246870041
0.03829377889633179
0.03828994929790497
0.038286980241537094
0.038283221423625946
0.03828036040067673
0.0382765457034111
0.03827378898859024
0.03827004134654999
0.03826718032360077
0.038263387978076935
0.038260675966739655
0.038256920874118805
0.038254331797361374
0.038250602781772614
0.03824802115559578
0.03824423998594284
0.03824165090918541
0.038237765431404114
0.038235295563936234
0.03823130205273628
0.03822896257042885
0.038225091993808746
0.03822264075279236
0.0382186658680439
0.03821621090173721
0.038212183862924576
0.038209762424230576
0.03820580244064331
0.03820342570543289
0.03819943964481354
0.03819718584418297
0.038193345069885254
0.038191236555576324
0.038187284022569656
0.0381854809820652
0.03818144649267197
0.038179658353328705
0.03817559778690338
0.03817358613014221
0.03816920518875122
0.03816710785031319
0.038162581622600555
0.03816043213009834
0.03815624117851257
0.03815430775284767
0.03815009817481041
0.03814823552966118
0.03814417123794556
0.038142383098602295
0.038138359785079956
0.03813663870096207
0.03813229873776436
0.038130637258291245
0.038126200437545776
0.03812485560774803
0.03812055662274361
0.038119085133075714
0.038114722818136215
0.0381133072078228
0.038108810782432556
0.03810737654566765
0.038102779537439346
0.038101162761449814
0.03809640556573868
0.038094617426395416
0.038090188056230545
0.03808862715959549
0.03808426856994629
0.038083046674728394
0.038078807294368744
0.03807779774069786
0.038073621690273285
0.038072533905506134
0.03806797415018082
0.03806684911251068
0.03806194290518761
0.03806069493293762
0.03805571049451828
0.038054659962654114
0.03805004805326462
0.03804916515946388
0.038044851273298264
0.03804406896233559
0.038039401173591614
0.03803874924778938
0.03803405165672302
0.03803335130214691
0.03802815452218056
0.038027286529541016
0.03802208602428436
0.038021039217710495
0.03801608458161354
0.03801523521542549
0.03801058232784271
0.03801049664616585
0.03800647333264351
0.03800729662179947
0.03800272196531296
0.03800296038389206
0.037996917963027954
0.037995897233486176
0.037989381700754166
0.03798762708902359
0.037981946021318436
0.037981029599905014
0.03797634318470955
0.0379762202501297
0.037972453981637955
0.037973787635564804
0.03797019645571709
0.037971727550029755
0.037966564297676086
0.03796684369444847
0.03795956075191498
0.03795824944972992
0.03795074671506882
0.037948694080114365
0.0379425473511219
0.03794076293706894
0.03793635964393616
0.037936437875032425
0.03793385624885559
0.037937361747026443
0.03793623298406601
0.03794234246015549
0.03793766349554062
0.037940286099910736
0.03792969882488251
0.03792732208967209
0.03791649267077446
0.03791268169879913
0.03790527209639549
0.037901587784290314
0.03789606690406799
0.03789272531867027
0.037888702005147934
0.03788728266954422
0.037886183708906174
0.03789183497428894
0.03789664804935455
0.03791266307234764
0.037913545966148376
0.0379236564040184
0.037905022501945496
0.03790052980184555
0.037883639335632324
0.0378793440759182
0.03787152096629143
0.037866685539484024
0.037864137440919876
0.03786207735538483
0.037869155406951904
0.037873126566410065
0.03789305314421654
0.037894897162914276
0.037908073514699936
0.037887316197156906
0.037877753376960754
0.03785678744316101
0.037851836532354355
0.037844132632017136
0.03784054517745972
0.03784000873565674
0.03784061223268509
0.03785562515258789
0.0378604531288147
0.03788471966981888
0.03787489980459213
0.03787907585501671
0.03785308450460434
0.03784129396080971
0.037824831902980804
0.037820540368556976
0.03781406208872795
0.03780956193804741
0.03781009837985039
0.03781198710203171
0.037831153720617294
0.03783871605992317
0.03787080571055412
0.03786071762442589
0.03786706551909447
0.037832751870155334
0.037816569209098816
0.037799179553985596
0.037795793265104294
0.0377936065196991
0.03779220208525658
0.03780347481369972
0.03781129792332649
0.037843622267246246
0.037835005670785904
0.037850841879844666
0.03781792148947716
0.037806980311870575
0.037783678621053696
0.037774309515953064
0.03776811063289642
0.03776383399963379
0.037767309695482254
0.0377718061208725
0.037798669189214706
0.03781044855713844
0.03784870356321335
0.03782180696725845
0.037822090089321136
0.03778131306171417
0.0377693809568882
0.03775531053543091
0.037751756608486176
0.03775155171751976
0.03775031492114067
0.037770047783851624
0.03778161108493805
0.037827104330062866
0.037814632058143616
0.03783522918820381
0.03778843209147453
0.037776365876197815
0.03774654120206833
0.03774015232920647
0.03773258998990059
0.03772702440619469
0.03772846981883049
0.03773133456707001
0.0377669483423233
0.03778164088726044
0.037837132811546326
0.03781389817595482
0.03782722353935242
0.03776921331882477
0.037748947739601135
0.03772493824362755
0.03772353380918503
0.0377231203019619
0.03771908953785896
0.03773467242717743
0.03774600848555565
0.0378020778298378
0.037788305431604385
0.03783185034990311
0.03778086602687836
0.03778728470206261
0.037741560488939285
0.03772813081741333
0.03770918771624565
0.03770102560520172
0.03768905997276306
0.03767785802483559
0.037675369530916214
0.037677932530641556
0.03771445155143738
0.037746552377939224
0.03784331679344177
0.0378313772380352
0.03788077086210251
0.03778330609202385
0.03775654733181
0.0377187579870224
0.03773143142461777
0.037727829068899155
0.03771597892045975
0.03771894425153732
0.037720318883657455
0.03778648003935814
0.0377691388130188
0.03784508258104324
0.03778080269694328
0.037821751087903976
0.03777928650379181
0.03777717798948288
0.03773422911763191
0.03772847726941109
0.037700384855270386
0.03770529478788376
0.0376751683652401
0.03768007457256317
0.03766779974102974
0.037705548107624054
0.03773855045437813
0.0378422737121582
0.03785992041230202
0.03792693465948105
0.03779822215437889
0.03782358393073082
0.03775988146662712
0.03780954331159592
0.03775455430150032
0.03772924095392227
0.037698693573474884
0.03768603876233101
0.03769562765955925
0.03766777738928795
0.03767707571387291
0.037678156048059464
0.03778982162475586
0.03789369761943817
0.03812690079212189
0.03801853209733963
0.038061585277318954
0.03787422552704811
0.03809706121683121
0.038025178015232086
0.03813484311103821
0.03795104846358299
0.038168590515851974
0.03829067945480347
0.038902174681425095
0.0387420654296875
0.039941251277923584
0.03905199095606804
0.042823709547519684
0.04033481702208519
0.048165254294872284
0.04359165206551552
0.05391017347574234
0.04936596006155014
0.06259802728891373
0.055512331426143646
0.0722484290599823
0.06342416256666183
0.08268587291240692
0.07318644225597382
0.09292633831501007
0.08157625794410706
0.09708516299724579
0.08762238919734955
0.09926383942365646
0.09008391201496124
0.09893403202295303
0.08981525152921677
0.09531614184379578
0.08737672865390778
0.09175758063793182
0.0841904729604721
0.0875856876373291
0.08046521246433258
0.08330480754375458
0.0771474540233612
0.079935222864151
0.07347176969051361
0.07560966163873672
0.07011282444000244
0.07197313755750656
0.06647628545761108
0.06764903664588928
0.06328241527080536
0.06453660130500793
0.060605451464653015
0.062369998544454575
0.05825899913907051
0.06057460233569145
0.056379176676273346
0.05854465067386627
0.05461177974939346
0.0560724213719368
0.052924904972314835
0.054397765547037125
0.05158033221960068
0.053277771919965744
0.050506941974163055
0.05244463309645653
0.04948423057794571
0.05115798860788345
0.048515550792217255
0.04962318018078804
0.047564975917339325
0.04834993928670883
0.04663974046707153
0.04744551703333855
0.045816659927368164
0.04668574780225754
0.045156776905059814
0.046078380197286606
0.04449974745512009
0.045083291828632355
0.04379447549581528
0.04403544217348099
0.04312065616250038
0.04316743463277817
0.042512405663728714
0.0424981415271759
0.04193750023841858
0.041859839111566544
0.0414016991853714
0.04127192869782448
0.040913574397563934
0.04074466601014137
0.0404939129948616
0.04032212495803833
0.040144551545381546
0.03998108580708504
0.039837371557950974
0.03968821465969086
0.039563339203596115
0.039435580372810364
0.03932274878025055
0.0392165333032608
0.03911565989255905
0.03902381286025047
0.03893518075346947
0.038854096084833145
0.03877826780080795
0.03870629891753197
0.03864001855254173
0.03857709467411041
0.03851841762661934
0.038463447242975235
0.0384109690785408
0.03836207464337349
0.03831601142883301
0.03827245160937309
0.038231443613767624
0.03819241374731064
0.038155652582645416
0.03812089189887047
0.03808784857392311
0.03805652633309364
0.0380268469452858
0.03799859806895256
0.03797195851802826
0.037946395576000214
0.03792217746376991
0.03789921849966049
0.03787710890173912
0.03785605728626251
0.037835944443941116
0.03781673312187195
0.0377984419465065
0.03778089955449104
0.03776422515511513
0.03774813190102577
0.03773258253931999
0.03771768510341644
0.03770329803228378
0.03768949583172798
0.037676192820072174
0.037663355469703674
0.03765097260475159
0.03763908892869949
0.037627555429935455
0.03761643171310425
0.03760555759072304
0.03759514167904854
0.03758498281240463
0.037575189024209976
0.0375656858086586
0.037556447088718414
0.037547457963228226
0.037538792937994
0.03753034397959709
0.03752212971448898
0.0375140905380249
0.03750632330775261
0.03749876841902733
0.037491414695978165
0.037484169006347656
0.03747713193297386
0.03747023642063141
0.03746357187628746
0.03745705261826515
0.03745056688785553
0.037444256246089935
0.03743813931941986
0.03743204474449158
0.03742603585124016
0.037420231848955154
0.0374145433306694
0.0374089851975441
0.03740345314145088
0.0373980849981308
0.03739278018474579
0.037387553602457047
0.037382517009973526
0.037377454340457916
0.037372518330812454
0.03736770153045654
0.037362948060035706
0.03735819458961487
0.03735357150435448
0.03734903410077095
0.03734453767538071
0.03734016790986061
0.037335824221372604
0.03733154013752937
0.03732730820775032
0.037323083728551865
0.037318967282772064
0.03731488808989525
0.03731080889701843
0.03730682283639908
0.03730291128158569
0.0372990258038044
0.0372951366007328
0.037291381508111954
0.037287648767232895
0.03728395700454712
0.037280235439538956
0.03727659583091736
0.03727303445339203
0.0372694730758667
0.03726591914892197
0.037262436002492905
0.03725898638367653
0.03725554421544075
0.03725218027830124
0.03724885359406471
0.03724557161331177
0.03724217042326927
0.03723890334367752
0.03723568841814995
0.037232618778944016
0.03722941502928734
0.037226248532533646
0.03722311556339264
0.0372200645506382
0.037216946482658386
0.03721390664577484
0.037210945039987564
0.0372079536318779
0.03720497339963913
0.037202004343271255
0.03719912841916084
0.037196192890405655
0.03719330579042435
0.03719045966863632
0.03718765452504158
0.03718484565615654
0.037182070314884186
0.037179239094257355
0.03717655688524246
0.03717377036809921
0.03717104718089104
0.03716835007071495
0.03716570511460304
0.03716296702623367
0.03716031834483147
0.03715760260820389
0.03715509921312332
0.03715240955352783
0.03714988753199577
0.037147216498851776
0.03714471682906151
0.037142135202884674
0.03713966906070709
0.03713710606098175
0.03713475912809372
0.03713219612836838
0.03712986409664154
0.037127383053302765
0.037125155329704285
0.03712259232997894
0.03712043538689613
0.03711797669529915
0.03711593151092529
0.03711345046758652
0.037111494690179825
0.03710898756980896
0.03710712492465973
0.037104569375514984
0.03710275515913963
0.03710012510418892
0.03709837794303894
0.03709576651453972
0.03709407523274422
0.0370914489030838
0.037089698016643524
0.037087101489305496
0.037085361778736115
0.0370827317237854
0.03708095848560333
0.03707827627658844
0.03707639500498772
0.0370737724006176
0.037071920931339264
0.037069279700517654
0.03706744313240051
0.03706493601202965
0.037063226103782654
0.03706080839037895
0.03705914318561554
0.03705669566988945
0.03705530986189842
0.03705307096242905
0.03705188259482384
0.037049420177936554
0.03704825043678284
0.037045594304800034
0.03704432398080826
0.03704163804650307
0.037040334194898605
0.03703760355710983
0.03703621029853821
0.03703349456191063
0.03703208267688751
0.03702947497367859
0.037028100341558456
0.0370255708694458
0.03702427074313164
0.0370216928422451
0.037020616233348846
0.03701823949813843
0.037017349153757095
0.0370149128139019
0.037014201283454895
0.03701164200901985
0.03701092675328255
0.037008076906204224
0.037007302045822144
0.037004441022872925
0.03700375184416771
0.03700088709592819
0.03700007498264313
0.036997269839048386
0.03699623793363571
0.036993443965911865
0.03699237108230591
0.03698943555355072
0.036988504230976105
0.0369858518242836
0.03698496147990227
0.03698242828249931
0.03698168322443962
0.03697902709245682
0.036978643387556076
0.03697606548666954
0.03697580844163895
0.03697321191430092
0.03697291389107704
0.036970142275094986
0.03696998208761215
0.036966994404792786
0.036966513842344284
0.036963388323783875
0.03696287050843239
0.03695971891283989
0.03695911914110184
0.03695618361234665
0.03695586696267128
0.03695317357778549
0.03695298358798027
0.036950383335351944
0.03695063292980194
0.03694774955511093
0.03694789484143257
0.03694482520222664
0.036944590508937836
0.03694113343954086
0.03694073483347893
0.03693734109401703
0.03693688288331032
0.03693372756242752
0.03693351522088051
0.03693084046244621
0.03693108633160591
0.03692849725484848
0.036928996443748474
0.03692619875073433
0.0369267538189888
0.036923278123140335
0.03692306950688362
0.036919254809617996
0.03691864386200905
0.03691523149609566
0.03691473230719566
0.036911725997924805
0.03691202402114868
0.03690967708826065
0.036910973489284515
0.036908701062202454
0.036910317838191986
0.03690742701292038
0.0369083434343338
0.03690411522984505
0.036904226988554
0.03689970076084137
0.03689907118678093
0.036894865334033966
0.03689434006810188
0.03689104691147804
0.03689102083444595
0.03688850626349449
0.036889828741550446
0.03688826784491539
0.036890909075737
0.03688886761665344
0.036891691386699677
0.03688742592930794
0.036888331174850464
0.03688228502869606
0.03688108175992966
0.036875709891319275
0.03687421232461929
0.03686999902129173
0.03686907887458801
0.03686629980802536
0.036866940557956696
0.03686600178480148
0.03687027096748352
0.036871522665023804
0.03687942773103714
0.036877699196338654
0.03688177466392517
0.03687234967947006
0.03686893731355667
0.03685945272445679
0.03685612976551056
0.03685101866722107
0.036848001182079315
0.03684509918093681
0.036842502653598785
0.03684132173657417
0.036839984357357025
0.03684297949075699
0.036846261471509933
0.0368579663336277
0.03686400502920151
0.03687741979956627
0.03686875104904175
0.036867063492536545
0.0368497334420681
0.03684410825371742
0.03683731332421303
0.03683491051197052
0.03683500736951828
0.036835454404354095
0.03684389218688011
0.036849021911621094
0.0368659645318985
0.03686574101448059
0.03687188774347305
0.0368528813123703
0.03684433549642563
0.0368308424949646
0.036827247589826584
0.03682425618171692
0.03682314604520798
0.03682834655046463
0.03683275729417801
0.03685101494193077
0.03685509040951729
0.03687179461121559
0.036856748163700104
0.03685079887509346
0.036829881370067596
0.03682209551334381
0.036815013736486435
0.03681256249547005
0.03681305795907974
0.03681438788771629
0.03682684898376465
0.036833614110946655
0.036856524646282196
0.0368524007499218
0.03685818985104561
0.03683316335082054
0.036821480840444565
0.0368071012198925
0.036803532391786575
0.036802373826503754
0.03680266812443733
0.036813218146562576
0.03682146966457367
0.03684943541884422
0.03685147687792778
0.036867909133434296
0.03684106096625328
0.03682893142104149
0.03680609539151192
0.03679986298084259
0.03679652884602547
0.03679612651467323
0.036804527044296265
0.0368119478225708
0.036840178072452545
0.03684515133500099
0.036870263516902924
0.03684359788894653
0.036833904683589935
0.03680502250790596
0.03679588437080383
0.03679019957780838
0.03678872063755989
0.03679551184177399
0.03680216521024704
0.036831676959991455
0.036842793226242065
0.03688027337193489
0.0368548147380352
0.036851223558187485
0.036811716854572296
0.03679881989955902
0.0367889367043972
0.03678705915808678
0.03679255396127701
0.03679661080241203
0.03682244196534157
0.03683037683367729
0.036865927278995514
0.036848630756139755
0.03685178980231285
0.0368112288415432
0.036794889718294144
0.0367780439555645
0.036774892359972
0.036776233464479446
0.036777667701244354
0.03679786995053291
0.03681037947535515
0.03685435652732849
0.03684954345226288
0.0368715301156044
0.03682650998234749
0.036809392273426056
0.03677938133478165
0.036773473024368286
0.03677048906683922
0.03676946461200714
0.0367823950946331
0.03679187595844269
0.036836177110672
0.036843448877334595
0.03688817098736763
0.03684835135936737
0.036838822066783905
0.036791909486055374
0.03677773475646973
0.0367698110640049
0.036769475787878036
0.03677951544523239
0.03678783029317856
0.03682996332645416
0.03684227168560028
0.036896318197250366
0.036859285086393356
0.036863405257463455
0.036807283759117126
0.036790426820516586
0.03677085414528847
0.03676728904247284
0.03676997870206833
0.03677194565534592
0.036804892122745514
0.03682830184698105
0.036903344094753265
0.03689027577638626
0.036924220621585846
0.03684750944375992
0.0368238240480423
0.03678533062338829
0.03678392246365547
0.03678801655769348
0.036790572106838226
0.036819808185100555
0.03683468699455261
0.03690825030207634
0.03688567131757736
0.03693176805973053
0.036859869956970215
0.03685591742396355
0.03680897876620293
0.03679778054356575
0.03678014501929283
0.036771975457668304
0.03676561266183853
0.03676013648509979
0.03678400069475174
0.03680912032723427
0.036908190697431564
0.03693772479891777
0.037050917744636536
0.036963481456041336
0.036943573504686356
0.036840107291936874
0.036833181977272034
0.036832135170698166
0.03683900833129883
0.036848824471235275
0.03684643283486366
0.036911606788635254
0.0368933230638504
0.036970168352127075
0.036897286772727966
0.03693297505378723
0.036878496408462524
0.03687777370214462
0.03683461248874664
0.03682535141706467
0.03679810091853142
0.0367962121963501
0.036772001534700394
0.036780230700969696
0.03677663952112198
0.03683014586567879
0.036875251680612564
0.03700840473175049
0.03701438754796982
0.03707684203982353
0.03691895678639412
0.03689803183078766
0.036845024675130844
0.036872778087854385
0.03685358166694641
0.03683307766914368
0.036847278475761414
0.036849405616521835
0.036937542259693146
0.03690284863114357
0.037006400525569916
0.036971867084503174
0.03705943375825882
0.03698628395795822
0.03697613254189491
0.03688400611281395
0.03690188005566597
0.036861393600702286
0.036862973123788834
0.036807622760534286
0.036786146461963654
0.03677155449986458
0.036759451031684875
0.03675461560487747
0.03672993928194046
0.03671387955546379
0.036695029586553574
0.03668218106031418
0.036678507924079895
0.036670856177806854
0.03668674826622009
0.03671164810657501
0.03683030232787132
0.03696807473897934
0.037260085344314575
0.037200041115283966
0.03720381110906601
0.03692568838596344
0.036998946219682693
0.037033699452877045
0.03706371784210205
0.036939460784196854
0.03687500208616257
0.036904603242874146
0.036902375519275665
0.03692830353975296
0.03685787320137024
0.036952223628759384
0.03706607222557068
0.037408702075481415
0.037440553307533264
0.0376938134431839
0.037269722670316696
0.03763466700911522
0.03745641931891441
0.038074150681495667
0.037592049688100815
0.03854740411043167
0.038304224610328674
0.040977951139211655
0.03978927806019783
0.046086955815553665
0.04140254855155945
0.053064119070768356
0.04606316611170769
0.060269638895988464
0.05419865995645523
0.07411181926727295
0.06418760865926743
0.08870978653430939
0.07804124057292938
0.1102713868021965
0.0954354926943779
0.11916141211986542
0.11387374997138977
0.13896796107292175
0.13000619411468506
0.14485052227973938
0.14140042662620544
0.14920614659786224
0.1437777578830719
0.14640161395072937
0.13972964882850647
0.13893072307109833
0.13237856328487396
0.13097187876701355
0.1232450008392334
0.12169434130191803
0.11311018466949463
0.11210629343986511
0.10417201370000839
0.10366658866405487
0.09586549550294876
0.09524983167648315
0.08805862069129944
0.08766543865203857
0.08141668885946274
0.08103383332490921
0.07534745335578918
0.07539759576320648
0.0700882077217102
0.07035025954246521
0.06540490686893463
0.06559321284294128
0.06161543354392052
0.06195710226893425
0.05836658179759979
0.05906647816300392
0.05571214109659195
0.05686141178011894
0.053503043949604034
0.05446416884660721
0.05148103088140488
0.05207394063472748
0.04977283999323845
0.05018557980656624
0.048287346959114075
0.048620209097862244
0.046955302357673645
0.047214850783348083
0.04575423151254654
0.04581845551729202
0.044657718390226364
0.04452827200293541
0.043684013187885284
0.04341789335012436
0.04278208315372467
0.04245481267571449
0.042001646012067795
0.041682448238134384
0.04136066883802414
0.041064951568841934
0.040797267109155655
0.040536101907491684
0.04030972719192505
0.0400908999145031
0.03989561274647713
0.03971230611205101
0.0395410880446434
0.03938518464565277
0.039237067103385925
0.039100632071495056
0.03897339105606079
0.038852859288454056
0.03874102234840393
0.03863588720560074
0.03853796422481537
0.038446974009275436
0.038361094892024994
0.03828102722764015
0.03820592910051346
0.038135427981615067
0.03806961700320244
0.038007620722055435
0.03794945403933525
0.03789503872394562
0.037843283265829086
0.03779450058937073
0.03774849697947502
0.037704844027757645
0.037663690745830536
0.03762473911046982
0.037587814033031464
0.03755277022719383
0.03751959651708603
0.03748808801174164
0.03745819255709648
0.037429727613925934
0.037402573972940445
0.037376634776592255
0.03735198453068733
0.03732852637767792
0.03730609267950058
0.03728463500738144
0.03726421669125557
0.037244681268930435
0.037225835025310516
0.037207718938589096
0.037190500646829605
0.03717400133609772
0.03715807944536209
0.037142910063266754
0.03712823987007141
0.037114132195711136
0.03710055351257324
0.037087518721818924
0.037074897438287735
0.03706273436546326
0.037050988525152206
0.037039704620838165
0.03702877461910248
0.03701820969581604
0.037007998675107956
0.03699808567762375
0.03698847442865372
0.03697924688458443
0.03697032108902931
0.036961641162633896
0.036953188478946686
0.036945052444934845
0.03693712130188942
0.03692936524748802
0.03692193329334259
0.0369146391749382
0.036907512694597244
0.03690061345696449
0.03689385578036308
0.0368872731924057
0.03688080236315727
0.036874569952487946
0.036868441849946976
0.03686241805553436
0.03685658797621727
0.03685091435909271
0.036845337599515915
0.036839812994003296
0.036834463477134705
0.0368291437625885
0.03682401776313782
0.036819104105234146
0.03681410849094391
0.0368092842400074
0.03680456802248955
0.03679993003606796
0.03679536655545235
0.03679092973470688
0.0367865115404129
0.036782216280698776
0.03677797317504883
0.036773815751075745
0.03676973283290863
0.036765675991773605
0.03676171600818634
0.03675780072808266
0.03675391897559166
0.036750152707099915
0.036746419966220856
0.036742761731147766
0.03673909604549408
0.03673553839325905
0.036732010543346405
0.036728546023368835
0.03672517091035843
0.03672176972031593
0.036718402057886124
0.03671514242887497
0.0367119126021862
0.03670870512723923
0.0367056168615818
0.03670249506831169
0.03669944033026695
0.03669637814164162
0.03669343516230583
0.03669048100709915
0.036687590181827545
0.03668471798300743
0.036681849509477615
0.03667907416820526
0.036676373332738876
0.036673568189144135
0.03667092323303223
0.03666824847459793
0.03666551038622856
0.036662910133600235
0.03666038066148758
0.036657799035310745
0.03665528446435928
0.036652714014053345
0.03665026277303696
0.03664775192737579
0.0366453155875206
0.036642976105213165
0.03664055094122887
0.036638181656599045
0.036635804921388626
0.03663349524140358
0.03663115203380585
0.03662886098027229
0.03662659600377083
0.03662436828017235
0.03662211447954178
0.0366198904812336
0.03661768510937691
0.036615483462810516
0.036613333970308304
0.03661114349961281
0.03660908713936806
0.03660697489976883
0.036604877561330795
0.036602817475795746
0.036600783467292786
0.03659868985414505
0.036596763879060745
0.03659474477171898
0.03659268841147423
0.03659071773290634
0.03658880293369293
0.036586884409189224
0.03658498823642731
0.03658308833837509
0.036581218242645264
0.03657928854227066
0.03657744079828262
0.03657565265893936
0.03657384589314461
0.036571942269802094
0.03657018393278122
0.03656839206814766
0.03656664490699768
0.03656483441591263
0.036563143134117126
0.03656129539012909
0.03655959293246269
0.0365578718483448
0.036556147038936615
0.036554403603076935
0.03655267506837845
0.03655102103948593
0.03654932975769043
0.036547668278217316
0.036546021699905396
0.03654437139630318
0.036542706191539764
0.03654114156961441
0.03653954342007637
0.03653789684176445
0.036536265164613724
0.036534763872623444
0.036533109843730927
0.03653160110116005
0.036529988050460815
0.03652850165963173
0.036526910960674286
0.03652547299861908
0.036523908376693726
0.03652247041463852
0.03652092069387436
0.03651950880885124
0.036518000066280365
0.03651668131351471
0.03651512414216995
0.03651373088359833
0.036512233316898346
0.03651087358593941
0.03650933876633644
0.03650801256299019
0.03650646656751633
0.03650514408946037
0.0365036278963089
0.03650232031941414
0.036500878632068634
0.03649959713220596
0.03649815917015076
0.03649689257144928
0.03649543970823288
0.036494284868240356
0.036492835730314255
0.03649168834090233
0.036490269005298615
0.036489229649305344
0.036487847566604614
0.036486923694610596
0.03648558631539345
0.036484818905591965
0.03648338466882706
0.036482639610767365
0.036481138318777084
0.036480411887168884
0.03647874295711517
0.03647809848189354
0.03647647425532341
0.03647572919726372
0.036473989486694336
0.03647325932979584
0.036471668630838394
0.036470942199230194
0.036469247192144394
0.036468520760536194
0.03646688908338547
0.036466047167778015
0.03646446764469147
0.03646378591656685
0.036462172865867615
0.036461442708969116
0.036459870636463165
0.036459166556596756
0.036457642912864685
0.03645703196525574
0.03645532578229904
0.03645468130707741
0.03645303472876549
0.03645242750644684
0.036450810730457306
0.036450352519750595
0.03644876554608345
0.03644832596182823
0.03644677624106407
0.0364464707672596
0.03644493222236633
0.036444682627916336
0.03644299507141113
0.03644270449876785
0.03644106164574623
0.03644057735800743
0.03643868863582611
0.036438100039958954
0.03643607720732689
0.03643553704023361
0.03643384575843811
0.036433324217796326
0.03643172234296799
0.03643132001161575
0.03642978519201279
0.036429621279239655
0.036428093910217285
0.03642796725034714
0.036426324397325516
0.03642641007900238
0.036424703896045685
0.03642461448907852
0.03642277419567108
0.036422520875930786
0.0364205427467823
0.03642022982239723
0.03641817346215248
0.03641790896654129
0.03641616553068161
0.03641601651906967
0.03641442582011223
0.03641454502940178
0.036413032561540604
0.03641306236386299
0.03641122579574585
0.03641137480735779
0.036409322172403336
0.03640926629304886
0.03640728071331978
0.036407221108675
0.03640516474843025
0.03640516847372055
0.03640343248844147
0.036403536796569824
0.03640185669064522
0.03640246018767357
0.03640070557594299
0.03640130162239075
0.03639940172433853
0.03639999404549599
0.03639783337712288
0.036397963762283325
0.036395467817783356
0.03639531508088112
0.0363929346203804
0.03639267757534981
0.036390598863363266
0.03639056161046028
0.03638873249292374
0.03638899698853493
0.036387402564287186
0.036388199776411057
0.036386873573064804
0.03638802841305733
0.03638627380132675
0.036387257277965546
0.03638465702533722
0.036384936422109604
0.036381930112838745
0.03638178110122681
0.0363791324198246
0.036379117518663406
0.03637689724564552
0.036377131938934326
0.0363755002617836
0.03637634217739105
0.036374837160110474
0.03637615963816643
0.03637438639998436
0.03637586906552315
0.03637358546257019
0.03637444227933884
0.03637142479419708
0.03637196123600006
0.036369193345308304
0.036369405686855316
0.036366816610097885
0.03636717051267624
0.03636493533849716
0.036365728825330734
0.03636392205953598
0.03636518493294716
0.03636346757411957
0.036364998668432236
0.036362893879413605
0.03636445850133896
0.036361899226903915
0.03636316955089569
0.03635989502072334
0.03636034205555916
0.036357101052999496
0.036357246339321136
0.03635437414050102
0.03635469079017639
0.0363524928689003
0.036353699862957
0.03635210171341896
0.03635433316230774
0.03635319322347641
0.03635657578706741
0.03635449334979057
0.036356937140226364
0.03635327145457268
0.03635399416089058
0.03634921461343765
0.0363488532602787
0.03634481504559517
0.036344632506370544
0.03634173795580864
0.03634250536561012
0.036341212689876556
0.03634430840611458
0.036344580352306366
0.036349985748529434
0.03634936362504959
0.036354221403598785
0.03634928539395332
0.03634951263666153
0.03634184971451759
0.03633970022201538
0.03633420169353485
0.036332085728645325
0.03632866591215134
0.03632691130042076
0.03632451966404915
0.03632296249270439
0.03632117807865143
0.036320868879556656
0.03632057458162308
0.036323871463537216
0.036328062415122986
0.03634044900536537
0.03634811192750931
0.03636336326599121
0.036356985569000244
0.036356277763843536
0.03633956238627434
0.03633425012230873
0.03632723540067673
0.036325059831142426
0.03632523491978645
0.036325883120298386
0.036334507167339325
0.03634069114923477
0.0363580584526062
0.03635912761092186
0.036365218460559845
0.03634774684906006
0.03633885085582733
0.03632606565952301
0.03632322698831558
0.03632194176316261
0.036322347819805145
0.03632998839020729
0.036335766315460205
0.03635486587882042
0.036358244717121124
0.036371663212776184
0.036355022341012955
0.03634646162390709
0.036327995359897614
0.03632234036922455
0.036318548023700714
0.03631782904267311
0.03632313013076782
0.03632824122905731
0.03634697198867798
0.036354128271341324
0.036374788731336594
0.03636255860328674
0.03635833412408829
0.03633301705121994
0.03632383421063423
0.036317065358161926
0.03631635755300522
0.036321308463811874
0.036325808614492416
0.03634447604417801
0.03635132685303688
0.036373816430568695
0.03636164218187332
0.03635745495557785
0.036330610513687134
0.036319997161626816
0.036312978714704514
0.036312371492385864
0.03631768003106117
0.03632231801748276
0.03634181246161461
0.036348696798086166
0.03637203574180603
0.03635835275053978
0.03635624796152115
0.036329686641693115
0.0363183319568634
0.036307547241449356
0.036304619163274765
0.0363057516515255
0.03630777448415756
0.036323174834251404
0.0363343171775341
0.03636616840958595
0.036366187036037445
0.03637892007827759
0.03634663298726082
0.03633042797446251
0.036310259252786636
0.03630661964416504
0.03630780428647995
0.03631031513214111
0.036326467990875244
0.036335792392492294
0.036366671323776245
0.03636297211050987
0.03637345880270004
0.03634103015065193
0.03632574900984764
0.036305639892816544
0.03630109876394272
0.036300648003816605
0.03630179539322853
0.03631719574332237
0.03632926568388939
0.036367155611515045
0.036372046917676926
0.03639530390501022
0.03635907173156738
0.03634008765220642
0.03631036728620529
0.036304280161857605
0.03630434721708298
0.03630686551332474
0.036323629319667816
0.036335401237010956
0.03637314960360527
0.03636906296014786
0.03638847544789314
0.03635146841406822
0.036336034536361694
0.036308277398347855
0.0363013818860054
0.03629884868860245
0.03629854694008827
0.03631287440657616
0.0363256074488163
0.03636886551976204
0.03638283163309097
0.036421701312065125
0.03638457506895065
0.036367565393447876
0.03632182255387306
0.036311425268650055
0.036309655755758286
0.036313124001026154
0.036329030990600586
0.036337338387966156
0.03637805953621864
0.03637610748410225
0.036406829953193665
0.03636791929602623
0.03635654225945473
0.036319684237241745
0.036306895315647125
0.03629893437027931
0.03629657253623009
0.03630291298031807
0.036311209201812744
0.03635114058852196
0.0363771952688694
0.036446910351514816
0.03642851486802101
0.03643810376524925
0.036364175379276276
0.03633907064795494
0.03631921857595444
0.03632345050573349
0.03633570671081543
0.036343544721603394
0.036386847496032715
0.036392565816640854
0.036447715014219284
0.036410488188266754
0.03642265126109123
0.03636597469449043
0.036349106580019
0.03632296994328499
0.03631697967648506
0.03630993515253067
0.036304522305727005
0.03631631284952164
0.03633112460374832
0.03639889508485794
0.03644076734781265
0.03655722737312317
0.03652164712548256
0.0365254282951355
0.036404915153980255
0.036376480013132095
0.036367230117321014
0.03638242557644844
0.03640364482998848
0.03640948235988617
0.036467209458351135
0.03644551709294319
0.0364982895553112
0.03643065318465233
0.03644034266471863
0.036388903856277466
0.03637615218758583
0.03635227307677269
0.03634195402264595
0.03632291778922081
0.036309052258729935
0.036296892911195755
0.036286611109972
0.03627915307879448
0.03627171739935875
0.036283738911151886
0.03630920872092247
0.03639695793390274
0.036482565104961395
0.03667325899004936
0.03663385659456253
0.03665868565440178
0.03645838424563408
0.036447566002607346
0.036449335515499115
0.03647864609956741
0.03649459034204483
0.03648082911968231
0.03654838353395462
0.03651201352477074
0.03658316284418106
0.03647846728563309
0.03650284186005592
0.036460984498262405
0.03648211807012558
0.03645674139261246
0.036448895931243896
0.036417704075574875
0.03644173592329025
0.03642436861991882
0.03647391125559807
0.03644484281539917
0.03652048110961914
0.0365135595202446
0.036585744470357895
0.03652988001704216
0.036519601941108704
0.03643831983208656
0.03643100708723068
0.0363912470638752
0.03638604283332825
0.036355212330818176
0.03633861988782883
0.0363435298204422
0.03634777292609215
0.03641761094331741
0.036453619599342346
0.03663850575685501
0.03668820112943649
0.0368693470954895
0.036689162254333496
0.03661235421895981
0.03648211434483528
0.03654748201370239
0.03655017912387848
0.03652045875787735
0.03648046404123306
0.03646351024508476
0.03655054420232773
0.03652161359786987
0.036656446754932404
0.036627013236284256
0.03683345392346382
0.03680279105901718
0.0369139201939106
0.03672955557703972
0.03672407194972038
0.036600884050130844
0.03668110445141792
0.03663041815161705
0.03661534935235977
0.03651757538318634
0.036510027945041656
0.03654099628329277
0.03665151819586754
0.03676258772611618
0.03716776892542839
0.037193961441516876
0.03791579231619835
0.0372021347284317
0.03798383101820946
0.03744575008749962
0.03876943141222
0.03802639991044998
0.04056026041507721
0.039509572088718414
0.04558757692575455
0.041553378105163574
0.05186669901013374
0.045417677611112595
0.059660397469997406
0.05212056264281273
0.06906475126743317
0.06096398085355759
0.08405275642871857
0.0724218487739563
0.10495857894420624
0.0902770608663559
0.12152457237243652
0.1121271401643753
0.13943110406398773
0.13331200182437897
0.15303996205329895
0.14914177358150482
0.15982894599437714
0.15860538184642792
0.16284318268299103
0.1595465987920761
0.15834550559520721
0.1546137034893036
0.15369293093681335
0.1468518227338791
0.14432232081890106
0.13622233271598816
0.13300108909606934
0.12424738705158234
0.12146894633769989
0.11296621710062027
0.1100287064909935
0.10240140557289124
0.10126850008964539
0.09333505481481552
0.09199274331331253
0.08512327075004578
0.08428243547677994
0.07792691141366959
0.07732684910297394
0.07196561992168427
0.07111409306526184
0.06665917485952377
0.06621327251195908
0.06215093284845352
0.06228465959429741
0.05851589888334274
0.058910418301820755
0.055586591362953186
0.05625172331929207
0.05321162939071655
0.054039232432842255
0.051171060651540756
0.05176284909248352
0.049429751932621
0.0497344508767128
0.04780308157205582
0.04792586714029312
0.0464501716196537
0.0463799387216568
0.045182958245277405
0.044970106333494186
0.04401934891939163
0.04370202496647835
0.04301018640398979
0.042636360973119736
0.04214044287800789
0.041782524436712265
0.04142451658844948
0.04109002277255058
0.04080457240343094
0.040510814636945724
0.04025960713624954
0.040015701204538345
0.03979828581213951
0.039596837013959885
0.03940510004758835
0.0392332561314106
0.039069607853889465
0.03891855105757713
0.03877919912338257
0.038647618144750595
0.03852638229727745
0.038412969559431076
0.038306258618831635
0.038207195699214935
0.03811364993453026
0.038026515394449234
0.03794500604271889
0.03786811977624893
0.03779631853103638
0.03772888705134392
0.03766537830233574
0.03760567307472229
0.03754936531186104
0.03749658912420273
0.03744696080684662
0.037399932742118835
0.0373554527759552
0.037313394248485565
0.03727357089519501
0.03723597526550293
0.03720052167773247
0.0371670164167881
0.03713519871234894
0.037104908376932144
0.037076376378536224
0.037049099802970886
0.037023115903139114
0.03699841350317001
0.03697485849261284
0.03695245832204819
0.036931112408638
0.03691066429018974
0.03689117357134819
0.03687254339456558
0.036854568868875504
0.036837343126535416
0.0368209183216095
0.03680511936545372
0.0367899052798748
0.0367753803730011
0.036761343479156494
0.03674790635704994
0.03673502802848816
0.036722585558891296
0.036710675805807114
0.03669912740588188
0.03668803721666336
0.03667737543582916
0.03666697442531586
0.03665701672434807
0.0366472564637661
0.03663787618279457
0.0366288460791111
0.0366201177239418
0.036611609160900116
0.036603376269340515
0.03659540414810181
0.03658764436841011
0.036580175161361694
0.03657294064760208
0.036565836519002914
0.03655897080898285
0.03655227646231651
0.03654579445719719
0.03653941676020622
0.036533184349536896
0.03652721643447876
0.0365213118493557
0.03651558980345726
0.03650996834039688
0.036504507064819336
0.03649916499853134
0.036493927240371704
0.03648886829614639
0.036483895033597946
0.036479003727436066
0.03647425025701523
0.036469560116529465
0.036464985460042953
0.03646048903465271
0.036456067115068436
0.0364517942070961
0.036447592079639435
0.03644341602921486
0.03643934801220894
0.036435335874557495
0.03643139451742172
0.03642759844660759
