# lbfgs, lr=0.8, alpha = 1000000, beta = 0.1
# best_iter: 99, best_loss = 0.17256906628608704, imsave period = 10
15.819279670715332
0.9662705659866333
0.46902787685394287
0.3447803556919098
0.2948530316352844
0.2650057077407837
0.24580487608909607
0.23147495090961456
0.21950596570968628
0.2085772156715393
0.1998453587293625
0.19280117750167847
0.18778078258037567
0.18431441485881805
0.1819479912519455
0.1803569495677948
0.1792808324098587
0.17852239310741425
0.17795750498771667
0.17752590775489807
0.1771785020828247
0.17688792943954468
0.1766359657049179
0.17641252279281616
0.17621709406375885
0.1760442852973938
0.1758846938610077
0.17574237287044525
0.17561078071594238
0.17548881471157074
0.17537496984004974
0.17526963353157043
0.175169438123703
0.1750759333372116
0.174985870718956
0.17490176856517792
0.17482002079486847
0.1747426986694336
0.17466843128204346
0.1745973825454712
0.17453047633171082
0.17446595430374146
0.1744036078453064
0.17434494197368622
0.17428816854953766
0.17423245310783386
0.17418022453784943
0.1741279810667038
0.17407813668251038
0.17402884364128113
0.1739812195301056
0.17393429577350616
0.17388924956321716
0.17384491860866547
0.17380192875862122
0.17375966906547546
0.17371845245361328
0.17367863655090332
0.17363974452018738
0.17360171675682068
0.17356492578983307
0.1735289841890335
0.17349381744861603
0.17345933616161346
0.17342565953731537
0.1733924299478531
0.17336009442806244
0.17332834005355835
0.17329680919647217
0.1732664704322815
0.17323653399944305
0.17320692539215088
0.17317815124988556
0.17315012216567993
0.17312201857566833
0.173095241189003
0.17306886613368988
0.17304307222366333
0.17301751673221588
0.1729927957057953
0.17296822369098663
0.17294442653656006
0.17292030155658722
0.1728964000940323
0.1728729009628296
0.1728498637676239
0.17282778024673462
0.17280560731887817
0.17278409004211426
0.1727626472711563
0.1727418303489685
0.17272165417671204
0.1727013736963272
0.17268148064613342
0.17266225814819336
0.17264336347579956
0.17262455821037292
0.17260563373565674
0.1725872904062271
0.17256906628608704
