# lbfgs, lr=0.8, alpha = 1000000, beta = 0.1
# best_iter: 99, best_loss = 0.037220198661088943, imsave period = 10
6.377505779266357
0.48540768027305603
0.2284592092037201
0.13158279657363892
0.08316566795110703
0.06095988303422928
0.05223880708217621
0.04795433208346367
0.04581374302506447
0.04433756694197655
0.043342191725969315
0.04251547157764435
0.04190467298030853
0.04136035963892937
0.04091893509030342
0.04057524353265762
0.04028795659542084
0.04004552215337753
0.039831262081861496
0.03964411839842796
0.03947453573346138
0.03932338207960129
0.03918585553765297
0.03906409442424774
0.03894851729273796
0.038842715322971344
0.038744695484638214
0.03865089267492294
0.03856277838349342
0.03847961127758026
0.03840195760130882
0.03833050653338432
0.03826461732387543
0.03820363059639931
0.03814516216516495
0.038092173635959625
0.03804488480091095
0.038000915199518204
0.03795839846134186
0.0379190631210804
0.03788185119628906
0.037847667932510376
0.03781513497233391
0.03778570145368576
0.037755683064460754
0.037752922624349594
0.03770846128463745
0.03767560049891472
0.037658385932445526
0.037638746201992035
0.03761671483516693
0.03759590908885002
0.0375777967274189
0.0375601127743721
0.03753507137298584
0.037516575306653976
0.03750530257821083
0.03748960420489311
0.03747589886188507
0.03746328875422478
0.03744789958000183
0.037438493221998215
0.03742353618144989
0.037415001541376114
0.03740384429693222
0.03739408776164055
0.0373840257525444
0.0373750776052475
0.03736695647239685
0.037358835339546204
0.03735198825597763
0.03734442591667175
0.037337884306907654
0.03733033314347267
0.03732340410351753
0.03731836751103401
0.03733988478779793
0.03730752691626549
0.03729890659451485
0.0372939258813858
0.037289053201675415
0.03728469833731651
0.03729045018553734
0.03727348893880844
0.03727055713534355
0.03726670518517494
0.037261299788951874
0.037256840616464615
0.03725350648164749
0.03724971041083336
0.037246521562337875
0.037243254482746124
0.037250932306051254
0.03723540157079697
0.03723558783531189
0.03723113238811493
0.03722641244530678
0.03722377493977547
0.037222400307655334
0.037220198661088943
