# adam, lr=0.01, alpha = 1000000, beta = 0.1
# best_iter: 2993, best_loss = 0.055088698863983154, imsave period = 300
9.354694366455078
6.491411209106445
4.083065032958984
2.9813461303710938
2.6729159355163574
2.259730577468872
1.9042072296142578
1.7106282711029053
1.5520715713500977
1.3984642028808594
1.2782840728759766
1.189232587814331
1.1117185354232788
1.0406500101089478
0.9781803488731384
0.9198493361473083
0.8613253235816956
0.8049191236495972
0.7541530132293701
0.7087078094482422
0.6670840978622437
0.6291479468345642
0.5946856737136841
0.5624006986618042
0.5319591164588928
0.5040205121040344
0.4787588119506836
0.4556690454483032
0.4344903230667114
0.41513824462890625
0.39735594391822815
0.3808232247829437
0.3655858337879181
0.351674348115921
0.3389207124710083
0.3271467983722687
0.3163204789161682
0.306315541267395
0.2969857454299927
0.2883020043373108
0.28025221824645996
0.27275601029396057
0.26572346687316895
0.2591334283351898
0.2529469430446625
0.24712368845939636
0.24163039028644562
0.23645856976509094
0.23157770931720734
0.22696538269519806
0.2226106822490692
0.21848560869693756
0.21456989645957947
0.21085037291049957
0.20731210708618164
0.20395243167877197
0.200761616230011
0.19772730767726898
0.19483762979507446
0.1920779049396515
0.18944790959358215
0.18694353103637695
0.18455351889133453
0.18227027356624603
0.18008597195148468
0.1779947131872177
0.1759961098432541
0.17407937347888947
0.1722409874200821
0.17047762870788574
0.1687813252210617
0.16714662313461304
0.16557013988494873
0.16404776275157928
0.1625758707523346
0.16115471720695496
0.15978188812732697
0.15845413506031036
0.15716664493083954
0.15592032670974731
0.15471139550209045
0.15353789925575256
0.15239986777305603
0.1512952595949173
0.15022176504135132
0.14917831122875214
0.14816343784332275
0.1471741795539856
0.14621087908744812
0.14527307450771332
0.14435967803001404
0.1434686928987503
0.14259876310825348
0.14175039529800415
0.14092124998569489
0.14011147618293762
0.13932105898857117
0.13854652643203735
0.13779008388519287
0.13705097138881683
0.13632667064666748
0.13561846315860748
0.13492503762245178
0.13424541056156158
0.13357967138290405
0.1329290270805359
0.13228964805603027
0.13166435062885284
0.13105091452598572
0.13044758141040802
0.12985579669475555
0.12927491962909698
0.12870410084724426
0.1281431019306183
0.12759186327457428
0.1270495504140854
0.1265161782503128
0.12599198520183563
0.1254763901233673
0.12496873736381531
0.12446915358304977
0.12397705018520355
0.12349309772253036
0.12301750481128693
0.12254755198955536
0.12208478152751923
0.12162967026233673
0.12118136882781982
0.12073881924152374
0.1203029453754425
0.11987389624118805
0.11945010721683502
0.11903281509876251
0.11862106621265411
0.11821508407592773
0.1178150624036789
0.11742009222507477
0.11703035980463028
0.11664491891860962
0.1162651777267456
0.11589040607213974
0.11552020162343979
0.11515471339225769
0.11479432135820389
0.11443780362606049
0.11408600211143494
0.11373844742774963
0.11339467018842697
0.1130555272102356
0.11272009462118149
0.1123887449502945
0.11206115037202835
0.11173801124095917
0.1114179939031601
0.11110161244869232
0.1107887327671051
0.11047936975955963
0.11017383635044098
0.10987193882465363
0.10957314074039459
0.1092776283621788
0.10898563265800476
0.10869664698839188
0.10841075330972672
0.10812769830226898
0.10784773528575897
0.10757075250148773
0.10729655623435974
0.1070253774523735
0.10675704479217529
0.10649122297763824
0.10622857511043549
0.10596838593482971
0.10571099817752838
0.10545602440834045
0.1052040308713913
0.10495385527610779
0.10470603406429291
0.10446100682020187
0.10421799123287201
0.10397712886333466
0.10373876988887787
0.10350292921066284
0.10326941311359406
0.10303732752799988
0.10280810296535492
0.10258104652166367
0.10235589742660522
0.10213311016559601
0.1019122302532196
0.1016933023929596
0.1014765053987503
0.10126146674156189
0.10104851424694061
0.1008373498916626
0.10062844306230545
0.10042145848274231
0.1002163365483284
0.10001298040151596
0.09981149435043335
0.09961158037185669
0.09941358864307404
0.09921710193157196
0.09902261942625046
0.09882975369691849
0.0986386388540268
0.0984492152929306
0.098261259496212
0.09807530045509338
0.09789110720157623
0.09770822525024414
0.09752711653709412
0.09734794497489929
0.0971701443195343
0.0969935953617096
0.0968187004327774
0.09664538502693176
0.09647320210933685
0.09630279988050461
0.0961337685585022
0.09596613049507141
0.09579970687627792
0.09563466161489487
0.09547096490859985
0.09530879557132721
0.09514763951301575
0.09498777240514755
0.09482929110527039
0.09467224776744843
0.09451620280742645
0.09436120092868805
0.0942077711224556
0.09405532479286194
0.09390400350093842
0.09375393390655518
0.09360508620738983
0.09345711767673492
0.09331025183200836
0.09316474199295044
0.09302029013633728
0.09287676960229874
0.09273453056812286
0.09259326010942459
0.09245295822620392
0.09231393784284592
0.09217581152915955
0.09203861653804779
0.09190259873867035
0.09176766872406006
0.09163331985473633
0.09150045365095139
0.09136860072612762
0.0912373960018158
0.09110718220472336
0.09097809344530106
0.09084989130496979
0.09072239696979523
0.09059576690196991
0.09047016501426697
0.0903453379869461
0.0902215987443924
0.09009859710931778
0.08997645229101181
0.08985531330108643
0.08973480761051178
0.08961545675992966
0.0894966870546341
0.08937883377075195
0.08926182985305786
0.08914580941200256
0.08903028815984726
0.08891583979129791
0.08880222588777542
0.08868910372257233
0.08857695758342743
0.0884656310081482
0.0883549302816391
0.08824512362480164
0.08813585340976715
0.0880274549126625
0.08791974931955338
0.08781279623508453
0.08770661056041718
0.08760106563568115
0.08749637007713318
0.0873923972249031
0.08728897571563721
0.08718612790107727
0.087084099650383
0.08698269724845886
0.08688187599182129
0.08678167313337326
0.08668221533298492
0.08658324927091599
0.08648492395877838
0.08638712763786316
0.08628997206687927
0.0861935168504715
0.08609756827354431
0.08600229769945145
0.08590736985206604
0.08581330627202988
0.08571958541870117
0.08562659472227097
0.0855342447757721
0.08544235676527023
0.08535102009773254
0.08526040613651276
0.0851702094078064
0.0850803554058075
0.08499136567115784
0.08490275591611862
0.0848146602511406
0.08472715318202972
0.08464027941226959
0.08455362170934677
0.08446753770112991
0.0843818262219429
0.08429696410894394
0.08421221375465393
0.08412811905145645
0.08404447138309479
0.08396115899085999
0.08387847244739532
0.08379614353179932
0.08371409773826599
0.08363241702318192
0.0835513025522232
0.08347070962190628
0.08339027315378189
0.08331042528152466
0.08323094993829727
0.08315196633338928
0.08307322859764099
0.08299493789672852
0.08291716873645782
0.08283957093954086
0.08276274055242538
0.08268596231937408
0.08260978758335114
0.08253388106822968
0.08245839178562164
0.08238334208726883
0.08230866491794586
0.0822344571352005
0.08216043561697006
0.08208693563938141
0.08201366662979126
0.08194088935852051
0.08186829090118408
0.08179616928100586
0.08172436058521271
0.08165290951728821
0.08158187568187714
0.08151119202375412
0.08144084364175797
0.08137080073356628
0.08130110055208206
0.08123166859149933
0.08116266131401062
0.08109390735626221
0.08102567493915558
0.0809575766324997
0.08088978379964828
0.0808224007487297
0.08075523376464844
0.08068853616714478
0.08062203973531723
0.08055590093135834
0.08049005270004272
0.08042439073324203
0.08035917580127716
0.08029422909021378
0.08022959530353546
0.08016525954008102
0.08010105043649673
0.08003724366426468
0.07997382432222366
0.07991057634353638
0.07984758168458939
0.07978495210409164
0.0797225832939148
0.0796603411436081
0.07959851622581482
0.07953698933124542
0.07947573810815811
0.07941458374261856
0.07935381680727005
0.07929352670907974
0.07923330366611481
0.07917330414056778
0.07911355048418045
0.07905420660972595
0.07899492979049683
0.07893592119216919
0.07887710630893707
0.07881856709718704
0.07876028120517731
0.07870222628116608
0.07864442467689514
0.07858692854642868
0.07852967828512192
0.07847271114587784
0.07841581106185913
0.0783592239022255
0.07830290496349335
0.07824689894914627
0.07819090038537979
0.07813519239425659
0.07807987183332443
0.07802460342645645
0.07796981930732727
0.07791497558355331
0.07786041498184204
0.07780613005161285
0.07775214314460754
0.07769826054573059
0.07764467597007751
0.07759130746126175
0.07753810286521912
0.0774850845336914
0.07743239402770996
0.0773797407746315
0.07732735574245453
0.07727514952421188
0.07722324877977371
0.07717138528823853
0.0771198719739914
0.07706848531961441
0.07701721042394638
0.07696619629859924
0.07691547274589539
0.07686484605073929
0.07681442052125931
0.07676413655281067
0.07671408355236053
0.07666425406932831
0.07661467790603638
0.07656518369913101
0.07651606947183609
0.07646699249744415
0.07641811668872833
0.07636941969394684
0.07632099837064743
0.07627269625663757
0.07622461766004562
0.07617668062448502
0.07612890750169754
0.07608141005039215
0.07603402435779572
0.075986847281456
0.07593987137079239
0.07589300721883774
0.07584627717733383
0.0757998526096344
0.07575350254774094
0.07570748776197433
0.07566150277853012
0.07561558485031128
0.07556994259357452
0.07552443444728851
0.07547910511493683
0.0754338875412941
0.07538889348506927
0.07534400373697281
0.07529942691326141
0.07525485754013062
0.07521039992570877
0.07516619563102722
0.07512214034795761
0.07507829368114471
0.07503451406955719
0.07499101758003235
0.07494758069515228
0.07490435987710953
0.07486111670732498
0.07481832057237625
0.0747753381729126
0.07473268359899521
0.07469014823436737
0.07464782893657684
0.07460568845272064
0.07456360012292862
0.07452185451984406
0.07448005676269531
0.07443863153457642
0.07439715415239334
0.07435605674982071
0.07431498169898987
0.07427383959293365
0.07423315942287445
0.07419238984584808
0.07415170967578888
0.07411137968301773
0.07407116144895554
0.07403093576431274
0.07399081438779831
0.07395093142986298
0.07391121983528137
0.07387161254882812
0.07383203506469727
0.0737927183508873
0.0737534910440445
0.07371437549591064
0.07367538660764694
0.07363651692867279
0.07359780371189117
0.0735592320561409
0.07352088391780853
0.07348249107599258
0.07344423234462738
0.0734061747789383
0.07336810976266861
0.07333031296730042
0.07329270243644714
0.07325495779514313
0.07321754097938538
0.07318004220724106
0.07314277440309525
0.07310561835765839
0.07306872308254242
0.0730317085981369
0.07299491763114929
0.0729583129286766
0.07292157411575317
0.07288512587547302
0.07284881174564362
0.07281254976987839
0.07277654111385345
0.07274040579795837
0.07270447909832001
0.07266865670681
0.07263290137052536
0.07259728759527206
0.07256170362234116
0.07252630591392517
0.07249107956886292
0.07245582342147827
0.07242071628570557
0.07238563895225525
0.07235078513622284
0.07231602072715759
0.07228119671344757
0.07224658131599426
0.07221227884292603
0.0721779614686966
0.07214359194040298
0.07210949063301086
0.07207562029361725
0.07204172015190125
0.0720079317688942
0.07197421789169312
0.07194054126739502
0.07190704345703125
0.07187361270189285
0.07184026390314102
0.07180706411600113
0.07177404314279556
0.07174082100391388
0.07170788943767548
0.07167518883943558
0.0716424435377121
0.07160972058773041
0.07157732546329498
0.07154479622840881
0.07151249051094055
0.07148027420043945
0.07144816964864731
0.07141625881195068
0.07138440012931824
0.07135259360074997
0.07132097333669662
0.07128937542438507
0.07125788182020187
0.0712265893816948
0.07119534909725189
0.07116404920816422
0.07113295793533325
0.07110212743282318
0.0710710734128952
0.07104025036096573
0.071009561419487
0.07097892463207245
0.07094842195510864
0.07091815024614334
0.07088766992092133
0.07085740566253662
0.07082740217447281
0.07079728692770004
0.070767343044281
0.0707375556230545
0.07070781290531158
0.07067804038524628
0.07064845412969589
0.07061885297298431
0.07058945298194885
0.07056006044149399
0.07053074240684509
0.07050150632858276
0.07047251611948013
0.07044349610805511
0.07041460275650024
0.07038582116365433
0.07035714387893677
0.07032845914363861
0.07029996067285538
0.07027149945497513
0.07024309784173965
0.07021471112966537
0.07018652558326721
0.07015840709209442
0.07013039290904999
0.07010252773761749
0.07007454335689545
0.07004676014184952
0.07001914083957672
0.06999139487743378
0.06996385753154755
0.06993637979030609
0.06990892440080643
0.06988152116537094
0.06985434889793396
0.06982704997062683
0.06979988515377045
0.06977289170026779
0.06974580883979797
0.06971898674964905
0.06969203054904938
0.06966522336006165
0.06963854283094406
0.06961199641227722
0.06958533823490143
0.06955883651971817
0.06953249126672745
0.06950612366199493
0.06947998702526093
0.06945383548736572
0.06942763924598694
0.06940165162086487
0.06937569379806519
0.0693497434258461
0.06932387501001358
0.06929817795753479
0.06927251070737839
0.06924688071012497
0.06922134011983871
0.0691959336400032
0.06917054206132889
0.0691450834274292
0.06911986321210861
0.0690946877002716
0.06906953454017639
0.06904442608356476
0.06901934742927551
0.06899444013834
0.06896958500146866
0.06894471496343613
0.06891996413469315
0.06889532506465912
0.06887068599462509
0.06884603202342987
0.06882151961326599
0.06879714876413345
0.06877275556325912
0.06874856352806091
0.06872427463531494
0.0687001645565033
0.06867600977420807
0.06865203380584717
0.06862803548574448
0.06860430538654327
0.06858041137456894
0.06855660676956177
0.06853294372558594
0.06850926578044891
0.06848573684692383
0.06846225261688232
0.06843887269496918
0.06841543316841125
0.06839213520288467
0.06836885958909988
0.06834572553634644
0.06832260638475418
0.06829944998025894
0.06827634572982788
0.06825345009565353
0.06823061406612396
0.06820773333311081
0.06818489730358124
0.06816224008798599
0.06813955307006836
0.06811688840389252
0.06809442490339279
0.0680718943476677
0.06804943829774857
0.0680270791053772
0.06800486147403717
0.06798248738050461
0.06796029210090637
0.06793825328350067
0.0679161474108696
0.06789404153823853
0.06787201017141342
0.06785016506910324
0.0678282305598259
0.06780651956796646
0.06778477132320404
0.06776294112205505
0.06774130463600159
0.06771975010633469
0.06769832968711853
0.06767676770687103
0.06765535473823547
0.06763403117656708
0.06761261820793152
0.06759133189916611
0.06757019460201263
0.06754900515079498
0.0675279051065445
0.06750697642564774
0.06748587638139725
0.06746485829353333
0.06744404137134552
0.06742328405380249
0.06740246713161469
0.06738178431987762
0.06736107170581818
0.06734036654233932
0.06731986999511719
0.06729933619499207
0.06727884709835052
0.06725841760635376
0.06723806262016296
0.0672178864479065
0.06719759106636047
0.06717750430107117
0.06715729832649231
0.06713709980249405
0.06711717694997787
0.06709711998701096
0.06707720458507538
0.0670572817325592
0.0670374408364296
0.06701762229204178
0.0669979378581047
0.06697812676429749
0.06695844978094101
0.06693888455629349
0.0669192522764206
0.06689975410699844
0.06688027083873749
0.06686079502105713
0.06684142351150513
0.06682204455137253
0.06680285930633545
0.06678353995084763
0.06676432490348816
0.06674521416425705
0.0667262002825737
0.06670702248811722
0.06668801605701447
0.06666910648345947
0.06665005534887314
0.06663110107183456
0.06661222130060196
0.06659331172704697
0.06657449901103973
0.0665556788444519
0.06653698533773422
0.06651827692985535
0.06649965792894363
0.06648106873035431
0.06646260619163513
0.06644408404827118
0.06642565131187439
0.06640724837779999
0.06638883799314499
0.06637056171894073
0.06635208427906036
0.06633386015892029
0.0663156732916832
0.06629753857851028
0.06627938896417618
0.06626120954751968
0.06624318659305573
0.06622522324323654
0.06620714068412781
0.06618919968605042
0.06617118418216705
0.06615334004163742
0.06613558530807495
0.06611772626638412
0.06609991937875748
0.0660821869969368
0.06606454402208328
0.06604693830013275
0.06602932512760162
0.0660116970539093
0.0659942552447319
0.06597680598497391
0.0659593939781189
0.06594213098287582
0.06592469662427902
0.0659075677394867
0.065890371799469
0.06587313115596771
0.06585600227117538
0.06583892554044724
0.06582173705101013
0.06580474227666855
0.06578784435987473
0.06577081978321075
0.06575392931699753
0.06573709845542908
0.06572029739618301
0.0657033920288086
0.06568662077188492
0.06567006558179855
0.06565339863300323
0.06563687324523926
0.06562032550573349
0.06560376286506653
0.06558726727962494
0.0655706524848938
0.06555427610874176
0.06553786993026733
0.06552150100469589
0.065505251288414
0.06548891216516495
0.06547272950410843
0.0654565691947937
0.06544029712677002
0.06542427092790604
0.06540809571743011
0.06539195775985718
0.06537599116563797
0.0653599202632904
0.06534388661384583
0.06532799452543259
0.06531213223934174
0.0652962327003479
0.06528042256832123
0.06526457518339157
0.06524882465600967
0.06523316353559494
0.065217524766922
0.06520190834999084
0.06518636643886566
0.06517064571380615
0.06515509635210037
0.06513947993516922
0.06512399762868881
0.06510845571756363
0.0650930106639862
0.06507749110460281
0.06506215035915375
0.06504685431718826
0.06503154337406158
0.06501612067222595
0.0650009736418724
0.06498575210571289
0.06497051566839218
0.06495548039674759
0.06494037806987762
0.06492529064416885
0.0649101585149765
0.0648951530456543
0.06488019973039627
0.06486522406339645
0.06485017389059067
0.06483542919158936
0.06482065469026566
0.06480558961629868
0.06479071825742722
0.06477589905261993
0.06476117670536041
0.06474645435810089
0.06473182141780853
0.06471698731184006
0.0647023394703865
0.06468775123357773
0.06467315554618835
0.06465848535299301
0.06464393436908722
0.0646294504404068
0.06461489200592041
0.06460054218769073
0.06458605080842972
0.06457161903381348
0.06455719470977783
0.06454282253980637
0.06452851742506027
0.06451421976089478
0.06449991464614868
0.06448574364185333
0.06447141617536545
0.06445713341236115
0.06444300711154938
0.06442895531654358
0.06441474705934525
0.06440068781375885
0.06438653916120529
0.0643724873661995
0.06435845792293549
0.06434453278779984
0.06433046609163284
0.06431657075881958
0.06430263072252274
0.06428869068622589
0.06427481770515442
0.06426090002059937
0.06424705684185028
0.06423334032297134
0.06421956419944763
0.06420581787824631
0.06419207900762558
0.06417842209339142
0.06416480988264084
0.0641513392329216
0.06413780897855759
0.06412451714277267
0.06411128491163254
0.06409826874732971
0.06408526748418808
0.06407257914543152
0.06405986100435257
0.06404758989810944
0.06403512507677078
0.0640227273106575
0.0640099048614502
0.06399695575237274
0.06398366391658783
0.0639701783657074
0.06395643949508667
0.06394254416227341
0.0639287680387497
0.06391502171754837
0.06390155851840973
0.06388820707798004
0.06387507170438766
0.06386226415634155
0.06384949386119843
0.06383714079856873
0.06382489204406738
0.06381313502788544
0.06380154192447662
0.06379003822803497
0.06377864629030228
0.06376688182353973
0.0637546181678772
0.06374169141054153
0.06372813135385513
0.06371413171291351
0.06370006501674652
0.06368594616651535
0.06367214024066925
0.06365848332643509
0.0636453926563263
0.06363250315189362
0.06361998617649078
0.06360813230276108
0.06359682232141495
0.06358657777309418
0.06357727944850922
0.06356886774301529
0.06356106698513031
0.06355265527963638
0.06354305893182755
0.0635300800204277
0.06351493299007416
0.06349709630012512
0.06348009407520294
0.06346312910318375
0.06344811618328094
0.06343358755111694
0.0634199008345604
0.06340666115283966
0.06339369714260101
0.0633809044957161
0.06336836516857147
0.06335620582103729
0.06334489583969116
0.0633348822593689
0.0633273497223854
0.06332302838563919
0.06332338601350784
0.0633285790681839
0.06333410739898682
0.0633370652794838
0.06332556158304214
0.06330455094575882
0.06327123194932938
0.06324132531881332
0.06321774423122406
0.06320388615131378
0.06319577991962433
0.0631931722164154
0.06319607049226761
0.0632048100233078
0.0632195919752121
0.06322906166315079
0.06323032826185226
0.06320644915103912
0.0631694346666336
0.06312353909015656
0.06309131532907486
0.06307361274957657
0.06306903809309006
0.06307176500558853
0.06308004260063171
0.06309421360492706
0.06310757994651794
0.0631181001663208
0.06310723721981049
0.06308023631572723
0.06303320080041885
0.06298954784870148
0.06295641511678696
0.06294145435094833
0.06293795257806778
0.0629429817199707
0.06295603513717651
0.06297548115253448
0.06300191581249237
0.06301982700824738
0.06302448362112045
0.06299519538879395
0.06294438987970352
0.06288158148527145
0.06283703446388245
0.0628155916929245
0.06281497329473495
0.06282532215118408
0.06284087896347046
0.06286153197288513
0.06287763267755508
0.06288828700780869
0.06287544220685959
0.0628449097275734
0.06279203295707703
0.0627417117357254
0.06270216405391693
0.06268244236707687
0.06267670542001724
0.06268113106489182
0.06269543617963791
0.06272005289793015
0.06275943666696548
0.06280111521482468
0.06284096837043762
0.06284160912036896
0.06280472129583359
0.06272094696760178
0.06263747066259384
0.06257928162813187
0.06256508827209473
0.06257928907871246
0.06260667741298676
0.06263969838619232
0.06266611069440842
0.06268475949764252
0.06267336010932922
0.06263905018568039
0.06257546693086624
0.06251214444637299
0.06246263161301613
0.06243954598903656
0.062435634434223175
0.062445491552352905
0.062469057738780975
0.06250666826963425
0.06256596744060516
0.06263156235218048
0.0626964420080185
0.06271050870418549
0.06266762316226959
0.06255491822957993
0.06243634968996048
0.06235406547784805
0.062340181320905685
0.062370963394641876
0.06241747364401817
0.06246679276227951
0.062496572732925415
0.0625043660402298
0.062469154596328735
0.06240711361169815
0.06232559680938721
0.06226036697626114
0.062221355736255646
0.06221136450767517
0.06222008913755417
0.06224268674850464
0.062282755970954895
0.062339190393686295
0.062417708337306976
0.06249014288187027
0.06254380196332932
0.0625247061252594
0.062438592314720154
0.06229365989565849
0.06217248737812042
0.062116142362356186
0.062131159007549286
0.062182556837797165
0.06224057823419571
0.0622948482632637
0.06231793388724327
0.06230803206562996
0.06224840134382248
0.06216634064912796
0.06207726150751114
0.062018055468797684
0.061991140246391296
0.06199236214160919
0.06201121583580971
0.062045011669397354
0.06210196390748024
0.06217999756336212
0.0622844398021698
0.06237735599279404
0.06243722885847092
0.062394190579652786
0.06226644292473793
0.06208081915974617
0.06195017322897911
0.061910562217235565
0.06195142865180969
0.062025293707847595
0.06209118664264679
0.06214023381471634
0.062138065695762634
0.062091149389743805
0.06199634075164795
0.0618986040353775
0.06182090565562248
0.06178697198629379
0.06178673729300499
0.06180921196937561
0.061852507293224335
0.06191960722208023
0.06202205643057823
0.06214335560798645
0.06227295473217964
0.06234017014503479
0.062311410903930664
0.06214960664510727
0.06193893030285835
0.061765991151332855
0.061719536781311035
0.06177203357219696
0.06186441332101822
0.06195218116044998
0.06199268996715546
0.061981450766325
0.06190218776464462
0.06179302558302879
0.06168246641755104
0.06161487102508545
0.06159088760614395
0.06160202622413635
0.0616362988948822
0.061691731214523315
0.061784274876117706
0.06190846860408783
0.06207464635372162
0.06222233548760414
0.062304697930812836
0.062225230038166046
0.06201016530394554
0.06173570454120636
0.0615718811750412
0.0615573525428772
0.06165146082639694
0.06177130341529846
0.06184428185224533
0.061856709420681
0.061780139803886414
0.06165733560919762
0.06152500957250595
0.061443790793418884
0.06141645833849907
0.061433345079422
0.06147780641913414
0.06154363229870796
0.061645008623600006
0.06177288293838501
0.06192798167467117
0.06204061955213547
0.06207020953297615
0.061947017908096313
0.06172524765133858
0.06148592010140419
0.06136399507522583
0.06137209013104439
0.0614621639251709
0.06157251447439194
0.06164661794900894
0.061675094068050385
0.06162483990192413
0.06152363494038582
0.06139199808239937
0.06128888577222824
0.06123104691505432
0.06122351810336113
0.06124785169959068
0.06129467487335205
0.06137171760201454
0.06148046255111694
0.06163512170314789
0.06179574131965637
0.06192847713828087
0.06193692982196808
0.06180531904101372
0.061540376394987106
0.06130063906311989
0.06117728725075722
0.06120540574193001
0.06131622940301895
0.06143531948328018
0.06153357774019241
0.06155707687139511
0.061510518193244934
0.06138022989034653
0.06123395636677742
0.06111069768667221
0.06105771288275719
0.06105866655707359
0.061096545308828354
0.06116306036710739
0.06125520169734955
0.06139558553695679
0.06156333163380623
0.061742160469293594
0.061839982867240906
0.06180481240153313
0.06158548966050148
0.06130564585328102
0.06107107922434807
0.06101030111312866
0.06107965484261513
0.06120615452528
0.061338819563388824
0.06141405552625656
0.06142894923686981
0.0613437257707119
0.06119627505540848
0.0610288605093956
0.060922376811504364
0.06088564917445183
0.060909830033779144
0.06097142770886421
0.06105897203087807
0.06118804216384888
0.06134329363703728
0.061525024473667145
0.06164927780628204
0.0616648867726326
0.06150352209806442
0.0612410306930542
0.0609714649617672
0.060847893357276917
0.06086515635251999
0.06096944585442543
0.061099663376808167
0.06119796633720398
0.06125860661268234
0.061230286955833435
0.061128824949264526
0.06096489727497101
0.060821857303380966
0.06073034554719925
0.060711272060871124
0.0607399120926857
0.0607985183596611
0.060892779380083084
0.061022840440273285
0.06120775267481804
0.06140177324414253
0.06156916543841362
0.061597514897584915
0.06145557016134262
0.06114604324102402
0.06085440516471863
0.060689326375722885
0.060712408274412155
0.060838084667921066
0.060978543013334274
0.061101607978343964
0.06113642081618309
0.0610911026597023
0.06094774603843689
0.060781288892030716
0.060633812099695206
0.060566097497940063
0.060562849044799805
0.06060381606221199
0.0606788694858551
0.060786060988903046
0.06094706803560257
0.06114354729652405
0.06136192008852959
0.06149262934923172
0.06147143989801407
0.06123485416173935
0.06090959906578064
0.06062231957912445
0.06053443253040314
0.0606045201420784
0.06075134873390198
0.0609121173620224
0.06101524829864502
0.061051420867443085
0.0609673410654068
0.060803987085819244
0.06060409918427467
0.06046902760863304
0.06040941923856735
0.06042450666427612
0.06048470363020897
0.06057485193014145
0.06071805581450462
0.06091015040874481
0.06115756556391716
0.061374686658382416
0.061494000256061554
0.06139141321182251
0.061103761196136475
0.06070910021662712
0.06046386808156967
0.060409024357795715
0.060519590973854065
0.06069633737206459
0.06084781885147095
0.060963697731494904
0.060954514890909195
0.06084898114204407
0.06064464896917343
0.060456983745098114
0.060317590832710266
0.060277584940195084
0.06030016764998436
0.060361482203006744
0.06046447530388832
0.06060614064335823
0.060821451246738434
0.06106926128268242
0.061315424740314484
0.06141355261206627
0.061306778341531754
0.060954950749874115
0.06057654321193695
0.06030651926994324
0.060283612459897995
0.06041053310036659
0.06058764457702637
0.06076329946517944
0.060841869562864304
0.06083577871322632
0.060690101236104965
0.06049313023686409
0.06028392165899277
0.060169871896505356
0.06013646349310875
0.06016993895173073
0.06024858355522156
0.06036343425512314
0.060552965849637985
0.06080113723874092
0.06111524999141693
0.0613698735833168
0.06146372854709625
0.06123976409435272
0.06083093211054802
0.060366854071617126
0.06017265096306801
0.06020691618323326
0.0603904165327549
0.060615576803684235
0.06076442822813988
0.060847509652376175
0.0607532262802124
0.0605618841946125
0.06029803305864334
0.060117579996585846
0.0600307323038578
0.06005121022462845
0.06012775003910065
0.06023358181118965
0.06039843708276749
0.06059318035840988
0.06083585321903229
0.06101800128817558
0.06107242405414581
0.06088900566101074
0.060577813535928726
0.060203101485967636
0.06001586839556694
0.05999470129609108
0.060104258358478546
0.060267817229032516
0.06040869653224945
0.0605345144867897
0.06054475158452988
0.06046473607420921
0.060267236083745956
0.060067158192396164
0.05990247055888176
0.059845149517059326
0.059855036437511444
0.05991257354617119
0.06001371145248413
0.0601508654654026
0.060366928577423096
0.06062069535255432
0.060892343521118164
0.061044737696647644
0.061001118272542953
0.06067260354757309
0.060280296951532364
0.059932611882686615
0.0598454624414444
0.059934139251708984
0.06011205166578293
0.06031954661011696
0.06045781448483467
0.060546811670064926
0.06047283858060837
0.06029994413256645
0.06003763526678085
0.05984891951084137
0.05973416194319725
0.05973094329237938
0.05978690832853317
0.059880491346120834
0.060043077915906906
0.060254957526922226
0.060568854212760925
0.06089179962873459
0.0611572191119194
0.061148013919591904
0.060881607234478
0.06035643815994263
0.059964463114738464
0.05976131558418274
0.059833452105522156
0.060020122677087784
0.06023647263646126
0.060493189841508865
0.06060328334569931
0.060651883482933044
0.06047346070408821
0.06020606309175491
0.05988121032714844
0.05971677973866463
0.05965651199221611
0.05971035361289978
0.0598280094563961
0.05997755751013756
0.06022575497627258
0.06049933284521103
0.06082313507795334
0.061019524931907654
0.06102612242102623
0.06067701801657677
0.06027456000447273
0.05982225015759468
0.05968348681926727
0.05971182882785797
0.05986686795949936
0.06010069325566292
0.060305435210466385
0.06056184321641922
0.060648176819086075
0.06063899025321007
0.06037330627441406
0.060075536370277405
0.059736255556344986
0.059609800577163696
0.059576526284217834
0.05964599922299385
0.0597837008535862
0.059941813349723816
0.06021934002637863
0.060517605394124985
0.06087176501750946
0.061040230095386505
0.06099069491028786
0.06054572016000748
0.06010883301496506
0.05967269092798233
0.059590209275484085
0.059655509889125824
0.05982789024710655
0.060085900127887726
0.06030209735035896
0.060610003769397736
0.0607084222137928
0.0607338547706604
0.060424741357564926
0.06009191647171974
0.05969078093767166
0.059562988579273224
0.05951283872127533
0.059589289128780365
0.05973348394036293
0.059888385236263275
0.0601840503513813
0.0604659765958786
0.060862407088279724
0.06107001751661301
0.06113438680768013
0.06069345772266388
0.060320112854242325
0.05973920226097107
0.05963670462369919
0.059570007026195526
0.059679217636585236
0.05985945835709572
0.06000848114490509
0.06035484001040459
0.06055357679724693
0.06095078960061073
0.06099509447813034
0.06101522594690323
0.06051446124911308
0.06029154360294342
0.059740178287029266
0.05973431468009949
0.05958814546465874
0.05962643399834633
0.05968145281076431
0.05972810834646225
0.05997801572084427
0.060252007097005844
0.06099901720881462
0.06179765984416008
0.0630096048116684
0.06343162059783936
0.06380865722894669
0.06210119277238846
0.062401123344898224
0.06063463166356087
0.0617808923125267
0.06085265800356865
0.061455436050891876
0.06103116273880005
0.06120338290929794
0.06114409863948822
0.061503853648900986
0.062127240002155304
0.06422916799783707
0.06684672087430954
0.07213032990694046
0.07297200709581375
0.0764198899269104
0.06941524147987366
0.07154806703329086
0.0668974295258522
0.0693923756480217
0.0676918476819992
0.07024620473384857
0.07156950980424881
0.07903030514717102
0.08626553416252136
0.09472391754388809
0.09085255861282349
0.08850497007369995
0.07891452312469482
0.08027724176645279
0.07830481231212616
0.08192715048789978
0.08676579594612122
0.09957334399223328
0.11277295649051666
0.11219239234924316
0.10315215587615967
0.09470123052597046
0.08896976709365845
0.08885639160871506
0.08805552124977112
0.09042147547006607
0.09956596791744232
0.11070176959037781
0.12386180460453033
0.10755152255296707
0.09279851615428925
0.08541903644800186
0.08184993267059326
0.08401086181402206
0.08554987609386444
0.09308075904846191
0.10280683636665344
0.11070823669433594
0.10092093050479889
0.0859958752989769
0.08043976873159409
0.07991132885217667
0.0839739665389061
0.08491891622543335
0.08361925184726715
0.0808512344956398
0.07560230046510696
0.07433568686246872
0.07315366715192795
0.07320152968168259
0.07337377965450287
0.07302410900592804
0.07282696664333344
0.07128793746232986
0.07030399143695831
0.06867571175098419
0.06796114146709442
0.06743715703487396
0.06718864291906357
0.06699655950069427
0.0665721669793129
0.06620462983846664
0.0655674859881401
0.06510323286056519
0.06463371962308884
0.06430830806493759
0.06407808512449265
0.06385611742734909
0.06363259255886078
0.06336051970720291
0.06308901309967041
0.0628119483590126
0.06258779764175415
0.062398627400398254
0.06223359331488609
0.06207779794931412
0.061912067234516144
0.06174681335687637
0.06158406287431717
0.061437979340553284
0.061308249831199646
0.061191242188215256
0.061079241335392
0.06096693128347397
0.06085708737373352
0.060750946402549744
0.06065352261066437
0.060564205050468445
0.06048057973384857
0.06039950251579285
0.06031990051269531
0.06024288013577461
0.06016961485147476
0.06010117754340172
0.06003659963607788
0.05997512489557266
0.059915609657764435
0.05985760688781738
0.05980176478624344
0.059748344123363495
0.05969758331775665
0.05964887887239456
0.059602025896310806
0.05955667048692703
0.0595129057765007
0.05947069451212883
0.059430114924907684
0.05939109995961189
0.05935351550579071
0.05931726098060608
0.05928211286664009
0.059247925877571106
0.059214815497398376
0.05918276309967041
0.05915173143148422
0.05912170931696892
0.0590926855802536
0.059064559638500214
0.059037186205387115
0.059010475873947144
0.058984436094760895
0.05895925685763359
0.05893470719456673
0.05891075357794762
0.05888742208480835
0.05886472016572952
0.058842554688453674
0.05882091447710991
0.05879981070756912
0.058779068291187286
0.0587589330971241
0.058739230036735535
0.05871999263763428
0.05870116874575615
0.05868275463581085
0.058664701879024506
0.0586470365524292
0.05862981826066971
0.05861293151974678
0.05859633535146713
0.05858006328344345
0.05856412649154663
0.05854840204119682
0.058533087372779846
0.058517977595329285
0.0585031621158123
0.058488596230745316
0.05847429856657982
0.0584602952003479
0.05844642594456673
0.05843287333846092
0.05841939523816109
0.0584062896668911
0.058393288403749466
0.05838043987751007
0.05836784467101097
0.05835543945431709
0.05834319442510605
0.05833124369382858
0.05831937864422798
0.05830766260623932
0.058296024799346924
0.058284591883420944
0.05827346816658974
0.05826230347156525
0.05825137719511986
0.0582406111061573
0.05822989344596863
0.05821935087442398
0.05820892006158829
0.058198634535074234
0.058188412338495255
0.05817843973636627
0.05816845968365669
0.0581587515771389
0.0581490658223629
0.05813957750797272
0.05813020095229149
0.058121051639318466
0.05811212956905365
0.0581035241484642
0.05809535086154938
0.0580877885222435
0.0580807700753212
0.05807448923587799
0.05806920677423477
0.058064091950654984
0.05805961787700653
0.05805347114801407
0.05804716795682907
0.058037787675857544
0.05802810192108154
0.05801638960838318
0.05800558626651764
0.057994499802589417
0.057984527200460434
0.057974912226200104
0.05796607583761215
0.057957351207733154
0.0579490065574646
0.0579410083591938
0.05793294683098793
0.057925064116716385
0.05791734158992767
0.05791007727384567
0.05790321156382561
0.05789725482463837
0.05789267271757126
0.057890161871910095
0.057890597730875015
0.057893384248018265
0.05789899080991745
0.057901427149772644
0.05790223181247711
0.05789165198802948
0.057877376675605774
0.05785709246993065
0.05784059315919876
0.057826459407806396
0.057817135006189346
0.05781029909849167
0.05780598521232605
0.057804398238658905
0.057806238532066345
0.05781330168247223
0.05782371386885643
0.05783841013908386
0.057845138013362885
0.0578448586165905
0.05782456696033478
0.05779900401830673
0.057769306004047394
0.05774950236082077
0.05773870646953583
0.057735979557037354
0.05773816257715225
0.05774465203285217
0.0577574297785759
0.05777065083384514
0.05778525024652481
0.057786278426647186
0.05777723714709282
0.057748936116695404
0.05771862715482712
0.057690203189849854
0.057674676179885864
0.057668112218379974
0.05766846239566803
0.0576748363673687
0.05768583342432976
0.057704534381628036
0.05772411450743675
0.057744577527046204
0.0577453151345253
0.057731740176677704
0.05769362300634384
0.057655997574329376
0.0576242096722126
0.057609960436820984
0.05760756880044937
0.057613082230091095
0.05762641131877899
0.05764355510473251
0.057667966932058334
0.05768588185310364
0.05769806355237961
0.05768464505672455
0.05765772610902786
0.057613667100667953
0.057577867060899734
0.057553552091121674
0.05754586309194565
0.05754854902625084
0.05755804106593132
0.057576097548007965
0.05759929120540619
0.057632721960544586
0.05765845999121666
0.057677723467350006
0.05766186863183975
0.057626839727163315
0.05756919085979462
0.05752416327595711
0.057498376816511154
0.05749519541859627
0.057505104690790176
0.057523105293512344
0.05755149945616722
0.057581186294555664
0.05761629343032837
0.057632673531770706
0.05763299763202667
0.05759424716234207
0.05754314735531807
0.057486481964588165
0.05745304003357887
0.05744106322526932
0.05744679272174835
0.05746445804834366
0.057489216327667236
0.057527873665094376
0.05756743252277374
0.05761035531759262
0.05762443691492081
0.057615939527750015
0.05756041780114174
0.05749518424272537
0.057431720197200775
0.0574001781642437
0.0573955774307251
0.05740993469953537
0.057437606155872345
0.05747285112738609
0.05752360820770264
0.0575687438249588
0.05761329457163811
0.0576162114739418
0.05758792906999588
0.05750947818160057
0.057432495057582855
0.05737203732132912
0.057352375239133835
0.05736202001571655
0.057388439774513245
0.05742906033992767
0.05747413635253906
0.05753133445978165
0.05757012218236923
0.057596560567617416
0.05756966769695282
0.05751478299498558
0.05742611736059189
0.057356495410203934
0.05731453374028206
0.057308778166770935
0.057325318455696106
0.057355865836143494
0.057406313717365265
0.05746588110923767
0.057546649128198624
0.05760873481631279
0.057651884853839874
0.05762165039777756
0.057550180703401566
0.057428453117609024
0.057336680591106415
0.057283997535705566
0.05728396400809288
0.05731487274169922
0.05735906958580017
0.057419806718826294
0.05747835338115692
0.05754556879401207
0.057574715465307236
0.05757422372698784
0.05750590190291405
0.05741666629910469
0.05731334537267685
0.057251982390880585
0.05722863972187042
0.057239048182964325
0.05727116018533707
0.057317689061164856
0.057393159717321396
0.05748067423701286
0.05759517848491669
0.05767776817083359
0.057722073048353195
0.057654768228530884
0.0575282908976078
0.05735631659626961
0.057250503450632095
0.05721660703420639
0.05725065618753433
0.057318657636642456
0.05739201605319977
0.05747910216450691
0.05753529071807861
0.057576850056648254
0.05754648894071579
0.05747263506054878
0.057349760085344315
0.057250991463661194
0.057178497314453125
0.05715838074684143
0.057169847190380096
0.057200878858566284
0.057257529348134995
0.05733651667833328
0.05746069550514221
0.057600922882556915
0.05776692181825638
0.05785587057471275
0.05787033960223198
0.0577101930975914
0.05750763788819313
0.05728539079427719
0.05719434469938278
0.05720123276114464
0.05727724730968475
0.05738711729645729
0.05748232454061508
0.05758388340473175
0.057609040290117264
0.05759241431951523
0.057481858879327774
0.0573541559278965
0.0572127141058445
0.05713968724012375
0.05711277946829796
0.05713104456663132
0.057178646326065063
0.057244859635829926
0.057361818850040436
0.057509806007146835
0.05771951377391815
0.05790724232792854
0.05804416537284851
0.05797884613275528
0.05778317153453827
0.05745367705821991
0.057239633053541183
0.05714930221438408
0.05720575898885727
0.057327888906002045
0.05745471641421318
0.057598598301410675
0.057649992406368256
0.057669974863529205
0.05756142735481262
0.05741775035858154
0.05723672732710838
0.057130616158246994
0.05707574635744095
0.05708389729261398
0.05712691321969032
0.05719294771552086
0.05731486156582832
0.05747233331203461
0.057718027383089066
0.05796268954873085
0.058175962418317795
0.058167438954114914
0.05799535661935806
0.057594262063503265
0.0573108084499836
0.057136017829179764
0.05716857314109802
0.05729378014802933
0.057439450174570084
0.05761873349547386
0.057699304074048996
0.057759471237659454
0.057657986879348755
0.05751021206378937
0.057289961725473404
0.05715310573577881
0.057062216103076935
0.057058025151491165
0.05708618089556694
0.05714358389377594
0.05725701525807381
0.05739777907729149
0.057657938450574875
0.05795791372656822
0.05829969048500061
0.05845194309949875
0.05839410796761513
0.05793209373950958
0.057551514357328415
0.05719457194209099
0.05717267841100693
0.057261545211076736
0.05741472542285919
0.05762059986591339
0.057728998363018036
0.05788537859916687
0.057805534452199936
0.05775400996208191
0.05752560496330261
0.057370346039533615
0.05718045309185982
0.05712917447090149
0.05706671625375748
0.05706595629453659
0.05708189308643341
0.05710909888148308
0.05722157284617424
0.05739545077085495
0.057811543345451355
0.05841890722513199
0.05928809568285942
0.059962306171655655
0.060317546129226685
0.05953456833958626
0.05900532379746437
0.057819996029138565
0.058195922523736954
0.05779799446463585
0.05820009484887123
0.057926662266254425
0.05791367217898369
0.05787684768438339
0.05779125168919563
0.057891570031642914
0.05778282508254051
0.058077290654182434
0.05841295048594475
0.05969903990626335
0.061304278671741486
0.06437141448259354
0.06510944664478302
0.0678434744477272
0.06320305168628693
0.06570957601070404
0.06165679171681404
0.06419946998357773
0.062375910580158234
0.06351254135370255
0.06281822919845581
0.06388868391513824
0.06477842479944229
0.06902411580085754
0.07395798712968826
0.0825011134147644
0.08083049952983856
0.08255548775196075
0.07066771388053894
0.07317422330379486
0.06878302991390228
0.0708175078034401
0.0692671462893486
0.07161806523799896
0.07476235926151276
0.08843396604061127
0.10460805147886276
0.11565032601356506
0.10684055089950562
0.09940393269062042
0.09162992238998413
0.09631237387657166
0.10333584249019623
0.12033143639564514
0.15703389048576355
0.15841016173362732
0.1934332251548767
0.155055969953537
0.18867206573486328
0.16993112862110138
0.2251194566488266
0.19862115383148193
0.26137518882751465
0.1913900375366211
0.21167020499706268
0.16612856090068817
0.1680002212524414
0.14784330129623413
0.14921167492866516
0.13857096433639526
0.14975489675998688
0.1488669365644455
0.17389342188835144
0.15033602714538574
0.13783490657806396
0.1118934154510498
0.10717281699180603
0.11428623646497726
0.11341127753257751
0.11405202001333237
0.10343287885189056
0.09575638175010681
0.09163621068000793
0.09065141528844833
0.09156136214733124
0.08973108232021332
0.08715398609638214
0.08361831307411194
0.08096838742494583
0.07999718189239502
0.07940499484539032
0.07884851843118668
0.07774798572063446
0.0761689841747284
0.07478292286396027
0.07372193038463593
0.07309915125370026
0.0725945383310318
0.07199742645025253
0.0712302029132843
0.07039240002632141
0.0697135478258133
0.06919447332620621
0.0687750056385994
0.06833633035421371
0.06783066689968109
0.06731812655925751
0.06686301529407501
0.06649582833051682
0.06616943329572678
0.06583179533481598
0.06547512859106064
0.06513264775276184
0.06483606994152069
0.06457321345806122
0.06431806087493896
0.06405531615018845
0.06379952281713486
0.06356777995824814
0.06335794925689697
0.06315770000219345
0.06295690685510635
0.0627608448266983
0.06257889419794083
0.06241171807050705
0.06225243955850601
0.06209467351436615
0.06194144859910011
0.06179754063487053
0.06166289746761322
0.061533741652965546
0.061407096683979034
0.06128466874361038
0.0611686185002327
0.061058636754751205
0.06095277518033981
0.06084946170449257
0.060749463737010956
0.06065414100885391
0.060562875121831894
0.060474496334791183
0.060388434678316116
0.06030522286891937
0.06022542715072632
0.060148533433675766
0.0600740984082222
0.060001567006111145
0.059931494295597076
0.05986379086971283
0.05979810282588005
0.059734441339969635
0.059672653675079346
0.05961260572075844
0.05955442041158676
0.05949809029698372
0.05944329872727394
0.059389904141426086
0.05933793634176254
0.0592874176800251
0.05923811346292496
0.05919014662504196
0.05914337560534477
0.059097770601511
0.05905337631702423
0.059010036289691925
0.058967746794223785
0.05892647057771683
0.05888616666197777
0.0588468536734581
0.05880840867757797
0.05877084285020828
0.058734096586704254
0.05869806557893753
0.05866292119026184
0.05862855911254883
0.05859498679637909
0.0585620179772377
0.05852977931499481
0.05849815905094147
0.058467213064432144
0.05843681842088699
0.058407012373209
0.05837782472372055
0.058349188417196274
0.058321043848991394
0.05829344689846039
0.05826639384031296
0.058239858597517014
0.058213818818330765
0.05818824842572212
0.058163080364465714
0.05813833326101303
0.05811403691768646
0.058090124279260635
0.05806666612625122
0.058043550699949265
0.058020804077386856
0.057998545467853546
0.05797654390335083
0.05795495957136154
0.057933710515499115
0.05791276693344116
0.057892147451639175
0.057871922850608826
0.05785201117396355
0.05783236399292946
0.05781305581331253
0.05779406428337097
0.057775333523750305
0.057756826281547546
0.05773872509598732
0.057720862329006195
0.05770329758524895
0.057685934007167816
0.057668767869472504
0.05765194073319435
0.0576353557407856
0.057618990540504456
0.05760279670357704
0.05758683755993843
0.057571154087781906
0.0575556717813015
0.057540372014045715
0.05752524361014366
0.05751032382249832
0.05749563127756119
0.0574810691177845
0.05746673047542572
0.057452552020549774
0.05743855983018875
0.057424742728471756
0.05741109699010849
0.05739763751626015
0.057384319603443146
0.057371217757463455
0.057358238846063614
0.05734533071517944
0.05733262374997139
0.05732005834579468
0.057307612150907516
0.05729535222053528
0.057283200323581696
0.05727116018533707
0.057259246706962585
0.05724748969078064
0.057235825806856155
0.05722423642873764
0.057212892919778824
0.05720152705907822
0.057190366089344025
0.05717931315302849
0.057168278843164444
0.0571574941277504
0.05714670568704605
0.05713610351085663
0.05712560936808586
0.05711523815989494
0.05710490047931671
0.05709470808506012
0.0570845901966095
0.05707460269331932
0.05706470459699631
0.057054802775382996
0.05704505741596222
0.057035405188798904
0.05702580511569977
0.05701630935072899
0.05700690299272537
0.05699749290943146
0.056988321244716644
0.05697913467884064
0.056970007717609406
0.056960977613925934
0.0569520927965641
0.05694316700100899
0.05693437159061432
0.05692564696073532
0.0569169782102108
0.05690835416316986
0.05689986050128937
0.056891366839408875
0.056882914155721664
0.0568745881319046
0.0568663626909256
0.056858137249946594
0.05685002729296684
0.05684199556708336
0.05683395639061928
0.056826066225767136
0.05681818723678589
0.056810297071933746
0.05680254101753235
0.05679488182067871
0.0567871630191803
0.05677958205342293
0.05677203834056854
0.05676460638642311
0.0567571297287941
0.05674981325864792
0.05674246698617935
0.056735165417194366
0.056727904826402664
0.05672068148851395
0.05671359598636627
0.05670652911067009
0.05669949948787689
0.05669255927205086
0.056685611605644226
0.056678760796785355
0.056671932339668274
0.056665170937776566
0.056658532470464706
0.056651853024959564
0.056645188480615616
0.05663863569498062
0.05663207545876503
0.05662563443183899
0.056619204580783844
0.05661280080676079
0.05660655349493027
0.05660019814968109
0.05659400671720505
0.056587837636470795
0.05658172816038132
0.056575655937194824
0.05656963214278221
0.05656374990940094
0.056557998061180115
0.05655231699347496
0.056546650826931
0.05654110759496689
0.05653564631938934
0.056530240923166275
0.05652477219700813
0.05651935562491417
0.05651376396417618
0.05650830268859863
0.056502632796764374
0.05649711191654205
0.05649126321077347
0.056485746055841446
0.056480105966329575
0.05647466331720352
0.05646902695298195
0.056463684886693954
0.056458260864019394
0.056453004479408264
0.05644774064421654
0.05644276738166809
0.056437645107507706
0.056432776153087616
0.05642778053879738
0.05642301216721535
0.05641810595989227
0.05641334876418114
0.056408315896987915
0.0564035028219223
0.05639844760298729
0.056393735110759735
0.05638852342963219
0.05638379603624344
0.05637862905859947
0.056373823434114456
0.05636865645647049
0.056363895535469055
0.05635885149240494
0.0563543364405632
0.05634959414601326
0.05634528398513794
0.0563407801091671
0.056336723268032074
0.05633232370018959
0.05632844194769859
0.056324124336242676
0.05632014200091362
0.0563155859708786
0.05631139129400253
0.05630641430616379
0.05630190670490265
0.05629671365022659
0.05629216134548187
0.056287046521902084
0.056282468140125275
0.05627764016389847
0.05627328157424927
0.05626872926950455
0.0562649741768837
0.05626099556684494
0.05625799298286438
0.0562548004090786
0.056252580136060715
0.05624967813491821
0.056247320026159286
0.05624357610940933
0.056240033358335495
0.05623452737927437
0.05622972175478935
0.056223370134830475
0.05621762573719025
0.056211329996585846
0.05620604380965233
0.056200575083494186
0.05619608610868454
0.05619168281555176
0.05618804693222046
0.05618502199649811
0.05618336796760559
0.05618256330490112
0.05618389695882797
0.05618522688746452
0.05618765577673912
0.05618714168667793
0.05618514120578766
0.056177105754613876
0.05616819113492966
0.05615662783384323
0.056147314608097076
0.05613888055086136
0.056132737547159195
0.056127484887838364
0.056123122572898865
0.056119538843631744
0.056117065250873566
0.05611666291952133
0.05611925572156906
0.056126587092876434
0.05613737553358078
0.056153248995542526
0.056163378059864044
0.0561685711145401
0.0561545267701149
0.0561349093914032
0.056109316647052765
0.056092679500579834
0.05608396977186203
0.056082721799612045
0.0560862198472023
0.05609317123889923
0.056105077266693115
0.05611727386713028
0.05613110959529877
0.056133851408958435
0.05612920969724655
0.056107450276613235
0.0560838021337986
0.056060075759887695
0.056046873331069946
0.0560416616499424
0.05604282021522522
0.05604894459247589
0.056059204041957855
0.05607697367668152
0.05609529837965965
0.05611594021320343
0.05612073093652725
0.05611417815089226
0.05608402565121651
0.056051433086395264
0.0560220368206501
0.05600912123918533
0.05600767210125923
0.056014254689216614
0.05602766200900078
0.056043822318315506
0.056066785007715225
0.05608396604657173
0.05609732121229172
0.05608629807829857
0.056062839925289154
0.05602424964308739
0.05599384754896164
0.055974144488573074
0.05596936121582985
0.055973395705223083
0.05598311498761177
0.05600062757730484
0.0560210682451725
0.05604939162731171
0.05606921389698982
0.056083858013153076
0.05607040598988533
0.056043028831481934
0.05599692091345787
0.05596180632710457
0.055939383804798126
0.05593481287360191
0.055941540747880936
0.05595492571592331
0.05597719922661781
0.05600304156541824
0.05603647977113724
0.05605757609009743
0.056068792939186096
0.056045450270175934
0.05600731074810028
0.05595523491501808
0.05591961741447449
0.05590271204710007
0.05590489134192467
0.05591832473874092
0.05593818426132202
0.055968932807445526
0.05600058287382126
0.05603820085525513
0.056055307388305664
0.05605802685022354
0.05602124333381653
0.05597299709916115
0.05591708421707153
0.05588384345173836
0.055871181190013885
0.05587638169527054
0.05589292198419571
0.055915478616952896
0.055950358510017395
0.05598555877804756
0.05602581426501274
0.05604195222258568
0.056039709597826004
0.05599435046315193
0.05593975633382797
0.05588105693459511
0.055848900228738785
0.05584033951163292
0.05585010349750519
0.05587213113903999
0.055901460349559784
0.0559457503259182
0.055989474058151245
0.05604013800621033
0.056059956550598145
0.05605802312493324
0.056000497192144394
0.055930398404598236
0.05585817992687225
0.055823564529418945
0.055819977074861526
0.055838871747255325
0.05587261915206909
0.055911749601364136
0.05596782639622688
0.05601715296506882
0.056065768003463745
0.05606807768344879
0.05604016035795212
0.05595987290143967
0.05588321015238762
0.05581839010119438
0.05579644814133644
0.05580452084541321
0.05583003908395767
0.05587035045027733
0.055915430188179016
0.055975865572690964
0.05602312833070755
0.05606421083211899
0.05605277419090271
0.05601049214601517
0.05592120811343193
0.05584203079342842
0.05578291788697243
0.05576718971133232
0.055779896676540375
0.05580877512693405
0.05585438758134842
0.05590583011507988
0.05597610026597977
0.05603250116109848
0.056081585586071014
0.05607021972537041
0.056025225669145584
0.05592323839664459
0.055833689868450165
0.05576503276824951
0.055746275931596756
0.05576030910015106
0.055792465806007385
0.05584253370761871
0.055897537618875504
0.05597376078367233
0.05603650212287903
0.056093811988830566
0.05608591437339783
0.05603973567485809
0.05592808872461319
0.055826034396886826
0.055746983736753464
0.055725328624248505
0.05574283376336098
0.05578216165304184
0.05584122613072395
0.055907443165779114
0.05599813535809517
0.05607065185904503
0.05613557994365692
0.05612301081418991
0.05605635046958923
0.055921465158462524
0.05580568313598633
0.055723775178194046
0.05570942908525467
0.055736932903528214
0.05578525364398956
0.055854879319667816
0.05592554062604904
0.05601268261671066
0.0560678206384182
0.05610019341111183
0.05605022981762886
0.055966198444366455
0.05583461374044418
0.055741239339113235
0.055685341358184814
0.055681340396404266
0.055707767605781555
0.05575128644704819
0.05582014471292496
0.055901460349559784
0.05601593479514122
0.05611703544855118
0.05620581656694412
0.05619465559720993
0.05611865222454071
0.055946361273527145
0.05579933524131775
0.05569542944431305
0.055681705474853516
0.05572208762168884
0.055787812918424606
0.055879365652799606
0.05596417933702469
0.056063514202833176
0.05610973387956619
0.056117136031389236
0.05602826550602913
0.05591350048780441
0.05576866492629051
0.055682793259620667
0.05564349144697189
0.05565456673502922
0.055695608258247375
0.05575331300497055
0.05585186555981636
0.05597066506743431
0.05613779276609421
0.056279994547367096
0.05639515817165375
0.056358702480793
0.0562376007437706
0.05599147826433182
0.055811330676078796
0.05568845570087433
0.055687472224235535
0.05574759468436241
0.05583195388317108
0.0559488907456398
0.05604105070233345
0.05615491420030594
0.05619300901889801
0.05619202181696892
0.05607733130455017
0.05594561994075775
0.05577349662780762
0.05568121746182442
0.05563587695360184
0.055647555738687515
0.055694714188575745
0.0557573176920414
0.05587029457092285
0.05600910261273384
0.05621509253978729
0.056402094662189484
0.056572094559669495
0.05655006319284439
0.0564209520816803
0.05609544366598129
0.055859580636024475
0.05569509416818619
0.05570227652788162
0.05578550323843956
0.055899620056152344
0.056054264307022095
0.05614998936653137
0.05625849962234497
0.05624520033597946
0.05619213357567787
0.0560181587934494
0.05587161332368851
0.05571204051375389
0.055651117116212845
0.05562359094619751
0.055640608072280884
0.055690303444862366
0.055753886699676514
0.0558953732252121
0.05608551576733589
0.05640450492501259
0.05674566328525543
0.05708950385451317
0.05714275687932968
0.05701331049203873
0.056476663798093796
0.05611739307641983
0.055802762508392334
0.05582781881093979
0.05591988191008568
0.05606309324502945
0.05628523975610733
0.05638652294874191
0.0566001795232296
0.0565548911690712
0.05658166855573654
0.05635330080986023
0.05620022490620613
0.055941857397556305
0.05587732419371605
0.05576249212026596
0.055758386850357056
0.05575743317604065
0.0557655468583107
0.055837482213974
0.05592111870646477
0.056182362139225006
0.05656656250357628
0.05727005377411842
0.05801260098814964
0.05884125083684921
0.0587751604616642
0.058647774159908295
0.05720938369631767
0.057384029030799866
0.05646089091897011
0.057299986481666565
0.056732140481472015
0.05718177556991577
0.05680328235030174
0.057176582515239716
0.057320769876241684
0.05849456042051315
0.05957193672657013
0.06289566308259964
0.0635472983121872
0.06839007139205933
0.06395207345485687
0.06709101796150208
0.061780840158462524
0.06428880989551544
0.061875589191913605
0.0632227212190628
0.06219673901796341
0.06267472356557846
0.062405094504356384
0.0633486658334732
0.06430057436227798
0.06795801967382431
0.07006055861711502
0.07523077726364136
0.07052913308143616
0.07224009931087494
0.06428033858537674
0.06639153510332108
0.06382867693901062
0.06457840651273727
0.06354591250419617
0.06330810487270355
0.0628027468919754
0.06232399865984917
0.06188467890024185
0.06136096268892288
0.060970667749643326
0.06063249707221985
0.060364846140146255
0.0607481524348259
0.06163576617836952
0.06580391526222229
0.07082314044237137
0.08246345818042755
0.08067850023508072
0.0827903151512146
0.06786838173866272
0.07016073167324066
0.06708811968564987
0.06852598488330841
0.06825664639472961
0.06840614229440689
0.07099859416484833
0.07280153781175613
0.08117552846670151
0.08139385282993317
0.08533252775669098
0.0748482495546341
0.07298259437084198
0.06829264014959335
0.06960581243038177
0.06845799088478088
0.06817896664142609
0.06884805858135223
0.06838391721248627
0.07213043421506882
0.07076063752174377
0.07540896534919739
0.07176665216684341
0.07207177579402924
0.06684818118810654
0.06677426397800446
0.06460714340209961
0.06511469185352325
0.0640420913696289
0.0635082796216011
0.06344301998615265
0.06270627677440643
0.06351473927497864
0.06275733560323715
0.06468752771615982
0.06454667448997498
0.06749016791582108
0.06588373333215714
0.06668512523174286
0.0623396672308445
0.06297855079174042
0.06121239811182022
0.061499930918216705
0.061069555580616
0.06065865978598595
0.06099831685423851
0.06036989390850067
0.0607469379901886
0.06015350669622421
0.06057322770357132
0.060232751071453094
0.06046479195356369
0.05972924083471298
0.05972295626997948
0.058856770396232605
0.05881401151418686
0.058349549770355225
0.05823202431201935
0.05811131000518799
0.057949140667915344
0.05789128690958023
0.057738274335861206
0.057686008512973785
0.057562969624996185
0.05751940608024597
0.05739918723702431
0.057352639734745026
0.05720709264278412
0.05712096020579338
0.056957997381687164
0.05684879422187805
0.056726064532995224
0.05663822591304779
0.05656345561146736
0.0565049946308136
0.05645591765642166
0.056408561766147614
0.056372907012701035
0.056330569088459015
0.056302379816770554
0.05626525729894638
0.05623629316687584
0.056193843483924866
0.056151822209358215
0.05609315261244774
0.05603737384080887
0.05597662553191185
0.05592544376850128
0.05587989091873169
0.055844273418188095
0.05581466853618622
0.055789683014154434
0.05576937645673752
0.05575256049633026
0.055742569267749786
0.05573813617229462
0.05574486404657364
0.05575632303953171
0.05577398091554642
0.0557805597782135
0.055773552507162094
0.05573404207825661
0.05567672476172447
0.05560734495520592
0.055552609264850616
0.055519625544548035
0.055508729070425034
0.05551128834486008
0.055520668625831604
0.05553608387708664
0.055550139397382736
0.055564410984516144
0.05556411296129227
0.05554967001080513
0.055511876940727234
0.05546491593122482
0.05541586875915527
0.05538047105073929
0.05536004900932312
0.05535311996936798
0.05535528436303139
0.05536431819200516
0.05538403242826462
0.05541209131479263
0.05545179545879364
0.05548877641558647
0.055518027395009995
0.055510587990283966
0.05546855926513672
0.05539122223854065
0.05531878024339676
0.05527263879776001
0.055263735353946686
0.05527917295694351
0.05530622601509094
0.05534036085009575
0.055369459092617035
0.055394355207681656
0.05539491027593613
0.0553738996386528
0.05532508343458176
0.05527007579803467
0.05522096902132034
0.055193040519952774
0.05518379434943199
0.05518878623843193
0.0552046112716198
0.05523071438074112
0.05527373403310776
0.05532849207520485
0.055395953357219696
0.055445533245801926
0.05546484887599945
0.05541982129216194
0.05533428117632866
0.05522990971803665
0.05516385659575462
0.05514557287096977
0.05516690015792847
0.055208969861269
0.05525579676032066
0.055305514484643936
0.05533577874302864
0.055347830057144165
0.05531909689307213
0.055264655500650406
0.05519140884280205
0.05513198301196098
0.0550960972905159
0.055088698863983154
0.05509994179010391
0.05512405186891556
0.05516452714800835
0.05521984398365021
0.05529938265681267
0.055380452424287796
