# lbfgs, lr=0.8, alpha = 1000000, beta = 0.1
# best_iter: 99, best_loss = 0.17523860931396484, imsave period = 10
9.475364685058594
1.494909644126892
0.6077814102172852
0.44086718559265137
0.36619701981544495
0.32171565294265747
0.29613393545150757
0.2768649458885193
0.2619937062263489
0.25129032135009766
0.24310126900672913
0.23588579893112183
0.23002827167510986
0.22575698792934418
0.22141337394714355
0.21782085299491882
0.21447443962097168
0.2114739567041397
0.2090822458267212
0.20654918253421783
0.20435698330402374
0.20245793461799622
0.20075464248657227
0.19909214973449707
0.19755999743938446
0.19634315371513367
0.1951577365398407
0.19408389925956726
0.19315862655639648
0.1922384649515152
0.19138392806053162
0.1906968653202057
0.1899356245994568
0.18928465247154236
0.18865233659744263
0.188065767288208
0.18752239644527435
0.18698075413703918
0.1864500343799591
0.18598952889442444
0.18555010855197906
0.18514086306095123
0.18475057184696198
0.1843733936548233
0.18401020765304565
0.1836499124765396
0.18331119418144226
0.18298941850662231
0.18265706300735474
0.18236853182315826
0.18208223581314087
0.18181118369102478
0.18154120445251465
0.18128898739814758
0.18104702234268188
0.18081499636173248
0.1805906742811203
0.18038128316402435
0.18018004298210144
0.17998765408992767
0.17980319261550903
0.17960399389266968
0.1794247180223465
0.1792454868555069
0.1790776252746582
0.17891326546669006
0.17874810099601746
0.17863428592681885
0.1784656047821045
0.17831292748451233
0.17817486822605133
0.1780364215373993
0.17790421843528748
0.17776484787464142
0.17763079702854156
0.17750893533229828
0.17737150192260742
0.17725487053394318
0.17734350264072418
0.17707574367523193
0.17694446444511414
0.17683348059654236
0.17672526836395264
0.17661163210868835
0.1765046864748001
0.1764039397239685
0.17629952728748322
0.176201730966568
0.17611229419708252
0.17635972797870636
0.17595478892326355
0.17588751018047333
0.17578521370887756
0.1757189929485321
0.17570385336875916
0.17553280293941498
0.1755138784646988
0.17577260732650757
0.17536437511444092
0.17523860931396484
