# lbfgs, lr=0.8, alpha = 1000000, beta = 0.1
# best_iter: 98, best_loss = 0.16430069506168365, imsave period = 10
10.593668937683105
2.196516513824463
0.8208698630332947
0.614218533039093
0.5097945928573608
0.4535488188266754
0.40737384557724
0.3691485822200775
0.33995795249938965
0.31475830078125
0.2905856668949127
0.27141743898391724
0.25532448291778564
0.24014487862586975
0.22963449358940125
0.2182413637638092
0.21007123589515686
0.20390509068965912
0.198909193277359
0.19512328505516052
0.19197869300842285
0.1894887387752533
0.1874922215938568
0.18580320477485657
0.18442219495773315
0.18310077488422394
0.1819625049829483
0.1808815896511078
0.17996230721473694
0.17906107008457184
0.17828863859176636
0.17756442725658417
0.17690618336200714
0.17629474401474
0.1757083535194397
0.17518103122711182
0.1746867597103119
0.17418824136257172
0.17372916638851166
0.17330288887023926
0.17289838194847107
0.17252428829669952
0.1721670925617218
0.17183205485343933
0.1715107411146164
0.17120960354804993
0.17091847956180573
0.1706404834985733
0.17039614915847778
0.17014318704605103
0.16989746689796448
0.1696760505437851
0.16946253180503845
0.16924609243869781
0.16904211044311523
0.16884449124336243
0.16866327822208405
0.16848278045654297
0.1683058738708496
0.16814769804477692
0.16798976063728333
0.16783234477043152
0.16768355667591095
0.16753578186035156
0.16740459203720093
0.16726228594779968
0.16712912917137146
0.1670028567314148
0.16687306761741638
0.16675354540348053
0.16664059460163116
0.16652560234069824
0.1664138287305832
0.16630202531814575
0.16618849337100983
0.16608083248138428
0.16598215699195862
0.16588273644447327
0.1657855212688446
0.16569137573242188
0.16560021042823792
0.16551005840301514
0.16542956233024597
0.16534200310707092
0.16526082158088684
0.16518208384513855
0.1651034653186798
0.16504797339439392
0.16497114300727844
0.1648951768875122
0.164824441075325
0.1647515892982483
0.16468647122383118
0.16461952030658722
0.16454921662807465
0.1644851267337799
0.1644243746995926
0.16436362266540527
0.16430069506168365
0.16439980268478394
